0.000	575.000	-115.600	0.000
1.000	574.980	21.100	0.293
2.000	574.960	-43.700	6.584
3.000	574.940	-69.200	12.871
4.000	574.920	-82.100	19.148
5.000	574.900	-142.700	25.439
6.000	574.880	-140.800	31.752
7.000	574.860	-20.600	38.049
8.000	574.840	21.700	44.345
9.000	574.820	10.200	50.647
10.000	574.800	-28.300	56.936
11.000	574.780	-49.200	63.237
12.000	574.760	-70.500	69.535
13.000	574.740	-143.300	75.915
14.000	574.720	-84.800	82.196
15.000	574.700	-156.800	88.477
16.000	574.680	-107.400	94.757
17.000	574.660	-92.400	101.054
18.000	574.640	-27.300	107.355
19.000	574.620	-62.100	113.659
20.000	574.600	-33.800	119.949
21.000	574.580	-30.000	126.249
22.000	574.560	-44.700	132.552
23.000	574.540	-97.000	138.845
24.000	574.520	-57.000	145.162
25.000	574.500	-91.200	151.444
26.000	574.480	-58.100	157.744
27.000	574.460	-72.700	164.062
28.000	574.440	-59.700	170.361
29.000	574.420	-61.800	176.661
30.000	574.400	-70.800	182.957
31.000	574.380	-75.900	189.256
32.000	574.360	-48.400	195.555
33.000	574.340	-51.600	201.849
34.000	574.320	-57.500	208.147
35.000	574.300	-32.700	214.443
36.000	574.280	-47.600	220.745
37.000	574.260	-79.800	227.065
38.000	574.240	-140.000	233.350
39.000	574.220	-76.500	239.654
40.000	574.200	-37.100	245.957
41.000	574.180	-17.900	252.260
42.000	574.160	-13.100	258.563
43.000	574.140	-61.800	264.867
44.000	574.120	-77.200	271.169
45.000	574.100	-89.000	277.468
46.000	574.080	-95.300	283.754
47.000	574.060	-41.400	290.059
48.000	574.040	-81.700	296.363
49.000	574.020	-43.000	302.668
50.000	574.000	-61.000	308.973
51.000	573.980	-61.300	315.253
52.000	573.960	-40.300	321.556
53.000	573.940	-57.000	327.852
54.000	573.920	-48.700	334.149
55.000	573.900	-6.400	340.558
56.000	573.880	-54.600	346.804
57.000	573.860	-56.500	353.085
58.000	573.840	-75.300	359.365
59.000	573.820	-69.900	365.664
60.000	573.800	-50.700	371.964
61.000	573.780	-4.800	378.264
62.000	573.760	1.600	384.569
63.000	573.740	-9.500	390.870
64.000	573.720	12.600	397.167
65.000	573.700	57.300	403.474
66.000	573.680	21.400	409.757
67.000	573.660	26.800	416.062
68.000	573.640	11.700	422.365
69.000	573.620	-79.100	428.663
70.000	573.600	-14.300	434.963
71.000	573.580	-45.300	441.261
72.000	573.560	-42.200	447.566
73.000	573.540	-55.700	453.863
74.000	573.520	-43.100	460.161
75.000	573.500	-41.800	466.463
76.000	573.480	-39.200	472.759
77.000	573.460	-15.900	479.060
78.000	573.440	10.700	485.362
79.000	573.420	23.500	491.661
80.000	573.400	17.000	497.958
81.000	573.380	-21.800	504.256
82.000	573.360	-90.500	510.554
83.000	573.340	-45.300	516.833
84.000	573.320	-61.700	523.214
85.000	573.300	-53.100	529.489
86.000	573.280	-8.100	535.771
87.000	573.260	12.300	542.074
88.000	573.240	6.900	548.375
89.000	573.220	-56.600	554.674
90.000	573.200	-2.500	560.971
91.000	573.180	-24.000	567.272
92.000	573.160	-32.800	573.570
93.000	573.140	-64.700	579.867
94.000	573.120	-56.900	586.164
95.000	573.100	-23.600	592.465
96.000	573.080	-4.300	598.765
97.000	573.060	10.700	605.067
98.000	573.040	-14.700	611.368
99.000	573.020	-18.100	617.673
100.000	573.000	-57.400	623.969
101.000	572.980	-67.800	630.267
102.000	572.960	-76.400	636.567
103.000	572.940	-67.300	642.866
104.000	572.920	-59.400	649.168
105.000	572.900	-108.600	655.473
106.000	572.880	-76.700	661.777
107.000	572.860	2.700	668.080
108.000	572.840	-4.300	674.385
109.000	572.820	3.600	680.668
110.000	572.800	10.800	686.963
111.000	572.780	-5.800	693.284
112.000	572.760	-65.000	699.566
113.000	572.740	-62.300	705.864
114.000	572.720	-52.400	712.186
115.000	572.700	-46.700	718.468
116.000	572.680	-101.000	724.769
117.000	572.660	-41.400	731.073
118.000	572.640	-36.200	737.374
119.000	572.620	-19.800	743.678
120.000	572.600	-40.100	749.979
121.000	572.580	-81.800	756.281
122.000	572.560	-71.100	762.583
123.000	572.540	-42.600	768.887
124.000	572.520	-19.900	775.189
125.000	572.500	-5.700	781.475
126.000	572.480	-49.900	787.776
127.000	572.460	-36.000	794.078
128.000	572.440	-43.100	800.382
129.000	572.420	-28.100	806.686
130.000	572.400	6.900	812.989
131.000	572.380	-26.000	819.272
132.000	572.360	-12.000	825.573
133.000	572.340	-68.900	831.877
134.000	572.320	-92.400	838.180
135.000	572.300	-55.400	844.484
136.000	572.280	-63.300	850.787
137.000	572.260	-62.700	857.088
138.000	572.240	-51.500	863.388
139.000	572.220	11.200	869.694
140.000	572.200	19.800	875.989
141.000	572.180	35.300	882.292
142.000	572.160	14.200	888.579
143.000	572.140	-5.400	894.881
144.000	572.120	-35.300	901.185
145.000	572.100	-61.100	907.487
146.000	572.080	-65.700	913.789
147.000	572.060	-70.600	920.091
148.000	572.040	-37.700	926.391
149.000	572.020	0.600	932.692
150.000	572.000	46.600	938.995
151.000	571.980	-19.400	945.279
152.000	571.960	65.100	951.585
153.000	571.940	8.200	957.886
154.000	571.920	1.000	964.186
155.000	571.900	-15.200	970.484
156.000	571.880	-21.500	976.788
157.000	571.860	1.400	983.084
158.000	571.840	-19.300	989.385
159.000	571.820	-51.400	995.688
160.000	571.800	-54.100	1001.986
161.000	571.780	-72.500	1008.291
162.000	571.760	-9.600	1014.597
163.000	571.740	0.800	1020.899
164.000	571.720	0.100	1027.183
165.000	571.700	-15.500	1033.483
166.000	571.680	-0.400	1039.787
167.000	571.660	-36.900	1046.087
168.000	571.640	-39.900	1052.390
169.000	571.620	31.700	1058.693
170.000	571.600	3.000	1064.994
171.000	571.580	-5.700	1071.295
172.000	571.560	-56.500	1077.599
173.000	571.540	8.100	1083.900
174.000	571.520	-2.400	1090.200
175.000	571.500	-17.300	1096.457
176.000	571.480	-15.700	1102.738
177.000	571.460	-4.000	1109.118
178.000	571.440	-392.200	1115.399
179.000	571.420	-1022.600	1121.697
180.000	571.400	-477.600	1127.995
181.000	571.380	-183.800	1134.293
182.000	571.360	-148.700	1140.595
183.000	571.340	-98.000	1146.898
184.000	571.320	-22.300	1153.200
185.000	571.300	-3.600	1159.502
186.000	571.280	3.200	1165.804
187.000	571.260	-10.600	1172.086
188.000	571.240	0.800	1178.387
189.000	571.220	-14.000	1184.690
190.000	571.200	16.400	1190.994
191.000	571.180	-5.500	1197.300
192.000	571.160	-21.400	1203.607
193.000	571.140	-15.300	1209.893
194.000	571.120	-62.200	1216.198
195.000	571.100	-19.100	1222.498
196.000	571.080	0.800	1228.797
197.000	571.060	-40.300	1235.097
198.000	571.040	-62.400	1241.395
199.000	571.020	-32.800	1247.694
200.000	571.000	-30.300	1253.992
201.000	570.980	-72.900	1260.290
202.000	570.960	-49.500	1266.589
203.000	570.940	-4.900	1272.888
204.000	570.920	-55.000	1279.204
205.000	570.900	-68.700	1285.504
206.000	570.880	-24.100	1291.804
207.000	570.860	-58.000	1298.101
208.000	570.840	-28.400	1304.399
209.000	570.820	-37.500	1310.697
210.000	570.800	-12.700	1316.999
211.000	570.780	6.600	1323.302
212.000	570.760	-28.300	1329.602
213.000	570.740	-15.200	1335.904
214.000	570.720	-10.400	1342.206
215.000	570.700	-3.800	1348.504
216.000	570.680	-33.200	1354.804
217.000	570.660	-44.000	1361.102
218.000	570.640	-44.100	1367.398
219.000	570.620	-2.800	1373.700
220.000	570.600	-41.800	1380.001
221.000	570.580	-77.900	1386.301
222.000	570.560	-94.600	1392.600
223.000	570.540	-53.500	1398.900
224.000	570.520	-72.500	1405.199
225.000	570.500	-56.800	1411.498
226.000	570.480	-20.400	1417.795
227.000	570.460	-17.500	1424.094
228.000	570.440	-3.500	1430.412
229.000	570.420	-0.300	1436.711
230.000	570.400	35.600	1443.007
231.000	570.380	8.900	1449.305
232.000	570.360	-29.100	1455.603
233.000	570.340	-18.700	1461.900
234.000	570.320	6.800	1468.197
235.000	570.300	-42.000	1474.494
236.000	570.280	18.100	1480.808
237.000	570.260	7.600	1487.109
238.000	570.240	-7.200	1493.408
239.000	570.220	-13.500	1499.709
240.000	570.200	-6.200	1506.010
241.000	570.180	15.900	1512.309
242.000	570.160	13.700	1518.606
243.000	570.140	-20.800	1524.905
244.000	570.120	-47.900	1531.203
245.000	570.100	-10.200	1537.500
246.000	570.080	-26.500	1543.817
247.000	570.060	-40.300	1550.119
248.000	570.040	-69.800	1556.401
249.000	570.020	-171.800	1562.699
250.000	570.000	-865.200	1569.017
251.000	569.980	0.000	1575.319
