2.845000000000000000e+02 1.427200000000000045e+03
2.844950000000000045e+02 1.171000000000000000e+03
2.844900000000000091e+02 1.275599999999999909e+03
2.844850000000000136e+02 1.174799999999999955e+03
2.844800000000000182e+02 1.048599999999999909e+03
2.844750000000000227e+02 1.123200000000000045e+03
2.844700000000000273e+02 1.279599999999999909e+03
2.844649999999999750e+02 1.194799999999999955e+03
2.844599999999999795e+02 9.553999999999999773e+02
2.844549999999999841e+02 1.126200000000000045e+03
2.844499999999999886e+02 1.055400000000000091e+03
2.844449999999999932e+02 1.272400000000000091e+03
2.844399999999999977e+02 1.401400000000000091e+03
2.844350000000000023e+02 1.657799999999999955e+03
2.844300000000000068e+02 1.830200000000000045e+03
2.844250000000000114e+02 1.998400000000000091e+03
2.844200000000000159e+02 2.865599999999999909e+03
2.844150000000000205e+02 2.682800000000000182e+03
2.844100000000000250e+02 2.601199999999999818e+03
2.844049999999999727e+02 2.344599999999999909e+03
2.843999999999999773e+02 2.159599999999999909e+03
2.843949999999999818e+02 2.108000000000000000e+03
2.843899999999999864e+02 1.860799999999999955e+03
2.843849999999999909e+02 1.800200000000000045e+03
2.843799999999999955e+02 1.787799999999999955e+03
2.843750000000000000e+02 1.488599999999999909e+03
2.843700000000000045e+02 1.240599999999999909e+03
2.843650000000000091e+02 1.035799999999999955e+03
2.843600000000000136e+02 1.080200000000000045e+03
2.843550000000000182e+02 1.009000000000000000e+03
2.843500000000000227e+02 1.054200000000000045e+03
2.843450000000000273e+02 9.252000000000000455e+02
2.843399999999999750e+02 9.376000000000000227e+02
2.843349999999999795e+02 1.228599999999999909e+03
2.843299999999999841e+02 1.318599999999999909e+03
2.843249999999999886e+02 1.247400000000000091e+03
2.843199999999999932e+02 1.156799999999999955e+03
2.843149999999999977e+02 1.100200000000000045e+03
2.843100000000000023e+02 1.105000000000000000e+03
2.843050000000000068e+02 1.205200000000000045e+03
2.843000000000000114e+02 1.119000000000000000e+03
2.842950000000000159e+02 9.706000000000000227e+02
2.842900000000000205e+02 1.016399999999999977e+03
2.842850000000000250e+02 9.087999999999999545e+02
2.842799999999999727e+02 1.033200000000000045e+03
2.842749999999999773e+02 1.034200000000000045e+03
2.842699999999999818e+02 1.197200000000000045e+03
2.842649999999999864e+02 1.270599999999999909e+03
2.842599999999999909e+02 1.238200000000000045e+03
2.842549999999999955e+02 1.454599999999999909e+03
2.842500000000000000e+02 1.492200000000000045e+03
2.842450000000000045e+02 1.484400000000000091e+03
2.842400000000000091e+02 1.538400000000000091e+03
2.842350000000000136e+02 1.312400000000000091e+03
2.842300000000000182e+02 1.349000000000000000e+03
2.842250000000000227e+02 1.426799999999999955e+03
2.842200000000000273e+02 1.349599999999999909e+03
2.842149999999999750e+02 1.747000000000000000e+03
2.842099999999999795e+02 1.748599999999999909e+03
2.842049999999999841e+02 1.594799999999999955e+03
2.841999999999999886e+02 1.374400000000000091e+03
2.841949999999999932e+02 1.397400000000000091e+03
2.841899999999999977e+02 1.397599999999999909e+03
2.841850000000000023e+02 1.477799999999999955e+03
2.841800000000000068e+02 1.543599999999999909e+03
2.841750000000000114e+02 1.647799999999999955e+03
2.841700000000000159e+02 1.786799999999999955e+03
2.841650000000000205e+02 1.855799999999999955e+03
2.841600000000000250e+02 2.183800000000000182e+03
2.841549999999999727e+02 1.913200000000000045e+03
2.841499999999999773e+02 1.927200000000000045e+03
2.841449999999999818e+02 1.824000000000000000e+03
2.841399999999999864e+02 1.764000000000000000e+03
2.841349999999999909e+02 1.753799999999999955e+03
2.841299999999999955e+02 1.474400000000000091e+03
2.841250000000000000e+02 1.465200000000000045e+03
2.841200000000000045e+02 1.313200000000000045e+03
2.841150000000000091e+02 1.338799999999999955e+03
2.841100000000000136e+02 1.536200000000000045e+03
2.841050000000000182e+02 1.570400000000000091e+03
2.841000000000000227e+02 1.670000000000000000e+03
2.840950000000000273e+02 1.599799999999999955e+03
2.840899999999999750e+02 1.606599999999999909e+03
2.840849999999999795e+02 1.428000000000000000e+03
2.840799999999999841e+02 1.220200000000000045e+03
2.840749999999999886e+02 1.070599999999999909e+03
2.840699999999999932e+02 1.122599999999999909e+03
2.840649999999999977e+02 1.202200000000000045e+03
2.840600000000000023e+02 1.378200000000000045e+03
2.840550000000000068e+02 1.487599999999999909e+03
2.840500000000000114e+02 2.016000000000000000e+03
2.840450000000000159e+02 2.026000000000000000e+03
2.840400000000000205e+02 2.072800000000000182e+03
2.840350000000000250e+02 2.274599999999999909e+03
2.840299999999999727e+02 2.579800000000000182e+03
2.840249999999999773e+02 3.884400000000000091e+03
2.840199999999999818e+02 6.163000000000000000e+03
2.840149999999999864e+02 9.708399999999999636e+03
2.840099999999999909e+02 1.405679999999999927e+04
2.840049999999999955e+02 1.730320000000000073e+04
2.840000000000000000e+02 2.071779999999999927e+04
2.839950000000000045e+02 2.275000000000000000e+04
2.839900000000000091e+02 2.464040000000000146e+04
2.839850000000000136e+02 2.525500000000000000e+04
2.839800000000000182e+02 2.642020000000000073e+04
2.839750000000000227e+02 2.528440000000000146e+04
2.839700000000000273e+02 2.662379999999999927e+04
2.839649999999999750e+02 2.611820000000000073e+04
2.839599999999999795e+02 2.029200000000000000e+04
2.839549999999999841e+02 1.485800000000000000e+04
2.839499999999999886e+02 1.134160000000000036e+04
2.839449999999999932e+02 8.599000000000000000e+03
2.839399999999999977e+02 6.746000000000000000e+03
2.839350000000000023e+02 5.251600000000000364e+03
2.839300000000000068e+02 4.254399999999999636e+03
2.839250000000000114e+02 3.925400000000000091e+03
2.839200000000000159e+02 3.248800000000000182e+03
2.839150000000000205e+02 3.091400000000000091e+03
2.839100000000000250e+02 2.822000000000000000e+03
2.839049999999999727e+02 2.373199999999999818e+03
2.838999999999999773e+02 2.148000000000000000e+03
2.838949999999999818e+02 2.327400000000000091e+03
2.838899999999999864e+02 2.578000000000000000e+03
2.838849999999999909e+02 2.783199999999999818e+03
2.838799999999999955e+02 2.898199999999999818e+03
2.838750000000000000e+02 2.822199999999999818e+03
2.838700000000000045e+02 2.839800000000000182e+03
2.838650000000000091e+02 2.640800000000000182e+03
2.838600000000000136e+02 2.756000000000000000e+03
2.838550000000000182e+02 2.890000000000000000e+03
2.838500000000000227e+02 2.911199999999999818e+03
2.838450000000000273e+02 2.719599999999999909e+03
2.838399999999999750e+02 2.696000000000000000e+03
2.838349999999999795e+02 2.703000000000000000e+03
2.838299999999999841e+02 2.544000000000000000e+03
2.838249999999999886e+02 2.367599999999999909e+03
2.838199999999999932e+02 2.314400000000000091e+03
2.838149999999999977e+02 2.198599999999999909e+03
2.838100000000000023e+02 2.335199999999999818e+03
2.838050000000000068e+02 2.450199999999999818e+03
2.838000000000000114e+02 2.599800000000000182e+03
2.837950000000000159e+02 2.591400000000000091e+03
2.837900000000000205e+02 2.508199999999999818e+03
2.837850000000000250e+02 2.796800000000000182e+03
2.837799999999999727e+02 2.600400000000000091e+03
2.837749999999999773e+02 2.489400000000000091e+03
2.837699999999999818e+02 2.361800000000000182e+03
2.837649999999999864e+02 2.453199999999999818e+03
2.837599999999999909e+02 2.376599999999999909e+03
2.837549999999999955e+02 2.530199999999999818e+03
2.837500000000000000e+02 2.137199999999999818e+03
2.837450000000000045e+02 2.190000000000000000e+03
2.837400000000000091e+02 2.489800000000000182e+03
2.837350000000000136e+02 2.438000000000000000e+03
2.837300000000000182e+02 2.578199999999999818e+03
2.837250000000000227e+02 2.677400000000000091e+03
2.837200000000000273e+02 2.283800000000000182e+03
2.837149999999999750e+02 2.139599999999999909e+03
2.837099999999999795e+02 2.008000000000000000e+03
2.837049999999999841e+02 1.836200000000000045e+03
2.836999999999999886e+02 2.077000000000000000e+03
2.836949999999999932e+02 2.059400000000000091e+03
2.836899999999999977e+02 2.126199999999999818e+03
2.836850000000000023e+02 2.392000000000000000e+03
2.836800000000000068e+02 2.413000000000000000e+03
2.836750000000000114e+02 2.471599999999999909e+03
2.836700000000000159e+02 2.555199999999999818e+03
2.836650000000000205e+02 2.689000000000000000e+03
2.836600000000000250e+02 2.635599999999999909e+03
2.836549999999999727e+02 2.750599999999999909e+03
2.836499999999999773e+02 2.592199999999999818e+03
2.836449999999999818e+02 2.434800000000000182e+03
2.836399999999999864e+02 2.688800000000000182e+03
2.836349999999999909e+02 2.757800000000000182e+03
2.836299999999999955e+02 2.748000000000000000e+03
2.836250000000000000e+02 2.965800000000000182e+03
2.836200000000000045e+02 2.868599999999999909e+03
2.836150000000000091e+02 2.802400000000000091e+03
2.836100000000000136e+02 3.354000000000000000e+03
2.836050000000000182e+02 4.195000000000000000e+03
2.836000000000000227e+02 5.931800000000000182e+03
2.835950000000000273e+02 8.292799999999999272e+03
2.835899999999999750e+02 1.219160000000000036e+04
2.835849999999999795e+02 1.644720000000000073e+04
2.835799999999999841e+02 1.963979999999999927e+04
2.835749999999999886e+02 2.303379999999999927e+04
2.835699999999999932e+02 2.586600000000000000e+04
2.835649999999999977e+02 2.763740000000000146e+04
2.835600000000000023e+02 2.574379999999999927e+04
2.835550000000000068e+02 2.083820000000000073e+04
2.835500000000000114e+02 1.667020000000000073e+04
2.835450000000000159e+02 1.265700000000000000e+04
2.835400000000000205e+02 1.033000000000000000e+04
2.835350000000000250e+02 8.355600000000000364e+03
2.835299999999999727e+02 7.216000000000000000e+03
2.835249999999999773e+02 6.341399999999999636e+03
2.835199999999999818e+02 5.828399999999999636e+03
2.835149999999999864e+02 5.410000000000000000e+03
2.835099999999999909e+02 4.868399999999999636e+03
2.835049999999999955e+02 4.323000000000000000e+03
2.835000000000000000e+02 4.110399999999999636e+03
2.834950000000000045e+02 4.437199999999999818e+03
2.834900000000000091e+02 4.824399999999999636e+03
2.834850000000000136e+02 5.712000000000000000e+03
2.834800000000000182e+02 8.265600000000000364e+03
2.834750000000000227e+02 1.282639999999999964e+04
2.834700000000000273e+02 1.787320000000000073e+04
2.834649999999999750e+02 2.258140000000000146e+04
2.834599999999999795e+02 2.543820000000000073e+04
2.834549999999999841e+02 2.821020000000000073e+04
2.834499999999999886e+02 3.045459999999999854e+04
2.834449999999999932e+02 3.238159999999999854e+04
2.834399999999999977e+02 3.397619999999999709e+04
2.834350000000000023e+02 3.405780000000000291e+04
2.834300000000000068e+02 3.303380000000000291e+04
2.834250000000000114e+02 3.168600000000000000e+04
2.834200000000000159e+02 3.232040000000000146e+04
2.834150000000000205e+02 3.160479999999999927e+04
2.834100000000000250e+02 2.821759999999999854e+04
2.834049999999999727e+02 2.177800000000000000e+04
2.833999999999999773e+02 1.702300000000000000e+04
2.833949999999999818e+02 1.313720000000000073e+04
2.833899999999999864e+02 1.053200000000000000e+04
2.833849999999999909e+02 8.409000000000000000e+03
2.833799999999999955e+02 6.675000000000000000e+03
2.833750000000000000e+02 5.585199999999999818e+03
2.833700000000000045e+02 4.745600000000000364e+03
2.833650000000000091e+02 4.492600000000000364e+03
2.833600000000000136e+02 4.131800000000000182e+03
2.833550000000000182e+02 4.323800000000000182e+03
2.833500000000000227e+02 4.561600000000000364e+03
2.833450000000000273e+02 4.184800000000000182e+03
2.833399999999999750e+02 4.044400000000000091e+03
2.833349999999999795e+02 4.056199999999999818e+03
2.833299999999999841e+02 4.392600000000000364e+03
2.833249999999999886e+02 4.271800000000000182e+03
2.833199999999999932e+02 4.413399999999999636e+03
2.833149999999999977e+02 4.515800000000000182e+03
2.833100000000000023e+02 4.795399999999999636e+03
2.833050000000000068e+02 4.617600000000000364e+03
2.833000000000000114e+02 4.542399999999999636e+03
2.832950000000000159e+02 4.485800000000000182e+03
2.832900000000000205e+02 4.206600000000000364e+03
2.832850000000000250e+02 4.131600000000000364e+03
2.832799999999999727e+02 4.160600000000000364e+03
2.832749999999999773e+02 4.115000000000000000e+03
2.832699999999999818e+02 4.595399999999999636e+03
2.832649999999999864e+02 4.689399999999999636e+03
2.832599999999999909e+02 4.852399999999999636e+03
2.832549999999999955e+02 4.830199999999999818e+03
2.832500000000000000e+02 5.147399999999999636e+03
2.832450000000000045e+02 5.726800000000000182e+03
2.832400000000000091e+02 7.460000000000000000e+03
2.832350000000000136e+02 9.411399999999999636e+03
2.832300000000000182e+02 1.085500000000000000e+04
2.832250000000000227e+02 1.238160000000000036e+04
2.832200000000000273e+02 1.370879999999999927e+04
2.832149999999999750e+02 1.230639999999999964e+04
2.832099999999999795e+02 1.023500000000000000e+04
2.832049999999999841e+02 8.616000000000000000e+03
2.831999999999999886e+02 7.308600000000000364e+03
2.831949999999999932e+02 6.335399999999999636e+03
2.831899999999999977e+02 5.634800000000000182e+03
2.831850000000000023e+02 4.959800000000000182e+03
2.831800000000000068e+02 4.452800000000000182e+03
2.831750000000000114e+02 4.103000000000000000e+03
2.831700000000000159e+02 3.775400000000000091e+03
2.831650000000000205e+02 3.731199999999999818e+03
2.831600000000000250e+02 4.332800000000000182e+03
2.831549999999999727e+02 4.809399999999999636e+03
2.831499999999999773e+02 5.379199999999999818e+03
2.831449999999999818e+02 6.407399999999999636e+03
2.831399999999999864e+02 7.660600000000000364e+03
2.831349999999999909e+02 8.919399999999999636e+03
2.831299999999999955e+02 8.274799999999999272e+03
2.831250000000000000e+02 9.217600000000000364e+03
2.831200000000000045e+02 9.386600000000000364e+03
2.831150000000000091e+02 8.540799999999999272e+03
2.831100000000000136e+02 7.589000000000000000e+03
2.831050000000000182e+02 6.681399999999999636e+03
2.831000000000000227e+02 5.903199999999999818e+03
2.830950000000000273e+02 5.349199999999999818e+03
2.830899999999999750e+02 5.253600000000000364e+03
2.830849999999999795e+02 5.057800000000000182e+03
2.830799999999999841e+02 4.845199999999999818e+03
2.830749999999999886e+02 4.830399999999999636e+03
2.830699999999999932e+02 4.701800000000000182e+03
2.830649999999999977e+02 4.356600000000000364e+03
2.830600000000000023e+02 4.731399999999999636e+03
2.830550000000000068e+02 4.678600000000000364e+03
2.830500000000000114e+02 4.367800000000000182e+03
2.830450000000000159e+02 4.058199999999999818e+03
2.830400000000000205e+02 4.096800000000000182e+03
2.830350000000000250e+02 4.162199999999999818e+03
2.830299999999999727e+02 4.420199999999999818e+03
2.830249999999999773e+02 4.508199999999999818e+03
2.830199999999999818e+02 4.355600000000000364e+03
2.830149999999999864e+02 4.244399999999999636e+03
2.830099999999999909e+02 4.353600000000000364e+03
2.830049999999999955e+02 4.474800000000000182e+03
2.830000000000000000e+02 4.383000000000000000e+03
2.829950000000000045e+02 4.682199999999999818e+03
2.829900000000000091e+02 4.528600000000000364e+03
2.829850000000000136e+02 4.442399999999999636e+03
2.829800000000000182e+02 4.560399999999999636e+03
2.829750000000000227e+02 4.359600000000000364e+03
2.829700000000000273e+02 5.072800000000000182e+03
2.829649999999999750e+02 5.240000000000000000e+03
2.829599999999999795e+02 5.532600000000000364e+03
2.829549999999999841e+02 5.472399999999999636e+03
2.829499999999999886e+02 5.750399999999999636e+03
2.829449999999999932e+02 5.486000000000000000e+03
2.829399999999999977e+02 5.568399999999999636e+03
2.829350000000000023e+02 5.440000000000000000e+03
2.829300000000000068e+02 5.244600000000000364e+03
2.829250000000000114e+02 5.069600000000000364e+03
2.829200000000000159e+02 5.277199999999999818e+03
2.829150000000000205e+02 5.799199999999999818e+03
2.829100000000000250e+02 5.874399999999999636e+03
2.829049999999999727e+02 6.199000000000000000e+03
2.828999999999999773e+02 6.453199999999999818e+03
2.828949999999999818e+02 6.717199999999999818e+03
2.828899999999999864e+02 6.496000000000000000e+03
2.828849999999999909e+02 5.945800000000000182e+03
2.828799999999999955e+02 5.764600000000000364e+03
2.828750000000000000e+02 5.775000000000000000e+03
2.828700000000000045e+02 6.046199999999999818e+03
2.828650000000000091e+02 6.240399999999999636e+03
2.828600000000000136e+02 6.799800000000000182e+03
2.828550000000000182e+02 8.154399999999999636e+03
2.828500000000000227e+02 8.882200000000000728e+03
2.828450000000000273e+02 9.691399999999999636e+03
2.828399999999999750e+02 9.653799999999999272e+03
2.828349999999999795e+02 1.023579999999999927e+04
2.828299999999999841e+02 1.030079999999999927e+04
2.828249999999999886e+02 1.020779999999999927e+04
2.828199999999999932e+02 9.044000000000000000e+03
2.828149999999999977e+02 7.966800000000000182e+03
2.828100000000000023e+02 7.249800000000000182e+03
2.828050000000000068e+02 6.442800000000000182e+03
2.828000000000000114e+02 6.307199999999999818e+03
2.827950000000000159e+02 6.752199999999999818e+03
2.827900000000000205e+02 6.624199999999999818e+03
2.827850000000000250e+02 6.502800000000000182e+03
2.827799999999999727e+02 6.865000000000000000e+03
2.827749999999999773e+02 6.817399999999999636e+03
2.827699999999999818e+02 6.831800000000000182e+03
2.827649999999999864e+02 6.402600000000000364e+03
2.827599999999999909e+02 6.197000000000000000e+03
2.827549999999999955e+02 6.222399999999999636e+03
2.827500000000000000e+02 6.547000000000000000e+03
2.827450000000000045e+02 6.679399999999999636e+03
2.827400000000000091e+02 6.367800000000000182e+03
2.827350000000000136e+02 6.299199999999999818e+03
2.827300000000000182e+02 6.355399999999999636e+03
2.827250000000000227e+02 6.224600000000000364e+03
2.827200000000000273e+02 6.663199999999999818e+03
2.827149999999999750e+02 7.360600000000000364e+03
2.827099999999999795e+02 8.347600000000000364e+03
2.827049999999999841e+02 9.885000000000000000e+03
2.826999999999999886e+02 1.183279999999999927e+04
2.826949999999999932e+02 1.243360000000000036e+04
2.826899999999999977e+02 1.165239999999999964e+04
2.826850000000000023e+02 1.034820000000000073e+04
2.826800000000000068e+02 8.874000000000000000e+03
2.826750000000000114e+02 7.469800000000000182e+03
2.826700000000000159e+02 6.629800000000000182e+03
2.826650000000000205e+02 6.201600000000000364e+03
2.826600000000000250e+02 5.901000000000000000e+03
2.826549999999999727e+02 5.723000000000000000e+03
2.826499999999999773e+02 5.511600000000000364e+03
2.826449999999999818e+02 5.658800000000000182e+03
2.826399999999999864e+02 5.915000000000000000e+03
2.826349999999999909e+02 5.744000000000000000e+03
2.826299999999999955e+02 6.451000000000000000e+03
2.826250000000000000e+02 6.839000000000000000e+03
2.826200000000000045e+02 6.659600000000000364e+03
2.826150000000000091e+02 6.743399999999999636e+03
2.826100000000000136e+02 6.307000000000000000e+03
2.826050000000000182e+02 5.936199999999999818e+03
2.826000000000000227e+02 6.156199999999999818e+03
2.825950000000000273e+02 6.033600000000000364e+03
2.825899999999999750e+02 6.370399999999999636e+03
2.825849999999999795e+02 6.270199999999999818e+03
2.825799999999999841e+02 6.803800000000000182e+03
2.825749999999999886e+02 7.352199999999999818e+03
2.825699999999999932e+02 6.882000000000000000e+03
2.825649999999999977e+02 7.337199999999999818e+03
2.825600000000000023e+02 7.476199999999999818e+03
2.825550000000000068e+02 7.662600000000000364e+03
2.825500000000000114e+02 7.993600000000000364e+03
2.825450000000000159e+02 7.829399999999999636e+03
2.825400000000000205e+02 7.149800000000000182e+03
2.825350000000000250e+02 6.851000000000000000e+03
2.825299999999999727e+02 6.240000000000000000e+03
2.825249999999999773e+02 6.200399999999999636e+03
2.825199999999999818e+02 6.481399999999999636e+03
2.825149999999999864e+02 6.674800000000000182e+03
2.825099999999999909e+02 6.431199999999999818e+03
2.825049999999999955e+02 6.544000000000000000e+03
2.825000000000000000e+02 6.615600000000000364e+03
2.824950000000000045e+02 6.477800000000000182e+03
2.824900000000000091e+02 6.371800000000000182e+03
2.824850000000000136e+02 6.793800000000000182e+03
2.824800000000000182e+02 6.890800000000000182e+03
2.824750000000000227e+02 7.516600000000000364e+03
2.824700000000000273e+02 7.719600000000000364e+03
2.824649999999999750e+02 7.966800000000000182e+03
2.824599999999999795e+02 8.423000000000000000e+03
2.824549999999999841e+02 8.955600000000000364e+03
2.824499999999999886e+02 1.004439999999999964e+04
2.824449999999999932e+02 1.277320000000000073e+04
2.824399999999999977e+02 1.634320000000000073e+04
2.824350000000000023e+02 2.120140000000000146e+04
2.824300000000000068e+02 2.627679999999999927e+04
2.824250000000000114e+02 3.056459999999999854e+04
2.824200000000000159e+02 3.405880000000000291e+04
2.824150000000000205e+02 3.566159999999999854e+04
2.824100000000000250e+02 3.677019999999999709e+04
2.824049999999999727e+02 3.844719999999999709e+04
2.823999999999999773e+02 3.822900000000000000e+04
2.823949999999999818e+02 3.755659999999999854e+04
2.823899999999999864e+02 3.695819999999999709e+04
2.823849999999999909e+02 3.709259999999999854e+04
2.823799999999999955e+02 3.684540000000000146e+04
2.823750000000000000e+02 3.709900000000000000e+04
2.823700000000000045e+02 3.679119999999999709e+04
2.823650000000000091e+02 3.475500000000000000e+04
2.823600000000000136e+02 3.224700000000000000e+04
2.823550000000000182e+02 2.984279999999999927e+04
2.823500000000000227e+02 2.979700000000000000e+04
2.823450000000000273e+02 3.117140000000000146e+04
2.823399999999999750e+02 2.959000000000000000e+04
2.823349999999999795e+02 3.161240000000000146e+04
2.823299999999999841e+02 3.158240000000000146e+04
2.823249999999999886e+02 2.695420000000000073e+04
2.823199999999999932e+02 2.371779999999999927e+04
2.823149999999999977e+02 1.986520000000000073e+04
2.823100000000000023e+02 1.649300000000000000e+04
2.823050000000000068e+02 1.397020000000000073e+04
2.823000000000000114e+02 1.169720000000000073e+04
2.822950000000000159e+02 1.024600000000000000e+04
2.822900000000000205e+02 9.095600000000000364e+03
2.822850000000000250e+02 9.020000000000000000e+03
2.822799999999999727e+02 8.303399999999999636e+03
2.822749999999999773e+02 8.276000000000000000e+03
2.822699999999999818e+02 8.078000000000000000e+03
2.822649999999999864e+02 7.752399999999999636e+03
2.822599999999999909e+02 7.412000000000000000e+03
2.822549999999999955e+02 7.595800000000000182e+03
2.822500000000000000e+02 7.344199999999999818e+03
2.822450000000000045e+02 7.411800000000000182e+03
2.822400000000000091e+02 7.195600000000000364e+03
2.822350000000000136e+02 7.340800000000000182e+03
2.822300000000000182e+02 7.207199999999999818e+03
2.822250000000000227e+02 7.723600000000000364e+03
2.822200000000000273e+02 7.689399999999999636e+03
2.822149999999999750e+02 7.727399999999999636e+03
2.822099999999999795e+02 7.518199999999999818e+03
2.822049999999999841e+02 7.488000000000000000e+03
2.821999999999999886e+02 7.549000000000000000e+03
2.821949999999999932e+02 7.126199999999999818e+03
2.821899999999999977e+02 7.660199999999999818e+03
2.821850000000000023e+02 7.857800000000000182e+03
2.821800000000000068e+02 7.831399999999999636e+03
2.821750000000000114e+02 8.295000000000000000e+03
2.821700000000000159e+02 9.029399999999999636e+03
2.821650000000000205e+02 9.383600000000000364e+03
2.821600000000000250e+02 1.052579999999999927e+04
2.821549999999999727e+02 1.199600000000000000e+04
2.821499999999999773e+02 1.390300000000000000e+04
2.821449999999999818e+02 1.654859999999999854e+04
2.821399999999999864e+02 2.014540000000000146e+04
2.821349999999999909e+02 2.295700000000000000e+04
2.821299999999999955e+02 2.324140000000000146e+04
2.821250000000000000e+02 2.652600000000000000e+04
2.821200000000000045e+02 2.748640000000000146e+04
2.821150000000000091e+02 2.517179999999999927e+04
2.821100000000000136e+02 2.176920000000000073e+04
2.821050000000000182e+02 1.778240000000000146e+04
2.821000000000000227e+02 1.497979999999999927e+04
2.820950000000000273e+02 1.294400000000000000e+04
2.820899999999999750e+02 1.077579999999999927e+04
2.820849999999999795e+02 9.851600000000000364e+03
2.820799999999999841e+02 9.321399999999999636e+03
2.820749999999999886e+02 8.465200000000000728e+03
2.820699999999999932e+02 8.264200000000000728e+03
2.820649999999999977e+02 8.069199999999999818e+03
2.820600000000000023e+02 7.848600000000000364e+03
2.820550000000000068e+02 7.554199999999999818e+03
2.820500000000000114e+02 7.679800000000000182e+03
2.820450000000000159e+02 7.770600000000000364e+03
2.820400000000000205e+02 8.053399999999999636e+03
2.820350000000000250e+02 8.026199999999999818e+03
2.820299999999999727e+02 8.125600000000000364e+03
2.820249999999999773e+02 8.669600000000000364e+03
2.820199999999999818e+02 9.298399999999999636e+03
2.820149999999999864e+02 9.351000000000000000e+03
2.820099999999999909e+02 9.504600000000000364e+03
2.820049999999999955e+02 1.009260000000000036e+04
2.820000000000000000e+02 9.692399999999999636e+03
2.819950000000000045e+02 9.329399999999999636e+03
2.819900000000000091e+02 9.160399999999999636e+03
2.819850000000000136e+02 9.098200000000000728e+03
2.819800000000000182e+02 8.636000000000000000e+03
2.819750000000000227e+02 8.571399999999999636e+03
2.819700000000000273e+02 9.146000000000000000e+03
2.819649999999999750e+02 9.426000000000000000e+03
2.819599999999999795e+02 9.665000000000000000e+03
2.819549999999999841e+02 9.744200000000000728e+03
2.819499999999999886e+02 9.632200000000000728e+03
2.819449999999999932e+02 1.006460000000000036e+04
2.819399999999999977e+02 9.701200000000000728e+03
2.819350000000000023e+02 9.528600000000000364e+03
2.819300000000000068e+02 9.725600000000000364e+03
2.819250000000000114e+02 9.860000000000000000e+03
2.819200000000000159e+02 1.002800000000000000e+04
2.819150000000000205e+02 1.028520000000000073e+04
2.819100000000000250e+02 9.922200000000000728e+03
2.819049999999999727e+02 1.030379999999999927e+04
2.818999999999999773e+02 1.048139999999999964e+04
2.818949999999999818e+02 1.070360000000000036e+04
2.818899999999999864e+02 1.081600000000000000e+04
2.818849999999999909e+02 1.099979999999999927e+04
2.818799999999999955e+02 1.147039999999999964e+04
2.818750000000000000e+02 1.163079999999999927e+04
2.818700000000000045e+02 1.173039999999999964e+04
2.818650000000000091e+02 1.183639999999999964e+04
2.818600000000000136e+02 1.183179999999999927e+04
2.818550000000000182e+02 1.233139999999999964e+04
2.818500000000000227e+02 1.390139999999999964e+04
2.818450000000000273e+02 1.584179999999999927e+04
2.818399999999999750e+02 1.777159999999999854e+04
2.818349999999999795e+02 1.881400000000000000e+04
2.818299999999999841e+02 2.123040000000000146e+04
2.818249999999999886e+02 2.292520000000000073e+04
2.818199999999999932e+02 2.189559999999999854e+04
2.818149999999999977e+02 2.093440000000000146e+04
2.818100000000000023e+02 2.002600000000000000e+04
2.818050000000000068e+02 1.999040000000000146e+04
2.818000000000000114e+02 2.083859999999999854e+04
2.817950000000000159e+02 2.030059999999999854e+04
2.817900000000000205e+02 1.902820000000000073e+04
2.817850000000000250e+02 1.800320000000000073e+04
2.817799999999999727e+02 1.642900000000000000e+04
2.817749999999999773e+02 1.528039999999999964e+04
2.817699999999999818e+02 1.438139999999999964e+04
2.817649999999999864e+02 1.337620000000000073e+04
2.817599999999999909e+02 1.243920000000000073e+04
2.817549999999999955e+02 1.241420000000000073e+04
2.817500000000000000e+02 1.212620000000000073e+04
2.817450000000000045e+02 1.243200000000000000e+04
2.817400000000000091e+02 1.299160000000000036e+04
2.817350000000000136e+02 1.285660000000000036e+04
2.817300000000000182e+02 1.284400000000000000e+04
2.817250000000000227e+02 1.323579999999999927e+04
2.817200000000000273e+02 1.273700000000000000e+04
2.817149999999999750e+02 1.216700000000000000e+04
2.817099999999999795e+02 1.170520000000000073e+04
2.817049999999999841e+02 1.078700000000000000e+04
2.816999999999999886e+02 1.037739999999999964e+04
2.816949999999999932e+02 1.002860000000000036e+04
2.816899999999999977e+02 9.479799999999999272e+03
2.816850000000000023e+02 9.220799999999999272e+03
2.816800000000000068e+02 9.458799999999999272e+03
2.816750000000000114e+02 9.753399999999999636e+03
2.816700000000000159e+02 9.967799999999999272e+03
2.816650000000000205e+02 1.051060000000000036e+04
2.816600000000000250e+02 1.089820000000000073e+04
2.816549999999999727e+02 1.070460000000000036e+04
2.816499999999999773e+02 1.108660000000000036e+04
2.816449999999999818e+02 1.131239999999999964e+04
2.816399999999999864e+02 1.124160000000000036e+04
2.816349999999999909e+02 1.087500000000000000e+04
2.816299999999999955e+02 1.079300000000000000e+04
2.816250000000000000e+02 1.075639999999999964e+04
2.816200000000000045e+02 1.094179999999999927e+04
2.816150000000000091e+02 1.117079999999999927e+04
2.816100000000000136e+02 1.189920000000000073e+04
2.816050000000000182e+02 1.207620000000000073e+04
2.816000000000000227e+02 1.265560000000000036e+04
2.815950000000000273e+02 1.318260000000000036e+04
2.815899999999999750e+02 1.336720000000000073e+04
2.815849999999999795e+02 1.439620000000000073e+04
2.815799999999999841e+02 1.507239999999999964e+04
2.815749999999999886e+02 1.482739999999999964e+04
2.815699999999999932e+02 1.475260000000000036e+04
2.815649999999999977e+02 1.434839999999999964e+04
2.815600000000000023e+02 1.353400000000000000e+04
2.815550000000000068e+02 1.385560000000000036e+04
2.815500000000000114e+02 1.329560000000000036e+04
2.815450000000000159e+02 1.274900000000000000e+04
2.815400000000000205e+02 1.213260000000000036e+04
2.815350000000000250e+02 1.107579999999999927e+04
2.815299999999999727e+02 1.076579999999999927e+04
2.815249999999999773e+02 1.083260000000000036e+04
2.815199999999999818e+02 1.134339999999999964e+04
2.815149999999999864e+02 1.199060000000000036e+04
2.815099999999999909e+02 1.233560000000000036e+04
2.815049999999999955e+02 1.295200000000000000e+04
2.815000000000000000e+02 1.344060000000000036e+04
2.814950000000000045e+02 1.291660000000000036e+04
2.814900000000000091e+02 1.277560000000000036e+04
2.814850000000000136e+02 1.267720000000000073e+04
2.814800000000000182e+02 1.315420000000000073e+04
2.814750000000000227e+02 1.369620000000000073e+04
2.814700000000000273e+02 1.457920000000000073e+04
2.814649999999999750e+02 1.610320000000000073e+04
2.814599999999999795e+02 1.833879999999999927e+04
2.814549999999999841e+02 2.174320000000000073e+04
2.814499999999999886e+02 2.411000000000000000e+04
2.814449999999999932e+02 2.566500000000000000e+04
2.814399999999999977e+02 2.866500000000000000e+04
2.814350000000000023e+02 2.844479999999999927e+04
2.814300000000000068e+02 2.623040000000000146e+04
2.814250000000000114e+02 2.466279999999999927e+04
2.814200000000000159e+02 2.305500000000000000e+04
2.814150000000000205e+02 2.231359999999999854e+04
2.814100000000000250e+02 2.351759999999999854e+04
2.814049999999999727e+02 2.522520000000000073e+04
2.813999999999999773e+02 2.862040000000000146e+04
2.813949999999999818e+02 3.202820000000000073e+04
2.813899999999999864e+02 3.453180000000000291e+04
2.813849999999999909e+02 3.799359999999999854e+04
2.813799999999999955e+02 4.088980000000000291e+04
2.813750000000000000e+02 4.304100000000000000e+04
2.813700000000000045e+02 4.382740000000000146e+04
2.813650000000000091e+02 4.614519999999999709e+04
2.813600000000000136e+02 4.594919999999999709e+04
2.813550000000000182e+02 4.408240000000000146e+04
2.813500000000000227e+02 4.017040000000000146e+04
2.813450000000000273e+02 3.636540000000000146e+04
2.813399999999999750e+02 3.125840000000000146e+04
2.813349999999999795e+02 2.735440000000000146e+04
2.813299999999999841e+02 2.430359999999999854e+04
2.813249999999999886e+02 2.148640000000000146e+04
2.813199999999999932e+02 2.014000000000000000e+04
2.813149999999999977e+02 1.926679999999999927e+04
2.813100000000000023e+02 1.936179999999999927e+04
2.813050000000000068e+02 1.916800000000000000e+04
2.813000000000000114e+02 1.918900000000000000e+04
2.812950000000000159e+02 1.922620000000000073e+04
2.812900000000000205e+02 1.988120000000000073e+04
2.812850000000000250e+02 1.871859999999999854e+04
2.812799999999999727e+02 1.787900000000000000e+04
2.812749999999999773e+02 1.694100000000000000e+04
2.812699999999999818e+02 1.514520000000000073e+04
2.812649999999999864e+02 1.505300000000000000e+04
2.812599999999999909e+02 1.447500000000000000e+04
2.812549999999999955e+02 1.387379999999999927e+04
2.812500000000000000e+02 1.362900000000000000e+04
2.812450000000000045e+02 1.283320000000000073e+04
2.812400000000000091e+02 1.214479999999999927e+04
2.812350000000000136e+02 1.229300000000000000e+04
2.812300000000000182e+02 1.156279999999999927e+04
2.812250000000000227e+02 1.110760000000000036e+04
2.812200000000000273e+02 1.103300000000000000e+04
2.812149999999999750e+02 1.068279999999999927e+04
2.812099999999999795e+02 1.160520000000000073e+04
2.812049999999999841e+02 1.298820000000000073e+04
2.811999999999999886e+02 1.431160000000000036e+04
2.811949999999999932e+02 1.631539999999999964e+04
2.811899999999999977e+02 1.843940000000000146e+04
2.811850000000000023e+02 1.996679999999999927e+04
2.811800000000000068e+02 2.162279999999999927e+04
2.811750000000000114e+02 2.291459999999999854e+04
2.811700000000000159e+02 2.393400000000000000e+04
2.811650000000000205e+02 2.499040000000000146e+04
2.811600000000000250e+02 2.694559999999999854e+04
2.811549999999999727e+02 2.998879999999999927e+04
2.811499999999999773e+02 3.222700000000000000e+04
2.811449999999999818e+02 3.347580000000000291e+04
2.811399999999999864e+02 3.327340000000000146e+04
2.811349999999999909e+02 3.407019999999999709e+04
2.811299999999999955e+02 3.167740000000000146e+04
2.811250000000000000e+02 2.756040000000000146e+04
2.811200000000000045e+02 2.429140000000000146e+04
2.811150000000000091e+02 2.244140000000000146e+04
2.811100000000000136e+02 2.308700000000000000e+04
2.811050000000000182e+02 2.584279999999999927e+04
2.811000000000000227e+02 2.879479999999999927e+04
2.810950000000000273e+02 3.256759999999999854e+04
2.810899999999999750e+02 3.573100000000000000e+04
2.810849999999999795e+02 3.769440000000000146e+04
2.810799999999999841e+02 3.965000000000000000e+04
2.810749999999999886e+02 4.089719999999999709e+04
2.810699999999999932e+02 4.197080000000000291e+04
2.810649999999999977e+02 4.150540000000000146e+04
2.810600000000000023e+02 3.963540000000000146e+04
2.810550000000000068e+02 3.523119999999999709e+04
2.810500000000000114e+02 3.017320000000000073e+04
2.810450000000000159e+02 2.532940000000000146e+04
2.810400000000000205e+02 2.034540000000000146e+04
2.810350000000000250e+02 1.740920000000000073e+04
2.810299999999999727e+02 1.522660000000000036e+04
2.810249999999999773e+02 1.324800000000000000e+04
2.810199999999999818e+02 1.211120000000000073e+04
2.810149999999999864e+02 1.154620000000000073e+04
2.810099999999999909e+02 1.120500000000000000e+04
2.810049999999999955e+02 1.042760000000000036e+04
2.810000000000000000e+02 9.916200000000000728e+03
2.809950000000000045e+02 9.985399999999999636e+03
2.809900000000000091e+02 9.476000000000000000e+03
2.809850000000000136e+02 9.764799999999999272e+03
2.809800000000000182e+02 9.591600000000000364e+03
2.809750000000000227e+02 9.608600000000000364e+03
2.809700000000000273e+02 9.623799999999999272e+03
2.809649999999999750e+02 9.951399999999999636e+03
2.809599999999999795e+02 1.008979999999999927e+04
2.809549999999999841e+02 1.043139999999999964e+04
2.809499999999999886e+02 1.030720000000000073e+04
2.809449999999999932e+02 1.001360000000000036e+04
2.809399999999999977e+02 1.008000000000000000e+04
2.809350000000000023e+02 1.009960000000000036e+04
2.809300000000000068e+02 1.007760000000000036e+04
2.809250000000000114e+02 9.749600000000000364e+03
2.809200000000000159e+02 9.874399999999999636e+03
2.809150000000000205e+02 1.058400000000000000e+04
2.809100000000000250e+02 1.111460000000000036e+04
2.809049999999999727e+02 1.300420000000000073e+04
2.808999999999999773e+02 1.514220000000000073e+04
2.808949999999999818e+02 1.735820000000000073e+04
2.808899999999999864e+02 2.043800000000000000e+04
2.808849999999999909e+02 2.308500000000000000e+04
2.808799999999999955e+02 2.462879999999999927e+04
2.808750000000000000e+02 2.711500000000000000e+04
2.808700000000000045e+02 2.635759999999999854e+04
2.808650000000000091e+02 2.529759999999999854e+04
2.808600000000000136e+02 2.307559999999999854e+04
2.808550000000000182e+02 1.960840000000000146e+04
2.808500000000000227e+02 1.662940000000000146e+04
2.808450000000000273e+02 1.477139999999999964e+04
2.808399999999999750e+02 1.338660000000000036e+04
2.808349999999999795e+02 1.221060000000000036e+04
2.808299999999999841e+02 1.106220000000000073e+04
2.808249999999999886e+02 1.100079999999999927e+04
2.808199999999999932e+02 1.081239999999999964e+04
2.808149999999999977e+02 1.111400000000000000e+04
2.808100000000000023e+02 1.114800000000000000e+04
2.808050000000000068e+02 1.147100000000000000e+04
2.808000000000000114e+02 1.154679999999999927e+04
2.807950000000000159e+02 1.178000000000000000e+04
2.807900000000000205e+02 1.155120000000000073e+04
2.807850000000000250e+02 1.145700000000000000e+04
2.807799999999999727e+02 1.071760000000000036e+04
2.807749999999999773e+02 1.073739999999999964e+04
2.807699999999999818e+02 1.064760000000000036e+04
2.807649999999999864e+02 1.100720000000000073e+04
2.807599999999999909e+02 1.276720000000000073e+04
2.807549999999999955e+02 1.509920000000000073e+04
2.807500000000000000e+02 1.769040000000000146e+04
2.807450000000000045e+02 2.080600000000000000e+04
2.807400000000000091e+02 2.122140000000000146e+04
2.807350000000000136e+02 2.337440000000000146e+04
2.807300000000000182e+02 2.439479999999999927e+04
2.807250000000000227e+02 2.336359999999999854e+04
2.807200000000000273e+02 2.022459999999999854e+04
2.807149999999999750e+02 1.801440000000000146e+04
2.807099999999999795e+02 1.661040000000000146e+04
2.807049999999999841e+02 1.502820000000000073e+04
2.806999999999999886e+02 1.479020000000000073e+04
2.806949999999999932e+02 1.514539999999999964e+04
2.806899999999999977e+02 1.522879999999999927e+04
2.806850000000000023e+02 1.523639999999999964e+04
2.806800000000000068e+02 1.477839999999999964e+04
2.806750000000000114e+02 1.385500000000000000e+04
2.806700000000000159e+02 1.317520000000000073e+04
2.806650000000000205e+02 1.326120000000000073e+04
2.806600000000000250e+02 1.278539999999999964e+04
2.806549999999999727e+02 1.286479999999999927e+04
2.806499999999999773e+02 1.345520000000000073e+04
2.806449999999999818e+02 1.434060000000000036e+04
2.806399999999999864e+02 1.662540000000000146e+04
2.806349999999999909e+02 2.009140000000000146e+04
2.806299999999999955e+02 2.267640000000000146e+04
2.806250000000000000e+02 2.436159999999999854e+04
2.806200000000000045e+02 2.735279999999999927e+04
2.806150000000000091e+02 2.840000000000000000e+04
2.806100000000000136e+02 2.715920000000000073e+04
2.806050000000000182e+02 2.386100000000000000e+04
2.806000000000000227e+02 2.044800000000000000e+04
2.805950000000000273e+02 1.902220000000000073e+04
2.805899999999999750e+02 1.728740000000000146e+04
2.805849999999999795e+02 1.559879999999999927e+04
2.805799999999999841e+02 1.370539999999999964e+04
2.805749999999999886e+02 1.259679999999999927e+04
2.805699999999999932e+02 1.211379999999999927e+04
2.805649999999999977e+02 1.134939999999999964e+04
2.805600000000000023e+02 1.114360000000000036e+04
2.805550000000000068e+02 1.139739999999999964e+04
2.805500000000000114e+02 1.157460000000000036e+04
2.805450000000000159e+02 1.123400000000000000e+04
2.805400000000000205e+02 1.163739999999999964e+04
2.805350000000000250e+02 1.149400000000000000e+04
2.805299999999999727e+02 1.075179999999999927e+04
2.805249999999999773e+02 1.053079999999999927e+04
2.805199999999999818e+02 1.073320000000000073e+04
2.805149999999999864e+02 1.044320000000000073e+04
2.805099999999999909e+02 1.014160000000000036e+04
2.805049999999999955e+02 1.067639999999999964e+04
2.805000000000000000e+02 1.062879999999999927e+04
2.804950000000000045e+02 1.051679999999999927e+04
2.804900000000000091e+02 1.080820000000000073e+04
2.804850000000000136e+02 1.103639999999999964e+04
2.804800000000000182e+02 1.088260000000000036e+04
2.804750000000000227e+02 1.081820000000000073e+04
2.804700000000000273e+02 1.072539999999999964e+04
2.804649999999999750e+02 1.111539999999999964e+04
2.804599999999999795e+02 1.127620000000000073e+04
2.804549999999999841e+02 1.273900000000000000e+04
2.804499999999999886e+02 1.440839999999999964e+04
2.804449999999999932e+02 1.641920000000000073e+04
2.804399999999999977e+02 1.906500000000000000e+04
2.804350000000000023e+02 2.296259999999999854e+04
2.804300000000000068e+02 2.617300000000000000e+04
2.804250000000000114e+02 2.706920000000000073e+04
2.804200000000000159e+02 3.010779999999999927e+04
2.804150000000000205e+02 3.166420000000000073e+04
2.804100000000000250e+02 2.947320000000000073e+04
2.804049999999999727e+02 2.490340000000000146e+04
2.803999999999999773e+02 2.051779999999999927e+04
2.803949999999999818e+02 1.780379999999999927e+04
2.803899999999999864e+02 1.637779999999999927e+04
2.803849999999999909e+02 1.444739999999999964e+04
2.803799999999999955e+02 1.335660000000000036e+04
2.803750000000000000e+02 1.255839999999999964e+04
2.803700000000000045e+02 1.150060000000000036e+04
2.803650000000000091e+02 1.134660000000000036e+04
2.803600000000000136e+02 1.137839999999999964e+04
2.803550000000000182e+02 1.087179999999999927e+04
2.803500000000000227e+02 1.065560000000000036e+04
2.803450000000000273e+02 1.047379999999999927e+04
2.803399999999999750e+02 1.071079999999999927e+04
2.803349999999999795e+02 1.113360000000000036e+04
2.803299999999999841e+02 1.197120000000000073e+04
2.803249999999999886e+02 1.320160000000000036e+04
2.803199999999999932e+02 1.419720000000000073e+04
2.803149999999999977e+02 1.555279999999999927e+04
2.803100000000000023e+02 1.528400000000000000e+04
2.803050000000000068e+02 1.653559999999999854e+04
2.803000000000000114e+02 1.682640000000000146e+04
2.802950000000000159e+02 1.831600000000000000e+04
2.802900000000000205e+02 2.148320000000000073e+04
2.802850000000000250e+02 2.614359999999999854e+04
2.802799999999999727e+02 3.031879999999999927e+04
2.802749999999999773e+02 3.483119999999999709e+04
2.802699999999999818e+02 3.807080000000000291e+04
2.802649999999999864e+02 3.916580000000000291e+04
2.802599999999999909e+02 4.121840000000000146e+04
2.802549999999999955e+02 4.198359999999999854e+04
2.802500000000000000e+02 4.074619999999999709e+04
2.802450000000000045e+02 3.354919999999999709e+04
2.802400000000000091e+02 2.639420000000000073e+04
2.802350000000000136e+02 2.100779999999999927e+04
2.802300000000000182e+02 1.771579999999999927e+04
2.802250000000000227e+02 1.576300000000000000e+04
2.802200000000000273e+02 1.449000000000000000e+04
2.802149999999999750e+02 1.334839999999999964e+04
2.802099999999999795e+02 1.279600000000000000e+04
2.802049999999999841e+02 1.225700000000000000e+04
2.801999999999999886e+02 1.184120000000000073e+04
2.801949999999999932e+02 1.101779999999999927e+04
2.801899999999999977e+02 1.107239999999999964e+04
2.801850000000000023e+02 1.106960000000000036e+04
2.801800000000000068e+02 1.090460000000000036e+04
2.801750000000000114e+02 1.132779999999999927e+04
2.801700000000000159e+02 1.224020000000000073e+04
2.801650000000000205e+02 1.222379999999999927e+04
2.801600000000000250e+02 1.212339999999999964e+04
2.801549999999999727e+02 1.203979999999999927e+04
2.801499999999999773e+02 1.177879999999999927e+04
2.801449999999999818e+02 1.224460000000000036e+04
2.801399999999999864e+02 1.432860000000000036e+04
2.801349999999999909e+02 1.679140000000000146e+04
2.801299999999999955e+02 1.959820000000000073e+04
2.801250000000000000e+02 2.337579999999999927e+04
2.801200000000000045e+02 2.616779999999999927e+04
2.801150000000000091e+02 2.850459999999999854e+04
2.801100000000000136e+02 2.850900000000000000e+04
2.801050000000000182e+02 2.449279999999999927e+04
2.801000000000000227e+02 2.015320000000000073e+04
2.800950000000000273e+02 1.645800000000000000e+04
2.800899999999999750e+02 1.357260000000000036e+04
2.800849999999999795e+02 1.198200000000000000e+04
2.800799999999999841e+02 1.088220000000000073e+04
2.800749999999999886e+02 1.008279999999999927e+04
2.800699999999999932e+02 9.709600000000000364e+03
2.800649999999999977e+02 9.172200000000000728e+03
2.800600000000000023e+02 9.031200000000000728e+03
2.800550000000000068e+02 8.443799999999999272e+03
2.800500000000000114e+02 8.163399999999999636e+03
2.800450000000000159e+02 7.387000000000000000e+03
2.800400000000000205e+02 7.633600000000000364e+03
2.800350000000000250e+02 7.682800000000000182e+03
2.800299999999999727e+02 7.243800000000000182e+03
2.800249999999999773e+02 7.468199999999999818e+03
2.800199999999999818e+02 7.953000000000000000e+03
2.800149999999999864e+02 7.869600000000000364e+03
2.800099999999999909e+02 8.438000000000000000e+03
2.800049999999999955e+02 8.616000000000000000e+03
2.800000000000000000e+02 8.691000000000000000e+03
