2.888348880656799906e+02 1.351793474951179519e-03
2.885943601228404987e+02 1.576900672404013548e-03
2.883545919179281896e+02 3.869962841602792025e-03
2.880965889104088546e+02 6.356985635286083181e-03
2.881881523074873712e+02 9.910475408932383212e-01
2.881857084059845988e+02 9.769719776468553940e-01
2.881607356434955705e+02 8.331285612952750164e-01
2.881569748649712892e+02 8.114642711150836796e-01
2.881479656060342904e+02 7.804796899051006376e-01
2.881480563766146474e+02 7.600862863860265994e-01
2.881450609776581473e+02 7.428295586907707193e-01
2.881420656409774210e+02 7.255728309955149502e-01
2.881390703665704791e+02 7.083161033002590701e-01
2.881397511052857112e+02 6.913217522060081111e-01
2.881048182347576017e+02 5.109531746845681344e-01
2.881017708021576027e+02 4.933914038229820775e-01
2.880977555489519659e+02 4.702517007770709023e-01
2.880081123324763439e+02 1.887831024147381687e-01
2.880899295296284208e+02 6.761449056916344347e-01
2.880869353390411334e+02 6.588881779963786656e-01
2.880839412106919895e+02 6.416314503011227854e-01
2.880809471445790564e+02 6.243747226058669053e-01
2.880779531407002310e+02 6.071179949106111362e-01
2.880736663798536483e+02 5.824094984378584972e-01
2.880512820346996818e+02 4.533762390801501230e-01
2.880482886474005682e+02 4.361195113848943539e-01
2.880452953223144732e+02 4.188627836896384737e-01
2.880423020594394643e+02 4.016060559943827046e-01
2.880279261940627293e+02 3.814704739269905165e-01
2.880363157203150308e+02 3.670926006038710554e-01
2.880333226440617409e+02 3.498358729086151753e-01
2.880303296300118063e+02 3.325791452133594062e-01
2.880163630535216157e+02 3.147967532862293583e-01
2.880243437885142157e+02 2.980656898228477569e-01
2.880213509610626943e+02 2.808089621275918768e-01
2.880073550279567485e+02 2.628522598197017279e-01
2.880038940404593859e+02 2.428937212226633946e-01
2.880009016379724471e+02 2.256369935274075145e-01
2.880093802731931873e+02 2.117820513465685783e-01
2.879736645666137065e+02 1.187476815736026037e-01
2.879834585294321414e+02 9.366361303916848069e-02
2.879728622210299136e+02 6.392053777716932839e-02
2.879693491786044888e+02 4.365695601380081836e-02
2.879218068798908234e+02 2.037558782394410795e-02
2.878922044676705241e+02 6.422368296461478110e-03
2.879681026357663427e+02 1.619646607755715895e-01
2.879746981031071869e+02 1.372588973924127043e-01
2.879608275737647318e+02 -5.498571360564419308e-03
2.879540287826919780e+02 8.077960093652714058e-02
2.876376594590689137e+02 1.067784055706921809e-02
2.873989235335597527e+02 9.762007080455825658e-03
2.871611244737657671e+02 1.198376045752513885e-02
2.869225281458487302e+02 7.288560998066406782e-03
2.866850141131592977e+02 6.586653897840299976e-03
2.864479296792671903e+02 6.098673174001811859e-03
2.862114446559461385e+02 6.822941916358904457e-03
2.859751181390741408e+02 6.192343608261929866e-03
2.857394736943078328e+02 7.273156311264905582e-03
2.855039013292370100e+02 6.499940418909666562e-03
2.852686442803056366e+02 5.298871773779745276e-03
2.850347435580462729e+02 9.802506498982066496e-03
2.850677721762582451e+02 2.042378130378148526e-01
2.850691793503806366e+02 1.811461668172613670e-01
2.850405198414698589e+02 1.334514432940017148e-01
2.850514709101681206e+02 1.082799484293468506e-01
2.850485395451124191e+02 9.102322073409097047e-02
2.850456082403462119e+02 7.376649303883520137e-02
2.850426769958677369e+02 5.650976534357932124e-02
2.850397458116751181e+02 3.925303764832355213e-02
2.850374808469976529e+02 2.591829352017127608e-02
2.850287829558444628e+02 1.629554057533242339e-01
2.847998476116520123e+02 6.176938921460650711e-03
2.846861149982174766e+02 2.543590320686561768e-02
2.845659541693850656e+02 6.188119742526199119e-03
2.843319263420340803e+02 3.133022502038063095e-03
2.841010806723825226e+02 4.107418634766046850e-03
2.840652381792402252e+02 1.807104667845162993e-01
2.840300929609182390e+02 2.613528131185061110e-02
2.840627828399738632e+02 2.498208886364613468e-01
2.840749423306374979e+02 2.382328924353690480e-01
2.840611141156575172e+02 2.190124398669676120e-01
2.840691197602383227e+02 2.037194370448573988e-01
2.840385882561532753e+02 1.482179033911539268e-01
2.840455672520751591e+02 1.268458260400331383e-01
2.840426565391006193e+02 1.095890983447773692e-01
2.840397458857797233e+02 9.233237064952148909e-02
2.840266486839991558e+02 7.742610000493399536e-02
2.840339247580912456e+02 5.781891525900983986e-02
2.840429211469060533e+02 4.840888778755503274e-02
2.840209074632118131e+02 1.688812906106021972e-01
2.838657323256792324e+02 1.230046756681923981e-03
2.836339816792479951e+02 4.877975976334436581e-03
2.835424549258681282e+02 1.350495360920243026e-01
2.835315807021292471e+02 1.031493926438645792e-01
2.835361052833405893e+02 5.020852216624216435e-02
2.835320748776538267e+02 2.622743632089241661e-02
2.835010692615980474e+02 9.050575577099762015e-03
2.835447114525079542e+02 8.049697922742005129e-02
2.836133191921457524e+02 7.025993908998928728e-02
2.835535132872915369e+02 2.374443960875576298e-01
2.835531836664315506e+02 2.145670696426511537e-01
2.835526211152671863e+02 1.903039756707015639e-01
2.835539747577829530e+02 2.820224539072393455e-01
2.835510741110746267e+02 2.647657262119834654e-01
2.835138104747846910e+02 1.685409298531875821e-01
2.835336714769928221e+02 1.612253600404485177e-01
2.832958938486133889e+02 2.267544130667431546e-04
2.830643556366666758e+02 -4.038438950302314367e-04
2.828333983208454470e+02 1.778072630689297995e-04
2.826024008733164123e+02 -1.736349303353090789e-03
2.824470660037660537e+02 1.433819291123894502e-02
2.824745649897598128e+02 4.800165743807882635e-02
2.822464569900067204e+02 -2.827597439350348907e-03
2.820164998949408641e+02 -4.242592460867999904e-03
2.817872013011182162e+02 -3.946176471285589571e-03
2.815474666399503576e+02 -1.294028376993994200e-03
2.814875142396786032e+02 2.595209272814804624e-01
2.814846557168738741e+02 2.422641995862245823e-01
2.814817972521254887e+02 2.250074718909688132e-01
2.814789388454316850e+02 2.077507441957129330e-01
2.814788089192340976e+02 1.860500128209376935e-01
2.814393428929067227e+02 5.651523152276705098e-02
2.814397065845546990e+02 3.361194072671958022e-02
2.814365243145052773e+02 1.439422124791189805e-02
2.814516569758420701e+02 1.685254423454894956e-01
2.814487991812526957e+02 1.512687146502336155e-01
2.814459414446974392e+02 1.340119869549778464e-01
2.814430837661745954e+02 1.167552592597219663e-01
2.814402261456823453e+02 9.949853156446619717e-02
2.814373685832189835e+02 8.224180386921042807e-02
2.813089090868580797e+02 -3.644045839825693633e-03
2.810904260912239465e+02 -2.745077033770915165e-03
2.811386353950016428e+02 3.323853236096652175e-02
2.811467201940837413e+02 1.941627337652018781e-02
2.808523088702806945e+02 -7.115815012023185560e-03
2.806247774262415078e+02 -7.556256541109140912e-03
2.803792684319150226e+02 -2.487253246114873306e-03
2.803096726591750212e+02 2.154808325968449179e-02
2.801713453402202845e+02 -5.228243953468325600e-03
2.799448259035756905e+02 -6.215386222211183309e-03
2.797190807023850994e+02 -4.706720766433303282e-03
2.794793286371055387e+02 -4.315353804109856029e-03
2.792679482948136638e+02 -6.181843759014649109e-03
2.790427822439322654e+02 -7.810765156919474705e-03
2.788186975240224115e+02 -5.018541442816992770e-03
2.785944633077456274e+02 -5.363904582396994414e-03
2.783704161925030576e+02 -6.778899603914867456e-03
2.781471558867954741e+02 -5.555469316653516287e-03
2.779239079645525976e+02 -6.471302793267019737e-03
2.777016849249936286e+02 -3.251226326389522470e-03
2.774903270222769720e+02 -2.315573172092300069e-03
2.772450955111174835e+02 1.677741030014168189e-03
2.771458309577947716e+02 8.977769107087252287e-03
2.769908074471722443e+02 -6.324511035810997939e-03
2.767732527431530798e+02 -8.351668433801640035e-03
2.765525574070328503e+02 -7.056929354411378696e-03
2.763318950122020397e+02 -7.758836454637263458e-03
2.761116867593684674e+02 -7.818964425700958287e-03
2.758916135966480283e+02 -9.233959447218609284e-03
2.756724914168863734e+02 -6.869588485890920637e-03
2.754529591788526091e+02 -9.282906597216644684e-03
2.752387193350112398e+02 -9.445993684656261991e-03
2.750156410493120802e+02 -9.688397707860341157e-03
2.747974797821436255e+02 -1.003376084744056485e-02
2.745796306429180049e+02 -1.059305036340840722e-02
2.743622725182281101e+02 -1.022532558169708672e-02
2.741453590803608904e+02 -9.215821670823354239e-03
2.739285870053514031e+02 -9.489876018274223668e-03
2.737120234475794973e+02 -1.061963587127534581e-02
2.734960696669035656e+02 -1.003798471317662866e-02
2.732805120519855677e+02 -9.099789594432028395e-03
2.730650938691741203e+02 -9.445152734012252083e-03
2.728500816236493733e+02 -9.362663120817460438e-03
2.726354187951963013e+02 -9.208864715493758624e-03
2.724210270888794412e+02 -9.482919062944628052e-03
2.722070496221479630e+02 -9.257811865491794023e-03
2.719933528915560714e+02 -9.389248628684621067e-03
2.717799473778372317e+02 -9.805920560393754926e-03
2.715668544882554443e+02 -1.036521007636159730e-02
2.713542491724605838e+02 -9.926176502520922540e-03
2.711420532060168966e+02 -8.987981383776544320e-03
2.709300247085328124e+02 -9.119418146969371364e-03
2.707182292264159855e+02 -9.892634039324388340e-03
2.705086409123398994e+02 -1.095053848227744986e-02
2.702956627938012275e+02 -1.122513944764746974e-02
2.700850098148835059e+02 -1.100003225019441366e-02
2.699702119515930576e+02 -1.110413811744903612e-02
