0.000	569.000	-1427.200	0.000
1.000	568.990	-1171.000	1.446
2.000	568.980	-1275.600	4.509
3.000	568.970	-1174.800	7.447
4.000	568.960	-1048.600	10.553
5.000	568.950	-1123.200	13.476
6.000	568.940	-1279.600	16.414
7.000	568.930	-1194.800	19.482
8.000	568.920	-955.400	22.419
9.000	568.910	-1126.200	25.486
10.000	568.900	-1055.400	28.425
11.000	568.890	-1272.400	31.488
12.000	568.880	-1401.400	34.426
13.000	568.870	-1657.800	37.490
14.000	568.860	-1830.200	40.429
15.000	568.850	-1998.400	43.494
16.000	568.840	-2865.600	46.450
17.000	568.830	-2682.800	49.554
18.000	568.820	-2601.200	52.475
19.000	568.810	-2344.600	55.414
20.000	568.800	-2159.600	58.478
21.000	568.790	-2108.000	61.434
22.000	568.780	-1860.800	64.500
23.000	568.770	-1800.200	67.437
24.000	568.760	-1787.800	70.502
25.000	568.750	-1488.600	73.440
26.000	568.740	-1240.600	76.507
27.000	568.730	-1035.800	79.446
28.000	568.720	-1080.200	82.511
29.000	568.710	-1009.000	85.450
30.000	568.700	-1054.200	88.557
31.000	568.690	-925.200	91.479
32.000	568.680	-937.600	94.422
33.000	568.670	-1228.600	97.492
34.000	568.660	-1318.600	100.435
35.000	568.650	-1247.400	103.504
36.000	568.640	-1156.800	106.446
37.000	568.630	-1100.200	109.391
38.000	568.620	-1105.000	112.462
39.000	568.610	-1205.200	115.401
40.000	568.600	-1119.000	118.471
41.000	568.590	-970.600	121.409
42.000	568.580	-1016.400	124.478
43.000	568.570	-908.800	127.417
44.000	568.560	-1033.200	130.489
45.000	568.550	-1034.200	133.431
46.000	568.540	-1197.200	136.501
47.000	568.530	-1270.600	139.441
48.000	568.520	-1238.200	142.510
49.000	568.510	-1454.600	145.450
50.000	568.500	-1492.200	148.556
51.000	568.490	-1484.400	151.482
52.000	568.480	-1538.400	154.422
53.000	568.470	-1312.400	157.489
54.000	568.460	-1349.000	160.430
55.000	568.450	-1426.800	163.497
56.000	568.440	-1349.600	166.439
57.000	568.430	-1747.000	169.508
58.000	568.420	-1748.600	172.447
59.000	568.410	-1594.800	175.393
60.000	568.400	-1374.400	178.464
61.000	568.390	-1397.400	181.402
62.000	568.380	-1397.600	184.473
63.000	568.370	-1477.800	187.411
64.000	568.360	-1543.600	190.478
65.000	568.350	-1647.800	193.415
66.000	568.340	-1786.800	196.484
67.000	568.330	-1855.800	199.424
68.000	568.320	-2183.800	202.495
69.000	568.310	-1913.200	205.436
70.000	568.300	-1927.200	208.506
71.000	568.290	-1824.000	211.446
72.000	568.280	-1764.000	214.514
73.000	568.270	-1753.800	217.452
74.000	568.260	-1474.400	220.397
75.000	568.250	-1465.200	223.463
76.000	568.240	-1313.200	226.400
77.000	568.230	-1338.800	229.468
78.000	568.220	-1536.200	232.407
79.000	568.210	-1570.400	235.475
80.000	568.200	-1670.000	238.415
81.000	568.190	-1599.800	241.488
82.000	568.180	-1606.600	244.428
83.000	568.170	-1428.000	247.500
84.000	568.160	-1220.200	250.441
85.000	568.150	-1070.600	253.510
86.000	568.140	-1122.600	256.453
87.000	568.130	-1202.200	259.395
88.000	568.120	-1378.200	262.468
89.000	568.110	-1487.600	265.410
90.000	568.100	-2016.000	268.480
91.000	568.090	-2026.000	271.426
92.000	568.080	-2072.800	274.497
93.000	568.070	-2274.600	277.442
94.000	568.060	-2579.800	280.557
95.000	568.050	-3884.400	283.481
96.000	568.040	-6163.000	286.425
97.000	568.030	-9708.400	289.497
98.000	568.020	-14056.800	292.439
99.000	568.010	-17303.200	295.508
100.000	568.000	-20717.800	298.447
101.000	567.990	-22750.000	301.392
102.000	567.980	-24640.400	304.461
103.000	567.970	-25255.000	307.403
104.000	567.960	-26420.200	310.474
105.000	567.950	-25284.400	313.413
106.000	567.940	-26623.800	316.483
107.000	567.930	-26118.200	319.422
108.000	567.920	-20292.000	322.492
109.000	567.910	-14858.000	325.433
110.000	567.900	-11341.600	328.501
111.000	567.890	-8599.000	331.442
112.000	567.880	-6746.000	334.511
113.000	567.870	-5251.600	337.452
114.000	567.860	-4254.400	340.396
115.000	567.850	-3925.400	343.468
116.000	567.840	-3248.800	346.409
117.000	567.830	-3091.400	349.477
118.000	567.820	-2822.000	352.433
119.000	567.810	-2373.200	355.503
120.000	567.800	-2148.000	358.443
121.000	567.790	-2327.400	361.508
122.000	567.780	-2578.000	364.446
123.000	567.770	-2783.200	367.513
124.000	567.760	-2898.200	370.451
125.000	567.750	-2822.200	373.393
126.000	567.740	-2839.800	376.464
127.000	567.730	-2640.800	379.401
128.000	567.720	-2756.000	382.467
129.000	567.710	-2890.000	385.402
130.000	567.700	-2911.200	388.467
131.000	567.690	-2719.600	391.422
132.000	567.680	-2696.000	394.488
133.000	567.670	-2703.000	397.426
134.000	567.660	-2544.000	400.490
135.000	567.650	-2367.600	403.446
136.000	567.640	-2314.400	406.512
137.000	567.630	-2198.600	409.468
138.000	567.620	-2335.200	412.410
139.000	567.610	-2450.200	415.476
140.000	567.600	-2599.800	418.414
141.000	567.590	-2591.400	421.481
142.000	567.580	-2508.200	424.419
143.000	567.570	-2796.800	427.487
144.000	567.560	-2600.400	430.426
145.000	567.550	-2489.400	433.490
146.000	567.540	-2361.800	436.428
147.000	567.530	-2453.200	439.490
148.000	567.520	-2376.600	442.429
149.000	567.510	-2530.200	445.492
150.000	567.500	-2137.200	448.432
151.000	567.490	-2190.000	451.494
152.000	567.480	-2489.800	454.432
153.000	567.470	-2438.000	457.501
154.000	567.460	-2578.200	460.439
155.000	567.450	-2677.400	463.509
156.000	567.440	-2283.800	466.448
157.000	567.430	-2139.600	469.512
158.000	567.420	-2008.000	472.451
159.000	567.410	-1836.200	475.549
160.000	567.400	-2077.000	478.473
161.000	567.390	-2059.400	481.413
162.000	567.380	-2126.200	484.476
163.000	567.370	-2392.000	487.414
164.000	567.360	-2413.000	490.480
165.000	567.350	-2471.600	493.419
166.000	567.340	-2555.200	496.486
167.000	567.330	-2689.000	499.424
168.000	567.320	-2635.600	502.491
169.000	567.310	-2750.600	505.429
170.000	567.300	-2592.200	508.499
171.000	567.290	-2434.800	511.439
172.000	567.280	-2688.800	514.508
173.000	567.270	-2757.800	517.452
174.000	567.260	-2748.000	520.395
175.000	567.250	-2965.800	523.466
176.000	567.240	-2868.600	526.405
177.000	567.230	-2802.400	529.476
178.000	567.220	-3354.000	532.416
179.000	567.210	-4195.000	535.485
180.000	567.200	-5931.800	538.424
181.000	567.190	-8292.800	541.488
182.000	567.180	-12191.600	544.427
183.000	567.170	-16447.200	547.491
184.000	567.160	-19639.800	550.429
185.000	567.150	-23033.800	553.497
186.000	567.140	-25866.000	556.434
187.000	567.130	-27637.400	559.504
188.000	567.120	-25743.800	562.442
189.000	567.110	-20838.200	565.511
190.000	567.100	-16670.200	568.452
191.000	567.090	-12657.000	571.394
192.000	567.080	-10330.000	574.465
193.000	567.070	-8355.600	577.404
194.000	567.060	-7216.000	580.473
195.000	567.050	-6341.400	583.413
196.000	567.040	-5828.400	586.482
197.000	567.030	-5410.000	589.421
198.000	567.020	-4868.400	592.490
199.000	567.010	-4323.000	595.428
200.000	567.000	-4110.400	598.496
201.000	566.990	-4437.200	601.434
202.000	566.980	-4824.400	604.502
203.000	566.970	-5712.000	607.440
204.000	566.960	-8265.600	610.504
205.000	566.950	-12826.400	613.443
206.000	566.940	-17873.200	616.509
207.000	566.930	-22581.400	619.448
208.000	566.920	-25438.200	622.392
209.000	566.910	-28210.200	625.460
210.000	566.900	-30454.600	628.414
211.000	566.890	-32381.600	631.479
212.000	566.880	-33976.200	634.434
213.000	566.870	-34057.800	637.499
214.000	566.860	-33033.800	640.453
215.000	566.850	-31686.000	643.393
216.000	566.840	-32320.400	646.458
217.000	566.830	-31604.800	649.413
218.000	566.820	-28217.600	652.478
219.000	566.810	-21778.000	655.428
220.000	566.800	-17023.000	658.493
221.000	566.790	-13137.200	661.444
222.000	566.780	-10532.000	664.510
223.000	566.770	-8409.000	667.465
224.000	566.760	-6675.000	670.402
225.000	566.750	-5585.200	673.467
226.000	566.740	-4745.600	676.418
227.000	566.730	-4492.600	679.484
228.000	566.720	-4131.800	682.438
229.000	566.710	-4323.800	685.504
230.000	566.700	-4561.600	688.460
231.000	566.690	-4184.800	691.399
232.000	566.680	-4044.400	694.466
233.000	566.670	-4056.200	697.418
234.000	566.660	-4392.600	700.483
235.000	566.650	-4271.800	703.433
236.000	566.640	-4413.400	706.496
237.000	566.630	-4515.800	709.450
238.000	566.620	-4795.400	712.513
239.000	566.610	-4617.600	715.467
240.000	566.600	-4542.400	718.407
241.000	566.590	-4485.800	721.469
242.000	566.580	-4206.600	724.425
243.000	566.570	-4131.600	727.489
244.000	566.560	-4160.600	730.443
245.000	566.550	-4115.000	733.506
246.000	566.540	-4595.400	736.459
247.000	566.530	-4689.400	739.398
248.000	566.520	-4852.400	742.465
249.000	566.510	-4830.200	745.405
250.000	566.500	-5147.400	748.469
251.000	566.490	-5726.800	751.423
252.000	566.480	-7460.000	754.488
253.000	566.470	-9411.400	757.442
254.000	566.460	-10855.000	760.507
255.000	566.450	-12381.600	763.462
256.000	566.440	-13708.800	766.401
257.000	566.430	-12306.400	769.468
258.000	566.420	-10235.000	772.419
259.000	566.410	-8616.000	775.483
260.000	566.400	-7308.600	778.438
261.000	566.390	-6335.400	781.500
262.000	566.380	-5634.800	784.455
263.000	566.370	-4959.800	787.394
264.000	566.360	-4452.800	790.460
265.000	566.350	-4103.000	793.415
266.000	566.340	-3775.400	796.482
267.000	566.330	-3731.200	799.421
268.000	566.320	-4332.800	802.486
269.000	566.310	-4809.400	805.426
270.000	566.300	-5379.200	808.489
271.000	566.290	-6407.400	811.445
272.000	566.280	-7660.600	814.551
273.000	566.270	-8919.400	817.475
274.000	566.260	-8274.800	820.416
275.000	566.250	-9217.600	823.484
276.000	566.240	-9386.600	826.438
277.000	566.230	-8540.800	829.506
278.000	566.220	-7589.000	832.444
279.000	566.210	-6681.400	835.385
280.000	566.200	-5903.200	838.453
281.000	566.190	-5349.200	841.392
282.000	566.180	-5253.600	844.460
283.000	566.170	-5057.800	847.398
284.000	566.160	-4845.200	850.466
285.000	566.150	-4830.400	853.405
286.000	566.140	-4701.800	856.473
287.000	566.130	-4356.600	859.429
288.000	566.120	-4731.400	862.495
289.000	566.110	-4678.600	865.435
290.000	566.100	-4367.800	868.498
291.000	566.090	-4058.200	871.436
292.000	566.080	-4096.800	874.500
293.000	566.070	-4162.200	877.455
294.000	566.060	-4420.200	880.393
295.000	566.050	-4508.200	883.458
296.000	566.040	-4355.600	886.411
297.000	566.030	-4244.400	889.476
298.000	566.020	-4353.600	892.426
299.000	566.010	-4474.800	895.489
300.000	566.000	-4383.000	898.440
301.000	565.990	-4682.200	901.506
302.000	565.980	-4528.600	904.458
303.000	565.970	-4442.400	907.396
304.000	565.960	-4560.400	910.462
305.000	565.950	-4359.600	913.413
306.000	565.940	-5072.800	916.477
307.000	565.930	-5240.000	919.429
308.000	565.920	-5532.600	922.508
309.000	565.910	-5472.400	925.459
310.000	565.900	-5750.400	928.413
311.000	565.890	-5486.000	931.476
312.000	565.880	-5568.400	934.423
313.000	565.870	-5440.000	937.504
314.000	565.860	-5244.600	940.454
315.000	565.850	-5069.600	943.408
316.000	565.840	-5277.200	946.472
317.000	565.830	-5799.200	949.420
318.000	565.820	-5874.400	952.500
319.000	565.810	-6199.000	955.453
320.000	565.800	-6453.200	958.406
321.000	565.790	-6717.200	961.487
322.000	565.780	-6496.000	964.435
323.000	565.770	-5945.800	967.545
324.000	565.760	-5764.600	970.471
325.000	565.750	-5775.000	973.423
326.000	565.740	-6046.200	976.486
327.000	565.730	-6240.400	979.438
328.000	565.720	-6799.800	982.503
329.000	565.710	-8154.400	985.461
330.000	565.700	-8882.200	988.403
331.000	565.690	-9691.400	991.471
332.000	565.680	-9653.800	994.427
333.000	565.670	-10235.800	997.495
334.000	565.660	-10300.800	1000.451
335.000	565.650	-10207.800	1003.392
336.000	565.640	-9044.000	1006.464
337.000	565.630	-7966.800	1009.402
338.000	565.620	-7249.800	1012.470
339.000	565.610	-6442.800	1015.410
340.000	565.600	-6307.200	1018.477
341.000	565.590	-6752.200	1021.416
342.000	565.580	-6624.200	1024.481
343.000	565.570	-6502.800	1027.419
344.000	565.560	-6865.000	1030.488
345.000	565.550	-6817.400	1033.428
346.000	565.540	-6831.800	1036.498
347.000	565.530	-6402.600	1039.438
348.000	565.520	-6197.000	1042.510
349.000	565.510	-6222.400	1045.450
350.000	565.500	-6547.000	1048.391
351.000	565.490	-6679.400	1051.465
352.000	565.480	-6367.800	1054.405
353.000	565.470	-6299.200	1057.473
354.000	565.460	-6355.400	1060.413
355.000	565.450	-6224.600	1063.480
356.000	565.440	-6663.200	1066.420
357.000	565.430	-7360.600	1069.486
358.000	565.420	-8347.600	1072.427
359.000	565.410	-9885.000	1075.492
360.000	565.400	-11832.800	1078.432
361.000	565.390	-12433.600	1081.500
362.000	565.380	-11652.400	1084.439
363.000	565.370	-10348.200	1087.508
364.000	565.360	-8874.000	1090.447
365.000	565.350	-7469.800	1093.393
366.000	565.340	-6629.800	1096.463
367.000	565.330	-6201.600	1099.420
368.000	565.320	-5901.000	1102.487
369.000	565.310	-5723.000	1105.425
370.000	565.300	-5511.600	1108.494
371.000	565.290	-5658.800	1111.434
372.000	565.280	-5915.000	1114.500
373.000	565.270	-5744.000	1117.457
374.000	565.260	-6451.000	1120.397
375.000	565.250	-6839.000	1123.464
376.000	565.240	-6659.600	1126.418
377.000	565.230	-6743.400	1129.484
378.000	565.220	-6307.000	1132.440
379.000	565.210	-5936.200	1135.507
380.000	565.200	-6156.200	1138.463
381.000	565.190	-6033.600	1141.405
382.000	565.180	-6370.400	1144.471
383.000	565.170	-6270.200	1147.412
384.000	565.160	-6803.800	1150.480
385.000	565.150	-7352.200	1153.421
386.000	565.140	-6882.000	1156.489
387.000	565.130	-7337.200	1159.428
388.000	565.120	-7476.200	1162.499
389.000	565.110	-7662.600	1165.440
390.000	565.100	-7993.600	1168.509
391.000	565.090	-7829.400	1171.448
392.000	565.080	-7149.800	1174.391
393.000	565.070	-6851.000	1177.463
394.000	565.060	-6240.000	1180.422
395.000	565.050	-6200.400	1183.489
396.000	565.040	-6481.400	1186.445
397.000	565.030	-6674.800	1189.511
398.000	565.020	-6431.200	1192.468
399.000	565.010	-6544.000	1195.409
400.000	565.000	-6615.600	1198.478
401.000	564.990	-6477.800	1201.434
402.000	564.980	-6371.800	1204.502
403.000	564.970	-6793.800	1207.440
404.000	564.960	-6890.800	1210.510
405.000	564.950	-7516.600	1213.449
406.000	564.940	-7719.600	1216.552
407.000	564.930	-7966.800	1219.476
408.000	564.920	-8423.000	1222.418
409.000	564.910	-8955.600	1225.482
410.000	564.900	-10044.400	1228.438
411.000	564.890	-12773.200	1231.506
412.000	564.880	-16343.200	1234.463
413.000	564.870	-21201.400	1237.406
414.000	564.860	-26276.800	1240.472
415.000	564.850	-30564.600	1243.412
416.000	564.840	-34058.800	1246.476
417.000	564.830	-35661.600	1249.434
418.000	564.820	-36770.200	1252.502
419.000	564.810	-38447.200	1255.442
420.000	564.800	-38229.000	1258.508
421.000	564.790	-37556.600	1261.463
422.000	564.780	-36958.200	1264.403
423.000	564.770	-37092.600	1267.471
424.000	564.760	-36845.400	1270.428
425.000	564.750	-37099.000	1273.495
426.000	564.740	-36791.200	1276.450
427.000	564.730	-34755.000	1279.392
428.000	564.720	-32247.000	1282.459
429.000	564.710	-29842.800	1285.411
430.000	564.700	-29797.000	1288.477
431.000	564.690	-31171.400	1291.428
432.000	564.680	-29590.000	1294.494
433.000	564.670	-31612.400	1297.448
434.000	564.660	-31582.400	1300.513
435.000	564.650	-26954.200	1303.469
436.000	564.640	-23717.800	1306.409
437.000	564.630	-19865.200	1309.474
438.000	564.620	-16493.000	1312.425
439.000	564.610	-13970.200	1315.490
440.000	564.600	-11697.200	1318.443
441.000	564.590	-10246.000	1321.400
442.000	564.580	-9095.600	1324.467
443.000	564.570	-9020.000	1327.422
444.000	564.560	-8303.400	1330.488
445.000	564.550	-8276.000	1333.444
446.000	564.540	-8078.000	1336.510
447.000	564.530	-7752.400	1339.451
448.000	564.520	-7412.000	1342.392
449.000	564.510	-7595.800	1345.461
450.000	564.500	-7344.200	1348.417
451.000	564.490	-7411.800	1351.484
452.000	564.480	-7195.600	1354.439
453.000	564.470	-7340.800	1357.503
454.000	564.460	-7207.200	1360.456
455.000	564.450	-7723.600	1363.396
456.000	564.440	-7689.400	1366.478
457.000	564.430	-7727.400	1369.431
458.000	564.420	-7518.200	1372.496
459.000	564.410	-7488.000	1375.452
460.000	564.400	-7549.000	1378.394
461.000	564.390	-7126.200	1381.462
462.000	564.380	-7660.200	1384.401
463.000	564.370	-7857.800	1387.474
464.000	564.360	-7831.400	1390.416
465.000	564.350	-8295.000	1393.488
466.000	564.340	-9029.400	1396.428
467.000	564.330	-9383.600	1399.500
468.000	564.320	-10525.800	1402.439
469.000	564.310	-11996.000	1405.513
470.000	564.300	-13903.000	1408.456
471.000	564.290	-16548.600	1411.403
472.000	564.280	-20145.400	1414.476
473.000	564.270	-22957.000	1417.416
474.000	564.260	-23241.400	1420.487
475.000	564.250	-26526.000	1423.428
476.000	564.240	-27486.400	1426.500
477.000	564.230	-25171.800	1429.444
478.000	564.220	-21769.200	1432.554
479.000	564.210	-17782.400	1435.479
480.000	564.200	-14979.800	1438.420
481.000	564.190	-12944.000	1441.490
482.000	564.180	-10775.800	1444.434
483.000	564.170	-9851.600	1447.504
484.000	564.160	-9321.400	1450.446
485.000	564.150	-8465.200	1453.393
486.000	564.140	-8264.200	1456.464
487.000	564.130	-8069.200	1459.405
488.000	564.120	-7848.600	1462.476
489.000	564.110	-7554.200	1465.433
490.000	564.100	-7679.800	1468.502
491.000	564.090	-7770.600	1471.458
492.000	564.080	-8053.400	1474.397
493.000	564.070	-8026.200	1477.463
494.000	564.060	-8125.600	1480.419
495.000	564.050	-8669.600	1483.483
496.000	564.040	-9298.400	1486.440
497.000	564.030	-9351.000	1489.505
498.000	564.020	-9504.600	1492.461
499.000	564.010	-10092.600	1495.405
500.000	564.000	-9692.400	1498.471
501.000	563.990	-9329.400	1501.426
502.000	563.980	-9160.400	1504.494
503.000	563.970	-9098.200	1507.447
504.000	563.960	-8636.000	1510.550
505.000	563.950	-8571.400	1513.475
506.000	563.940	-9146.000	1516.416
507.000	563.930	-9426.000	1519.483
508.000	563.920	-9665.000	1522.439
509.000	563.910	-9744.200	1525.505
510.000	563.900	-9632.200	1528.460
511.000	563.890	-10064.600	1531.400
512.000	563.880	-9701.200	1534.465
513.000	563.870	-9528.600	1537.418
514.000	563.860	-9725.600	1540.482
515.000	563.850	-9860.000	1543.434
516.000	563.840	-10028.000	1546.544
517.000	563.830	-10285.200	1549.471
518.000	563.820	-9922.200	1553.442
519.000	563.810	-10303.800	1555.399
520.000	563.800	-10481.400	1558.482
521.000	563.790	-10703.600	1561.430
522.000	563.780	-10816.000	1564.511
523.000	563.770	-10999.800	1567.461
524.000	563.760	-11470.400	1570.418
525.000	563.750	-11630.800	1573.498
526.000	563.740	-11730.400	1576.450
527.000	563.730	-11836.400	1579.405
528.000	563.720	-11831.800	1582.486
529.000	563.710	-12331.400	1585.436
530.000	563.700	-13901.400	1588.544
531.000	563.690	-15841.800	1591.471
532.000	563.680	-17771.600	1594.421
533.000	563.670	-18814.000	1597.501
534.000	563.660	-21230.400	1600.452
535.000	563.650	-22925.200	1603.405
536.000	563.640	-21895.600	1606.484
537.000	563.630	-20934.400	1609.433
538.000	563.620	-20026.000	1612.513
539.000	563.610	-19990.400	1615.465
540.000	563.600	-20838.600	1618.422
541.000	563.590	-20300.600	1621.504
542.000	563.580	-19028.200	1624.451
543.000	563.570	-18003.200	1627.408
544.000	563.560	-16429.000	1630.489
545.000	563.550	-15280.400	1633.441
546.000	563.540	-14381.400	1636.508
547.000	563.530	-13376.200	1639.460
548.000	563.520	-12439.200	1642.401
549.000	563.510	-12414.200	1645.485
550.000	563.500	-12126.200	1648.434
551.000	563.490	-12432.000	1651.498
552.000	563.480	-12991.600	1654.454
553.000	563.470	-12856.600	1657.394
554.000	563.460	-12844.000	1660.461
555.000	563.450	-13235.800	1663.414
556.000	563.440	-12737.000	1666.479
557.000	563.430	-12167.000	1669.428
558.000	563.420	-11705.200	1672.513
559.000	563.410	-10787.000	1675.463
560.000	563.400	-10377.400	1678.419
561.000	563.390	-10028.600	1681.503
562.000	563.380	-9479.800	1684.454
563.000	563.370	-9220.800	1687.395
564.000	563.360	-9458.800	1690.461
565.000	563.350	-9753.400	1693.412
566.000	563.340	-9967.800	1696.478
567.000	563.330	-10510.600	1699.425
568.000	563.320	-10898.200	1702.491
569.000	563.310	-10704.600	1705.444
570.000	563.300	-11086.600	1708.400
571.000	563.290	-11312.400	1711.468
572.000	563.280	-11241.600	1714.418
573.000	563.270	-10875.000	1717.485
574.000	563.260	-10793.000	1720.435
575.000	563.250	-10756.400	1723.391
576.000	563.240	-10941.800	1726.458
577.000	563.230	-11170.800	1729.409
578.000	563.220	-11899.200	1732.474
579.000	563.210	-12076.200	1735.427
580.000	563.200	-12655.600	1738.491
581.000	563.190	-13182.600	1741.446
582.000	563.180	-13367.200	1744.510
583.000	563.170	-14396.200	1747.465
584.000	563.160	-15072.400	1750.406
585.000	563.150	-14827.400	1753.472
586.000	563.140	-14752.600	1756.428
587.000	563.130	-14348.400	1759.496
588.000	563.120	-13534.000	1762.453
589.000	563.110	-13855.600	1765.393
590.000	563.100	-13295.600	1768.459
591.000	563.090	-12749.000	1771.413
592.000	563.080	-12132.600	1774.478
593.000	563.070	-11075.800	1777.436
594.000	563.060	-10765.800	1780.500
595.000	563.050	-10832.600	1783.454
596.000	563.040	-11343.400	1786.395
597.000	563.030	-11990.600	1789.477
598.000	563.020	-12335.600	1792.432
599.000	563.010	-12952.000	1795.496
600.000	563.000	-13440.600	1798.452
601.000	562.990	-12916.600	1801.393
602.000	562.980	-12775.600	1804.475
603.000	562.970	-12677.200	1807.430
604.000	562.960	-13154.200	1810.497
605.000	562.950	-13696.200	1813.439
606.000	562.940	-14579.200	1816.505
607.000	562.930	-16103.200	1819.445
608.000	562.920	-18338.800	1822.512
609.000	562.910	-21743.200	1825.470
610.000	562.900	-24110.000	1828.414
611.000	562.890	-25665.000	1831.481
612.000	562.880	-28665.000	1834.422
613.000	562.870	-28444.800	1837.487
614.000	562.860	-26230.400	1840.427
615.000	562.850	-24662.800	1843.495
616.000	562.840	-23055.000	1846.437
617.000	562.830	-22313.600	1849.502
618.000	562.820	-23517.600	1852.443
619.000	562.810	-25225.200	1855.510
620.000	562.800	-28620.400	1858.451
621.000	562.790	-32028.200	1861.392
622.000	562.780	-34531.800	1864.461
623.000	562.770	-37993.600	1867.402
624.000	562.760	-40889.800	1870.468
625.000	562.750	-43041.000	1873.410
626.000	562.740	-43827.400	1876.476
627.000	562.730	-46145.200	1879.434
628.000	562.720	-45949.200	1882.505
629.000	562.710	-44082.400	1885.464
630.000	562.700	-40170.400	1888.407
631.000	562.690	-36365.400	1891.474
632.000	562.680	-31258.400	1894.433
633.000	562.670	-27354.400	1897.504
634.000	562.660	-24303.600	1900.461
635.000	562.650	-21486.400	1903.406
636.000	562.640	-20140.000	1906.471
637.000	562.630	-19266.800	1909.412
638.000	562.620	-19361.800	1912.479
639.000	562.610	-19168.000	1915.421
640.000	562.600	-19189.000	1918.490
641.000	562.590	-19226.200	1921.431
642.000	562.580	-19881.200	1924.501
643.000	562.570	-18718.600	1927.443
644.000	562.560	-17879.000	1930.513
645.000	562.550	-16941.000	1933.454
646.000	562.540	-15145.200	1936.397
647.000	562.530	-15053.000	1939.467
648.000	562.520	-14475.000	1942.409
649.000	562.510	-13873.800	1945.477
650.000	562.500	-13629.000	1948.418
651.000	562.490	-12833.200	1951.489
652.000	562.480	-12144.800	1954.429
653.000	562.470	-12293.000	1957.494
654.000	562.460	-11562.800	1960.450
655.000	562.450	-11107.600	1963.548
656.000	562.440	-11033.000	1966.474
657.000	562.430	-10682.800	1969.433
658.000	562.420	-11605.200	1972.498
659.000	562.410	-12988.200	1975.454
660.000	562.400	-14311.600	1978.396
661.000	562.390	-16315.400	1981.463
662.000	562.380	-18439.400	1984.423
663.000	562.370	-19966.800	1987.488
664.000	562.360	-21622.800	1990.430
665.000	562.350	-22914.600	1993.498
666.000	562.340	-23934.000	1996.456
667.000	562.330	-24990.400	1999.401
668.000	562.320	-26945.600	2002.469
669.000	562.310	-29988.800	2005.425
670.000	562.300	-32227.000	2008.495
671.000	562.290	-33475.800	2011.450
672.000	562.280	-33273.400	2014.391
673.000	562.270	-34070.200	2017.459
674.000	562.260	-31677.400	2020.416
675.000	562.250	-27560.400	2023.484
676.000	562.240	-24291.400	2026.440
677.000	562.230	-22441.400	2029.509
678.000	562.220	-23087.000	2032.466
679.000	562.210	-25842.800	2035.408
680.000	562.200	-28794.800	2038.478
681.000	562.190	-32567.600	2041.435
682.000	562.180	-35731.000	2044.505
683.000	562.170	-37694.400	2047.446
684.000	562.160	-39650.000	2050.514
685.000	562.150	-40897.200	2053.456
686.000	562.140	-41970.800	2056.398
687.000	562.130	-41505.400	2059.469
688.000	562.120	-39635.400	2062.426
689.000	562.110	-35231.200	2065.493
690.000	562.100	-30173.200	2068.451
691.000	562.090	-25329.400	2071.392
692.000	562.080	-20345.400	2074.463
693.000	562.070	-17409.200	2077.418
694.000	562.060	-15226.600	2080.485
695.000	562.050	-13248.000	2083.425
696.000	562.040	-12111.200	2086.492
697.000	562.030	-11546.200	2089.434
698.000	562.020	-11205.000	2092.503
699.000	562.010	-10427.600	2095.444
700.000	562.000	-9916.200	2098.553
701.000	561.990	-9985.400	2101.479
702.000	561.980	-9476.000	2104.423
703.000	561.970	-9764.800	2107.494
704.000	561.960	-9591.600	2110.437
705.000	561.950	-9608.600	2113.505
706.000	561.940	-9623.800	2116.463
707.000	561.930	-9951.400	2119.407
708.000	561.920	-10089.800	2122.473
709.000	561.910	-10431.400	2125.432
710.000	561.900	-10307.200	2128.498
711.000	561.890	-10013.600	2131.454
712.000	561.880	-10080.000	2134.395
713.000	561.870	-10099.600	2137.461
714.000	561.860	-10077.600	2140.417
715.000	561.850	-9749.600	2143.486
716.000	561.840	-9874.400	2146.441
717.000	561.830	-10584.000	2149.511
718.000	561.820	-11114.600	2152.468
719.000	561.810	-13004.200	2155.409
720.000	561.800	-15142.200	2158.476
721.000	561.790	-17358.200	2161.417
722.000	561.780	-20438.000	2164.484
723.000	561.770	-23085.000	2167.440
724.000	561.760	-24628.800	2170.507
725.000	561.750	-27115.000	2173.447
726.000	561.740	-26357.600	2176.514
727.000	561.730	-25297.600	2179.468
728.000	561.720	-23075.600	2182.410
729.000	561.710	-19608.400	2185.478
730.000	561.700	-16629.400	2188.434
731.000	561.690	-14771.400	2191.502
732.000	561.680	-13386.600	2194.461
733.000	561.670	-12210.600	2197.401
734.000	561.660	-11062.200	2200.470
735.000	561.650	-11000.800	2203.409
736.000	561.640	-10812.400	2206.477
737.000	561.630	-11114.000	2209.433
738.000	561.620	-11148.000	2212.500
739.000	561.610	-11471.000	2215.457
740.000	561.600	-11546.800	2218.396
741.000	561.590	-11780.000	2221.462
742.000	561.580	-11551.200	2224.416
743.000	561.570	-11457.000	2227.480
744.000	561.560	-10717.600	2230.438
745.000	561.550	-10737.400	2233.503
746.000	561.540	-10647.600	2236.457
747.000	561.530	-11007.200	2239.398
748.000	561.520	-12767.200	2242.465
749.000	561.510	-15099.200	2245.424
750.000	561.500	-17690.400	2248.490
751.000	561.490	-20806.000	2251.447
752.000	561.480	-21221.400	2254.548
753.000	561.470	-23374.400	2257.474
754.000	561.460	-24394.800	2260.415
755.000	561.450	-23363.600	2263.483
756.000	561.440	-20224.600	2266.441
757.000	561.430	-18014.400	2269.509
758.000	561.420	-16610.400	2272.463
759.000	561.410	-15028.200	2275.403
760.000	561.400	-14790.200	2278.469
761.000	561.390	-15145.400	2281.426
762.000	561.380	-15228.800	2284.493
763.000	561.370	-15236.400	2287.433
764.000	561.360	-14778.400	2290.502
765.000	561.350	-13855.000	2293.440
766.000	561.340	-13175.200	2296.508
767.000	561.330	-13261.200	2299.449
768.000	561.320	-12785.400	2302.553
769.000	561.310	-12864.800	2305.479
770.000	561.300	-13455.200	2308.419
771.000	561.290	-14340.600	2311.491
772.000	561.280	-16625.400	2314.449
773.000	561.270	-20091.400	2317.394
774.000	561.260	-22676.400	2320.464
775.000	561.250	-24361.600	2323.404
776.000	561.240	-27352.800	2326.474
777.000	561.230	-28400.000	2329.433
778.000	561.220	-27159.200	2332.501
779.000	561.210	-23861.000	2335.461
780.000	561.200	-20448.000	2338.405
781.000	561.190	-19022.200	2341.474
782.000	561.180	-17287.400	2344.414
783.000	561.170	-15598.800	2347.483
784.000	561.160	-13705.400	2350.425
785.000	561.150	-12596.800	2353.496
786.000	561.140	-12113.800	2356.437
787.000	561.130	-11349.400	2359.503
788.000	561.120	-11143.600	2362.460
789.000	561.110	-11397.400	2365.403
790.000	561.100	-11574.600	2368.471
791.000	561.090	-11234.000	2371.429
792.000	561.080	-11637.400	2374.496
793.000	561.070	-11494.000	2377.454
794.000	561.060	-10751.800	2380.395
795.000	561.050	-10530.800	2383.461
796.000	561.040	-10733.200	2386.417
797.000	561.030	-10443.200	2389.482
798.000	561.020	-10141.600	2392.437
799.000	561.010	-10676.400	2395.503
800.000	561.000	-10628.800	2398.454
801.000	560.990	-10516.800	2401.396
802.000	560.980	-10808.200	2404.478
803.000	560.970	-11036.400	2407.433
804.000	560.960	-10882.600	2410.499
805.000	560.950	-10818.200	2413.453
806.000	560.940	-10725.400	2416.393
807.000	560.930	-11115.400	2419.459
808.000	560.920	-11276.200	2422.413
809.000	560.910	-12739.000	2425.497
810.000	560.900	-14408.400	2428.448
811.000	560.890	-16419.200	2431.514
812.000	560.880	-19065.000	2434.464
813.000	560.870	-22962.600	2437.405
814.000	560.860	-26173.000	2440.487
815.000	560.850	-27069.200	2443.437
816.000	560.840	-30107.800	2446.394
817.000	560.830	-31664.200	2449.474
818.000	560.820	-29473.200	2452.426
819.000	560.810	-24903.400	2455.507
820.000	560.800	-20517.800	2458.460
821.000	560.790	-17803.800	2461.418
822.000	560.780	-16377.800	2464.485
823.000	560.770	-14447.400	2467.436
824.000	560.760	-13356.600	2470.503
825.000	560.750	-12558.400	2473.455
826.000	560.740	-11500.600	2476.414
827.000	560.730	-11346.600	2479.498
828.000	560.720	-11378.400	2482.448
829.000	560.710	-10871.800	2485.402
830.000	560.700	-10655.600	2488.486
831.000	560.690	-10473.800	2491.434
832.000	560.680	-10710.800	2494.510
833.000	560.670	-11133.600	2497.458
834.000	560.660	-11971.200	2500.410
835.000	560.650	-13201.600	2503.491
836.000	560.640	-14197.200	2506.439
837.000	560.630	-15552.800	2509.393
838.000	560.620	-15284.000	2512.473
839.000	560.610	-16535.600	2515.417
840.000	560.600	-16826.400	2518.498
841.000	560.590	-18316.000	2521.447
842.000	560.580	-21483.200	2524.402
843.000	560.570	-26143.600	2527.482
844.000	560.560	-30318.800	2530.433
845.000	560.550	-34831.200	2533.513
846.000	560.540	-38070.800	2536.462
847.000	560.530	-39165.800	2539.415
848.000	560.520	-41218.400	2542.496
849.000	560.510	-41983.600	2545.445
850.000	560.500	-40746.200	2548.401
851.000	560.490	-33549.200	2551.481
852.000	560.480	-26394.200	2554.429
853.000	560.470	-21007.800	2557.511
854.000	560.460	-17715.800	2560.458
855.000	560.450	-15763.000	2563.413
856.000	560.440	-14490.000	2566.493
857.000	560.430	-13348.400	2569.443
858.000	560.420	-12796.000	2572.398
859.000	560.410	-12257.000	2575.478
860.000	560.400	-11841.200	2578.428
861.000	560.390	-11017.800	2581.509
862.000	560.380	-11072.400	2584.457
863.000	560.370	-11069.600	2587.411
864.000	560.360	-10904.600	2590.491
865.000	560.350	-11327.800	2593.442
866.000	560.340	-12240.200	2596.395
867.000	560.330	-12223.800	2599.478
868.000	560.320	-12123.400	2602.427
869.000	560.310	-12039.800	2605.506
870.000	560.300	-11778.800	2608.458
871.000	560.290	-12244.600	2611.410
872.000	560.280	-14328.600	2614.492
873.000	560.270	-16791.400	2617.441
874.000	560.260	-19598.200	2620.396
875.000	560.250	-23375.800	2623.476
876.000	560.240	-26167.800	2626.425
877.000	560.230	-28504.600	2629.507
878.000	560.220	-28509.000	2632.458
879.000	560.210	-24492.800	2635.412
880.000	560.200	-20153.200	2638.492
881.000	560.190	-16458.000	2641.441
882.000	560.180	-13572.600	2644.397
883.000	560.170	-11982.000	2647.478
884.000	560.160	-10882.200	2650.427
885.000	560.150	-10082.800	2653.506
886.000	560.140	-9709.600	2656.457
887.000	560.130	-9172.200	2659.397
888.000	560.120	-9031.200	2662.480
889.000	560.110	-8443.800	2665.432
890.000	560.100	-8163.400	2668.500
891.000	560.090	-7387.000	2671.453
892.000	560.080	-7633.600	2674.394
893.000	560.070	-7682.800	2677.461
894.000	560.060	-7243.800	2680.412
895.000	560.050	-7468.200	2683.477
896.000	560.040	-7953.000	2686.432
897.000	560.030	-7869.600	2689.499
898.000	560.020	-8438.000	2692.451
899.000	560.010	-8616.000	2695.393
900.000	560.000	-8691.000	2698.461
901.000	559.990	0.000	2701.417
