237.762725	-5.89136e-18
237.801650	-6.81000e-18
237.840575	-5.94901e-18
237.879500	-5.05006e-18
237.918425	-4.50588e-18
237.957350	-4.05826e-18
237.996275	-3.74562e-18
238.035200	-3.54796e-18
238.074125	-3.19300e-18
238.113050	-3.10048e-18
238.151975	-2.95509e-18
238.190900	-2.84251e-18
238.229825	-2.78008e-18
238.268750	-2.75211e-18
238.307675	-2.59947e-18
238.346600	-2.53774e-18
238.385525	-2.50052e-18
238.424450	-2.45370e-18
238.463375	-2.39270e-18
238.502300	-2.28921e-18
238.541225	-2.28505e-18
238.580150	-2.27621e-18
238.619075	-2.25004e-18
238.658000	-2.19371e-18
238.696925	-2.13121e-18
238.735850	-2.03450e-18
238.774775	-2.00570e-18
238.813700	-1.91417e-18
238.852625	-1.91329e-18
238.891550	-1.91099e-18
238.930475	-1.87184e-18
238.969400	-1.86509e-18
239.008325	-1.88985e-18
239.047250	-1.79351e-18
239.086175	-1.78275e-18
239.125100	-1.77196e-18
239.164025	-1.73174e-18
239.202950	-1.71587e-18
239.241875	-1.64999e-18
239.280800	-1.63258e-18
239.319725	-1.65902e-18
239.358650	-1.64715e-18
239.397575	-1.60218e-18
239.436500	-1.58048e-18
239.475425	-1.54449e-18
239.514350	-1.49838e-18
239.553275	-1.52809e-18
239.592200	-1.50671e-18
239.631125	-1.45333e-18
239.670050	-1.48384e-18
239.708975	-1.46496e-18
239.747900	-1.46118e-18
239.786825	-1.42090e-18
239.825750	-1.39165e-18
239.864675	-1.34935e-18
239.903600	-1.40460e-18
239.942525	-1.39924e-18
239.981450	-1.36502e-18
240.020375	-1.38381e-18
240.059300	-1.36518e-18
240.098225	-1.35139e-18
240.137150	-1.31854e-18
240.176075	-1.32945e-18
240.215000	-1.32819e-18
240.253925	-1.28854e-18
240.292850	-1.28933e-18
240.331775	-1.25146e-18
240.370700	-1.24219e-18
240.409625	-1.21582e-18
240.448550	-1.21117e-18
240.487475	-1.22532e-18
240.526400	-1.23758e-18
240.565325	-1.17072e-18
240.604250	-1.13715e-18
240.643175	-1.12744e-18
240.682100	-1.11011e-18
240.721025	-1.10951e-18
240.759950	-1.03499e-18
240.798875	-1.05944e-18
240.837800	-1.05587e-18
240.876725	-1.06014e-18
240.915650	-1.03864e-18
240.954575	-1.08834e-18
240.993500	-1.06574e-18
241.032425	-1.01334e-18
241.071350	-1.00743e-18
241.110275	-9.89057e-19
241.149200	-1.03779e-18
241.188125	-9.84421e-19
241.227050	-9.41558e-19
241.265975	-9.59111e-19
241.304900	-9.62409e-19
241.343825	-9.42519e-19
241.382750	-9.56661e-19
241.421675	-9.17184e-19
241.460600	-9.34844e-19
241.499525	-9.48056e-19
241.538450	-9.13388e-19
241.577375	-9.35992e-19
241.616300	-9.24615e-19
241.655225	-8.90619e-19
241.694150	-8.88487e-19
241.733075	-9.11351e-19
241.772000	-9.15001e-19
241.810925	-9.33677e-19
241.849850	-8.97316e-19
241.888775	-8.53390e-19
241.927700	-8.51285e-19
241.966625	-8.66291e-19
242.005550	-8.68825e-19
242.044475	-8.36982e-19
242.083400	-8.31092e-19
242.122325	-8.30725e-19
242.161250	-7.90705e-19
242.200175	-8.09949e-19
242.239100	-8.16537e-19
242.278025	-7.82340e-19
242.316950	-8.37776e-19
242.355875	-8.03148e-19
242.394800	-7.89960e-19
242.433725	-7.84909e-19
242.472650	-7.84983e-19
242.511575	-7.86020e-19
242.550500	-7.71231e-19
242.589425	-8.21931e-19
242.628350	-7.71205e-19
242.667275	-7.69725e-19
242.706200	-8.11137e-19
242.745125	-7.59710e-19
242.784050	-7.84864e-19
242.822975	-7.58120e-19
242.861900	-7.73518e-19
242.900825	-7.86922e-19
242.939750	-7.56643e-19
242.978675	-7.46728e-19
243.017600	-7.91228e-19
243.056525	-7.83764e-19
243.095450	-7.64678e-19
243.134375	-7.73261e-19
243.173300	-7.55861e-19
243.212225	-7.72507e-19
243.251150	-7.66537e-19
243.290075	-7.44387e-19
243.329000	-7.61898e-19
243.367925	-7.89503e-19
243.406850	-8.14319e-19
243.445775	-8.03082e-19
243.484700	-7.91623e-19
243.523625	-8.03226e-19
243.562550	-8.39597e-19
243.601475	-8.19686e-19
243.640400	-8.58329e-19
243.679325	-8.46387e-19
243.718250	-8.25638e-19
243.757175	-8.26969e-19
243.796100	-8.22226e-19
243.835025	-8.42131e-19
243.873950	-8.72295e-19
243.912875	-8.46344e-19
243.951800	-8.39377e-19
243.990725	-8.20364e-19
244.029650	-8.54711e-19
244.068575	-8.25598e-19
244.107500	-8.45994e-19
244.146425	-8.43126e-19
244.185350	-8.36416e-19
244.224275	-8.25861e-19
244.263200	-8.55254e-19
244.302125	-8.31603e-19
244.341050	-8.29030e-19
244.379975	-8.48552e-19
244.418900	-8.22878e-19
244.457825	-8.15905e-19
244.496750	-7.75745e-19
244.535675	-7.21838e-19
244.574600	-7.34589e-19
244.613525	-7.39859e-19
244.652450	-7.45680e-19
244.691375	-7.01407e-19
244.730300	-7.00713e-19
244.769225	-6.56070e-19
244.808150	-6.67320e-19
244.847075	-6.69276e-19
244.886000	-6.59501e-19
244.924925	-6.54696e-19
244.963850	-6.45817e-19
245.002775	-5.96977e-19
245.041700	-6.09870e-19
245.080625	-6.01643e-19
245.119550	-6.25723e-19
245.158475	-6.08584e-19
245.197400	-5.65937e-19
245.236325	-6.01813e-19
245.275250	-5.65195e-19
245.314175	-5.46808e-19
245.353100	-5.74600e-19
245.392025	-5.62152e-19
245.430950	-5.73160e-19
245.469875	-5.86652e-19
245.508800	-5.60454e-19
245.547725	-5.52391e-19
245.586650	-5.47976e-19
245.625575	-5.49250e-19
245.664500	-5.47371e-19
245.703425	-5.60171e-19
245.742350	-5.34333e-19
245.781275	-4.91760e-19
245.820200	-5.26182e-19
245.859125	-5.05474e-19
245.898050	-5.02332e-19
245.936975	-4.82058e-19
245.975900	-5.01063e-19
246.014825	-4.79537e-19
246.053750	-5.09471e-19
246.092675	-4.92691e-19
246.131600	-4.59374e-19
246.170525	-4.61303e-19
246.209450	-4.62085e-19
246.248375	-4.51113e-19
246.287300	-4.24045e-19
246.326225	-4.16657e-19
246.365150	-4.09193e-19
246.404075	-3.77986e-19
246.443000	-3.88681e-19
246.481925	-3.77241e-19
246.520850	-3.59159e-19
246.559775	-3.68001e-19
246.598700	-3.69907e-19
246.637625	-3.79922e-19
246.676550	-3.73348e-19
246.715475	-3.76658e-19
246.754400	-3.71055e-19
246.793325	-3.70914e-19
246.832250	-3.67303e-19
246.871175	-3.87879e-19
246.910100	-3.98753e-19
246.949025	-3.88144e-19
246.987950	-4.02848e-19
247.026875	-3.72571e-19
247.065800	-3.78958e-19
247.104725	-3.70879e-19
247.143650	-3.52783e-19
247.182575	-4.81327e-19
247.221500	-3.72355e-19
247.260425	-3.28251e-19
247.299350	-3.27653e-19
247.338275	-3.13463e-19
247.377200	-3.01551e-19
247.416125	-3.12115e-19
247.455050	-3.05045e-19
247.493975	-3.10306e-19
247.532900	-2.85587e-19
247.571825	-3.01909e-19
247.610750	-2.66989e-19
247.649675	-2.67823e-19
247.688600	-2.63372e-19
247.727525	-2.67725e-19
247.766450	-2.53411e-19
247.805375	-2.70229e-19
247.844300	-2.86959e-19
247.883225	-2.66035e-19
247.922150	-2.89024e-19
247.961075	-2.55605e-19
248.000000	-2.79860e-19
248.038925	-2.85362e-19
248.077850	-2.80495e-19
248.116775	-2.67622e-19
248.155700	-2.36139e-19
248.194625	-2.34965e-19
248.233550	-2.01499e-19
248.272475	-2.19771e-19
248.311400	-1.97411e-19
248.350325	-1.95249e-19
248.389250	-2.03099e-19
248.428175	-2.33679e-19
248.467100	-2.16349e-19
248.506025	-2.24377e-19
248.544950	-2.27882e-19
248.583875	-2.07851e-19
248.622800	-2.12821e-19
248.661725	-2.18186e-19
248.700650	-2.07777e-19
248.739575	-2.08451e-19
248.778500	-1.88805e-19
248.817425	-1.89593e-19
248.856350	-1.69308e-19
248.895275	-1.64943e-19
248.934200	-1.44807e-19
248.973125	-1.48286e-19
249.012050	-1.33509e-19
249.050975	-1.20855e-19
249.089900	-1.11224e-19
249.128825	-1.09759e-19
249.167750	-1.25294e-19
249.206675	-1.38626e-19
249.245600	-1.23252e-19
249.284525	-1.23429e-19
249.323450	-1.08330e-19
249.362375	-9.52163e-20
249.401300	-1.08697e-19
249.440225	-1.07576e-19
249.479150	-1.28861e-19
249.518075	-1.18780e-19
249.557000	-1.02627e-19
249.595925	-1.11886e-19
249.634850	-1.16655e-19
249.673775	-1.19066e-19
249.712700	-1.26958e-19
249.751625	-1.11025e-19
249.790550	-1.00787e-19
249.829475	-1.02298e-19
249.868400	-1.09789e-19
249.907325	-1.18754e-19
249.946250	-1.08160e-19
249.985175	-9.67074e-20
250.024100	-8.72413e-20
250.063025	-8.40038e-20
250.101950	-6.83930e-20
250.140875	-7.20708e-20
250.179800	-3.55126e-20
250.218725	-3.20017e-20
250.257650	-2.34291e-20
250.296575	-1.72950e-20
250.335500	-2.36803e-20
250.374425	-4.10110e-21
250.413350	 2.16864e-20
250.452275	 4.29792e-20
250.491200	 3.91825e-20
250.530125	 2.91966e-20
250.569050	 3.27334e-20
250.607975	 3.64575e-20
250.646900	 6.83970e-20
250.685825	 8.59073e-20
250.724750	 9.11155e-20
250.763675	 1.03208e-19
250.802600	 8.48183e-20
250.841525	 1.00596e-19
250.880450	 1.00762e-19
250.919375	 1.00457e-19
250.958300	 1.04388e-19
250.997225	 1.15852e-19
251.036150	 1.11031e-19
251.075075	 1.15715e-19
251.114000	 1.14885e-19
251.152925	 1.08160e-19
251.191850	 1.13816e-19
251.230775	 1.29323e-19
251.269700	 1.23601e-19
251.308625	 9.62820e-20
251.347550	 8.13780e-20
251.386475	 9.15830e-20
251.425400	 8.74651e-20
251.464325	 1.07081e-19
251.503250	 1.17618e-19
251.542175	 1.35666e-19
251.581100	 1.47897e-19
251.620025	 1.54818e-19
251.658950	 1.60598e-19
251.697875	 1.72660e-19
251.736800	 1.77609e-19
251.775725	 1.89590e-19
251.814650	 1.91456e-19
251.853575	 2.00488e-19
251.892500	 2.03526e-19
251.931425	 2.05234e-19
251.970350	 2.00639e-19
252.009275	 2.10262e-19
252.048200	 2.24331e-19
252.087125	 2.62402e-19
252.126050	 3.00016e-19
252.164975	 2.94793e-19
252.203900	 2.96913e-19
252.242825	 3.11282e-19
252.281750	 3.35526e-19
252.320675	 3.48959e-19
252.359600	 3.67744e-19
252.398525	 3.54846e-19
252.437450	 3.37376e-19
252.476375	 3.14393e-19
252.515300	 2.94061e-19
252.554225	 2.64656e-19
252.593150	 2.50582e-19
252.632075	 2.52115e-19
252.671000	 2.40794e-19
252.709925	 2.43807e-19
252.748850	 2.44424e-19
252.787775	 2.34315e-19
252.826700	 2.46793e-19
252.865625	 2.45495e-19
252.904550	 2.36652e-19
252.943475	 2.32713e-19
252.982400	 2.37696e-19
253.021325	 2.34264e-19
253.060250	 2.35865e-19
253.099175	 2.27691e-19
253.138100	 2.28972e-19
253.177025	 2.16253e-19
253.215950	 2.17165e-19
253.254875	 2.26363e-19
253.293800	 2.21060e-19
253.332725	 2.30700e-19
253.371650	 2.38535e-19
253.410575	 2.47360e-19
253.449500	 2.60356e-19
253.488425	 2.76665e-19
253.527350	 3.00383e-19
253.566275	 3.27552e-19
253.605200	 3.35770e-19
253.644125	 3.44263e-19
253.683050	 3.61884e-19
253.721975	 3.88554e-19
253.760900	 4.00051e-19
253.799825	 4.24960e-19
253.838750	 4.06190e-19
253.877675	 3.90050e-19
253.916600	 3.89495e-19
253.955525	 3.92394e-19
253.994450	 3.83353e-19
254.033375	 3.86797e-19
254.072300	 3.71463e-19
254.111225	 3.49216e-19
254.150150	 3.51605e-19
254.189075	 3.33795e-19
254.228000	 3.13337e-19
254.266925	 3.00351e-19
254.305850	 2.86949e-19
254.344775	 2.82386e-19
254.383700	 2.82458e-19
254.422625	 2.69552e-19
254.461550	 2.65805e-19
254.500475	 2.61843e-19
254.539400	 2.49221e-19
254.578325	 2.34578e-19
254.617250	 2.44759e-19
254.656175	 2.35571e-19
254.695100	 2.58288e-19
254.734025	 2.52762e-19
254.772950	 2.62887e-19
254.811875	 2.89226e-19
254.850800	 3.29550e-19
254.889725	 3.64340e-19
254.928650	 3.86657e-19
254.967575	 3.87923e-19
255.006500	 3.69910e-19
255.045425	 3.52184e-19
255.084350	 3.32955e-19
255.123275	 3.31381e-19
255.162200	 3.34859e-19
255.201125	 3.47775e-19
255.240050	 3.51781e-19
255.278975	 3.50401e-19
255.317900	 3.55912e-19
255.356825	 3.64257e-19
255.395750	 3.57470e-19
255.434675	 3.41440e-19
255.473600	 3.19527e-19
255.512525	 3.11966e-19
255.551450	 2.88222e-19
255.590375	 2.84833e-19
255.629300	 2.63464e-19
255.668225	 2.65123e-19
255.707150	 2.65599e-19
255.746075	 2.66456e-19
255.785000	 2.70997e-19
255.823925	 2.82671e-19
255.862850	 2.84862e-19
255.901775	 2.92001e-19
255.940700	 2.82367e-19
255.979625	 2.67682e-19
256.018550	 2.65487e-19
256.057475	 2.55474e-19
256.096400	 2.60878e-19
256.135325	 2.51156e-19
256.174250	 2.50388e-19
256.213175	 2.61476e-19
256.252100	 2.70251e-19
256.291025	 3.11790e-19
256.329950	 3.56903e-19
256.368875	 4.01876e-19
256.407800	 4.34575e-19
256.446725	 4.36242e-19
256.485650	 4.33023e-19
256.524575	 4.55556e-19
256.563500	 4.76163e-19
256.602425	 5.19224e-19
256.641350	 5.18300e-19
256.680275	 4.98706e-19
256.719200	 4.75167e-19
256.758125	 4.58336e-19
256.797050	 4.51760e-19
256.835975	 4.64426e-19
256.874900	 4.62905e-19
256.913825	 4.64335e-19
256.952750	 4.55059e-19
256.991675	 4.74504e-19
257.030600	 4.93494e-19
257.069525	 5.00109e-19
257.108450	 5.11154e-19
257.147375	 5.01899e-19
257.186300	 4.94867e-19
257.225225	 4.77835e-19
257.264150	 4.52007e-19
257.303075	 4.30492e-19
257.342000	 4.15800e-19
257.380925	 3.96424e-19
257.419850	 3.89551e-19
257.458775	 3.85650e-19
257.497700	 3.91033e-19
257.536625	 3.93897e-19
257.575550	 3.98214e-19
257.614475	 4.02116e-19
257.653400	 4.04337e-19
257.692325	 4.23377e-19
257.731250	 4.50555e-19
257.770175	 4.79985e-19
257.809100	 5.11614e-19
257.848025	 5.31761e-19
257.886950	 5.31193e-19
257.925875	 5.32907e-19
257.964800	 5.25124e-19
258.003725	 5.00224e-19
258.042650	 4.76374e-19
258.081575	 4.47986e-19
258.120500	 4.39209e-19
258.159425	 4.42340e-19
258.198350	 4.44855e-19
258.237275	 4.64255e-19
258.276200	 4.91169e-19
258.315125	 5.64523e-19
258.354050	 6.60598e-19
258.392975	 7.31604e-19
258.431900	 7.54607e-19
258.470825	 7.17377e-19
258.509750	 6.58439e-19
258.548675	 5.88176e-19
258.587600	 5.34707e-19
258.626525	 4.87392e-19
258.665450	 4.55365e-19
258.704375	 4.47099e-19
258.743300	 4.51325e-19
258.782225	 4.55180e-19
258.821150	 4.57977e-19
258.860075	 4.54032e-19
258.899000	 4.45172e-19
258.937925	 4.34867e-19
258.976850	 4.34210e-19
259.015775	 4.26402e-19
259.054700	 4.13311e-19
259.093625	 3.95669e-19
259.132550	 3.87799e-19
259.171475	 3.78094e-19
259.210400	 3.66477e-19
259.249325	 3.59507e-19
259.288250	 3.51035e-19
259.327175	 3.48103e-19
259.366100	 3.51679e-19
259.405025	 3.58167e-19
259.443950	 3.58576e-19
259.482875	 3.62844e-19
259.521800	 3.65976e-19
259.560725	 3.58636e-19
259.599650	 3.59774e-19
259.638575	 3.60835e-19
259.677500	 3.59398e-19
259.716425	 3.64291e-19
259.755350	 3.78556e-19
259.794275	 4.14847e-19
259.833200	 5.14963e-19
259.872125	 6.26590e-19
259.911050	 7.32869e-19
259.949975	 7.74786e-19
259.988900	 7.34889e-19
260.027825	 7.44499e-19
260.066750	 7.98471e-19
260.105675	 8.69221e-19
260.144600	 9.24417e-19
260.183525	 9.10064e-19
260.222450	 8.44973e-19
260.261375	 7.92675e-19
260.300300	 7.30044e-19
260.339225	 6.64029e-19
260.378150	 6.08561e-19
260.417075	 5.61577e-19
260.456000	 5.48318e-19
260.494925	 5.43602e-19
260.533850	 5.46630e-19
260.572775	 5.32420e-19
260.611700	 5.20360e-19
260.650625	 4.95710e-19
260.689550	 4.75601e-19
260.728475	 4.47391e-19
260.767400	 4.28623e-19
260.806325	 4.02622e-19
260.845250	 3.89856e-19
260.884175	 3.82762e-19
260.923100	 3.76722e-19
260.962025	 3.72503e-19
261.000950	 3.69755e-19
261.039875	 3.82376e-19
261.078800	 3.93209e-19
261.117725	 4.06153e-19
261.156650	 4.12652e-19
261.195575	 4.06278e-19
261.234500	 4.11910e-19
261.273425	 4.35753e-19
261.312350	 4.64312e-19
261.351275	 4.96409e-19
261.390200	 5.04219e-19
261.429125	 4.95543e-19
261.468050	 4.62471e-19
261.506975	 4.38682e-19
261.545900	 3.99461e-19
261.584825	 3.64366e-19
261.623750	 3.45675e-19
261.662675	 3.32778e-19
261.701600	 3.30947e-19
261.740525	 3.29229e-19
261.779450	 3.29946e-19
261.818375	 3.17046e-19
261.857300	 3.12430e-19
261.896225	 3.06663e-19
261.935150	 3.01507e-19
261.974075	 2.88351e-19
262.013000	 2.73495e-19
262.051925	 2.63025e-19
262.090850	 2.56342e-19
262.129775	 2.63307e-19
262.168700	 2.62591e-19
262.207625	 2.57523e-19
262.246550	 2.47411e-19
262.285475	 2.48114e-19
262.324400	 2.40476e-19
262.363325	 2.41265e-19
262.402250	 2.36313e-19
262.441175	 2.25083e-19
262.480100	 2.26424e-19
262.519025	 2.27987e-19
262.557950	 2.30494e-19
262.596875	 2.39658e-19
262.635800	 2.44116e-19
262.674725	 2.47611e-19
262.713650	 2.50611e-19
262.752575	 2.77799e-19
262.791500	 3.85668e-19
262.830425	 5.40720e-19
262.869350	 6.97661e-19
262.908275	 7.92099e-19
262.947200	 7.63584e-19
262.986125	 6.68538e-19
263.025050	 5.63707e-19
263.063975	 4.69327e-19
263.102900	 4.02638e-19
263.141825	 3.59817e-19
263.180750	 3.46019e-19
263.219675	 3.65862e-19
263.258600	 4.14423e-19
263.297525	 5.09015e-19
263.336450	 6.01845e-19
263.375375	 6.68046e-19
263.414300	 6.84557e-19
263.453225	 6.45682e-19
263.492150	 5.88309e-19
263.531075	 5.27330e-19
263.570000	 4.70985e-19
263.608925	 4.26904e-19
263.647850	 3.92189e-19
263.686775	 3.79865e-19
263.725700	 3.82364e-19
263.764625	 3.90931e-19
263.803550	 3.92622e-19
263.842475	 3.85453e-19
263.881400	 3.82577e-19
263.920325	 3.75361e-19
263.959250	 3.72044e-19
263.998175	 3.64691e-19
264.037100	 3.67572e-19
264.076025	 3.71762e-19
264.114950	 3.84733e-19
264.153875	 3.92568e-19
264.192800	 3.84780e-19
264.231725	 3.79833e-19
264.270650	 3.68823e-19
264.309575	 3.58891e-19
264.348500	 3.42477e-19
264.387425	 3.35469e-19
264.426350	 3.29716e-19
264.465275	 3.24440e-19
264.504200	 3.25072e-19
264.543125	 3.22974e-19
264.582050	 3.19750e-19
264.620975	 3.16915e-19
264.659900	 3.09338e-19
264.698825	 2.94986e-19
264.737750	 2.83003e-19
264.776675	 2.77462e-19
264.815600	 2.70460e-19
264.854525	 2.67700e-19
264.893450	 2.68113e-19
264.932375	 2.59215e-19
264.971300	 2.60281e-19
265.010225	 2.54569e-19
265.049150	 2.48332e-19
265.088075	 2.37804e-19
265.127000	 2.28161e-19
265.165925	 2.24363e-19
265.204850	 2.20335e-19
265.243775	 2.16617e-19
265.282700	 2.25342e-19
265.321625	 2.30614e-19
265.360550	 2.28672e-19
265.399475	 2.25582e-19
265.438400	 2.24066e-19
265.477325	 2.17975e-19
265.516250	 2.12314e-19
265.555175	 2.08356e-19
265.594100	 2.06438e-19
265.633025	 2.04715e-19
265.671950	 2.03615e-19
265.710875	 2.04968e-19
265.749800	 2.04526e-19
265.788725	 2.01565e-19
265.827650	 1.97932e-19
265.866575	 1.97154e-19
265.905500	 1.94801e-19
265.944425	 1.87674e-19
265.983350	 1.87035e-19
266.022275	 1.83881e-19
266.061200	 1.80556e-19
266.100125	 1.88323e-19
266.139050	 1.94029e-19
266.177975	 2.07138e-19
266.216900	 2.12328e-19
266.255825	 2.11846e-19
266.294750	 2.11995e-19
266.333675	 2.07085e-19
266.372600	 2.19563e-19
266.411525	 2.46057e-19
266.450450	 2.89473e-19
266.489375	 4.49097e-19
266.528300	 7.74507e-19
266.567225	 1.14526e-18
266.606150	 1.46614e-18
266.645075	 1.53581e-18
266.684000	 1.36616e-18
266.722925	 1.14760e-18
266.761850	 9.44222e-19
266.800775	 7.84162e-19
266.839700	 6.61147e-19
266.878625	 5.81355e-19
266.917550	 5.55002e-19
266.956475	 5.77704e-19
266.995400	 6.18364e-19
267.034325	 6.47030e-19
267.073250	 6.31246e-19
267.112175	 5.77639e-19
267.151100	 5.33986e-19
267.190025	 5.08803e-19
267.228950	 4.86181e-19
267.267875	 4.66965e-19
267.306800	 4.33660e-19
267.345725	 4.03149e-19
267.384650	 3.80117e-19
267.423575	 3.64311e-19
267.462500	 3.54498e-19
267.501425	 3.38429e-19
267.540350	 3.19198e-19
267.579275	 3.13595e-19
267.618200	 3.20737e-19
267.657125	 3.36578e-19
267.696050	 3.41313e-19
267.734975	 3.43971e-19
267.773900	 3.70982e-19
267.812825	 4.13468e-19
267.851750	 4.54353e-19
267.890675	 4.74823e-19
267.929600	 4.42951e-19
267.968525	 3.93692e-19
268.007450	 3.48043e-19
268.046375	 3.09776e-19
268.085300	 2.78352e-19
268.124225	 2.55953e-19
268.163150	 2.44433e-19
268.202075	 2.45912e-19
268.241000	 2.47854e-19
268.279925	 2.53942e-19
268.318850	 2.46036e-19
268.357775	 2.35221e-19
268.396700	 2.25226e-19
268.435625	 2.22112e-19
268.474550	 2.23618e-19
268.513475	 2.28386e-19
268.552400	 2.28575e-19
268.591325	 2.24777e-19
268.630250	 2.17467e-19
268.669175	 2.05806e-19
268.708100	 1.91652e-19
268.747025	 1.77425e-19
268.785950	 1.64446e-19
268.824875	 1.57895e-19
268.863800	 1.49638e-19
268.902725	 1.50423e-19
268.941650	 1.50824e-19
268.980575	 1.52701e-19
269.019500	 1.51107e-19
269.058425	 1.53333e-19
269.097350	 1.54388e-19
269.136275	 1.50687e-19
269.175200	 1.47402e-19
269.214125	 1.37482e-19
269.253050	 1.29614e-19
269.291975	 1.21977e-19
269.330900	 1.18657e-19
269.369825	 1.13593e-19
269.408750	 1.09479e-19
269.447675	 1.04402e-19
269.486600	 1.00877e-19
269.525525	 9.61133e-20
269.564450	 9.24898e-20
269.603375	 9.01620e-20
269.642300	 8.87823e-20
269.681225	 8.35964e-20
269.720150	 8.03729e-20
269.759075	 7.78197e-20
269.798000	 7.54311e-20
269.836925	 7.23159e-20
269.875850	 7.30515e-20
269.914775	 7.28719e-20
269.953700	 6.96456e-20
269.992625	 6.82032e-20
270.031550	 6.42841e-20
270.070475	 5.99679e-20
270.109400	 5.67380e-20
270.148325	 5.72042e-20
270.187250	 5.34370e-20
270.226175	 5.60401e-20
270.265100	 5.93306e-20
270.304025	 6.63538e-20
270.342950	 7.39781e-20
270.381875	 7.77617e-20
270.420800	 7.68334e-20
270.459725	 7.17714e-20
270.498650	 6.46022e-20
270.537575	 5.92839e-20
270.576500	 5.63537e-20
270.615425	 5.51672e-20
270.654350	 5.03501e-20
270.693275	 4.94719e-20
270.732200	 4.64961e-20
270.771125	 4.75336e-20
270.810050	 4.61983e-20
270.848975	 4.40982e-20
270.887900	 4.46443e-20
270.926825	 4.53542e-20
270.965750	 4.74461e-20
271.004675	 4.54107e-20
271.043600	 5.20657e-20
271.082525	 5.56559e-20
271.121450	 6.10941e-20
271.160375	 6.42502e-20
271.199300	 5.95849e-20
271.238225	 5.38932e-20
271.277150	 4.94140e-20
271.316075	 4.38244e-20
271.355000	 3.90739e-20
271.393925	 3.72840e-20
271.432850	 3.53942e-20
271.471775	 3.62601e-20
271.510700	 3.61218e-20
271.549625	 3.47794e-20
271.588550	 3.73319e-20
271.627475	 3.98822e-20
271.666400	 3.68482e-20
271.705325	 3.62375e-20
271.744250	 3.43352e-20
271.783175	 3.21075e-20
271.822100	 2.83368e-20
271.861025	 2.91388e-20
271.899950	 2.72700e-20
271.938875	 2.41348e-20
271.977800	 2.53536e-20
272.016725	 2.54635e-20
272.055650	 2.52254e-20
272.094575	 2.72037e-20
272.133500	 2.67500e-20
272.172425	 2.76716e-20
272.211350	 3.38036e-20
272.250275	 3.77283e-20
272.289200	 4.40742e-20
272.328125	 4.67883e-20
272.367050	 4.92446e-20
272.405975	 4.79062e-20
272.444900	 4.63578e-20
272.483825	 4.57029e-20
272.522750	 4.40418e-20
272.561675	 3.75364e-20
272.600600	 3.80936e-20
272.639525	 3.32720e-20
272.678450	 3.29139e-20
272.717375	 3.34356e-20
272.756300	 3.39559e-20
272.795225	 3.44564e-20
272.834150	 3.42900e-20
272.873075	 3.34426e-20
272.912000	 3.46581e-20
272.950925	 3.46186e-20
272.989850	 3.36174e-20
273.028775	 3.27095e-20
273.067700	 3.31085e-20
273.106625	 2.98914e-20
273.145550	 3.24543e-20
273.184475	 3.30958e-20
273.223400	 3.18424e-20
273.262325	 3.03270e-20
273.301250	 3.06935e-20
273.340175	 3.20398e-20
273.379100	 3.16239e-20
273.418025	 3.42167e-20
273.456950	 3.32650e-20
273.495875	 3.13349e-20
273.534800	 3.29788e-20
273.573725	 3.83404e-20
273.612650	 3.93758e-20
273.651575	 3.83757e-20
273.690500	 3.51615e-20
273.729425	 3.42915e-20
273.768350	 3.66479e-20
273.807275	 3.82473e-20
273.846200	 4.02378e-20
273.885125	 4.11576e-20
273.924050	 4.41335e-20
273.962975	 4.43635e-20
274.001900	 4.53274e-20
274.040825	 4.34575e-20
274.079750	 4.02998e-20
274.118675	 4.60882e-20
274.157600	 5.21688e-20
274.196525	 5.12594e-20
274.235450	 4.86234e-20
274.274375	 4.21551e-20
274.313300	 4.22920e-20
274.352225	 4.15780e-20
274.391150	 4.01602e-20
274.430075	 3.96424e-20
274.469000	 3.63983e-20
274.507925	 3.97609e-20
274.546850	 4.93561e-20
274.585775	 5.07807e-20
274.624700	 5.36672e-20
274.663625	 5.39836e-20
274.702550	 4.80799e-20
274.741475	 4.26715e-20
274.780400	 4.08289e-20
274.819325	 4.47855e-20
274.858250	 4.69633e-20
274.897175	 5.29526e-20
274.936100	 5.43141e-20
274.975025	 4.97416e-20
275.013950	 4.30384e-20
275.052875	 4.10405e-20
275.091800	 3.94760e-20
275.130725	 3.92192e-20
275.169650	 3.95084e-20
275.208575	 3.56015e-20
275.247500	 3.59639e-20
275.286425	 3.94633e-20
275.325350	 3.97045e-20
275.364275	 3.98413e-20
275.403200	 3.83714e-20
275.442125	 3.80499e-20
275.481050	 3.67029e-20
275.519975	 3.87453e-20
275.558900	 3.83291e-20
275.597825	 3.57890e-20
275.636750	 3.76267e-20
275.675675	 3.82769e-20
275.714600	 4.06525e-20
275.753525	 4.28338e-20
275.792450	 4.36241e-20
275.831375	 4.54206e-20
275.870300	 4.85359e-20
275.909225	 5.11789e-20
275.948150	 5.31277e-20
275.987075	 5.25359e-20
276.026000	 5.15616e-20
276.064925	 4.66217e-20
276.103850	 4.56436e-20
276.142775	 4.49816e-20
276.181700	 4.42887e-20
276.220625	 4.58426e-20
276.259550	 4.68744e-20
276.298475	 4.96159e-20
276.337400	 5.01877e-20
276.376325	 5.12001e-20
276.415250	 5.48112e-20
276.454175	 5.65826e-20
276.493100	 5.94224e-20
276.532025	 6.26063e-20
276.570950	 6.38954e-20
276.609875	 6.79091e-20
276.648800	 6.87222e-20
276.687725	 7.38126e-20
276.726650	 7.75777e-20
276.765575	 8.00375e-20
276.804500	 8.09094e-20
276.843425	 8.72513e-20
276.882350	 9.15405e-20
276.921275	 9.57037e-20
276.960200	 9.99676e-20
276.999125	 1.04161e-19
277.038050	 1.08643e-19
277.076975	 1.13295e-19
277.115900	 1.18406e-19
277.154825	 1.22573e-19
277.193750	 1.25937e-19
277.232675	 1.30835e-19
277.271600	 1.33649e-19
277.310525	 1.37169e-19
277.349450	 1.37624e-19
277.388375	 1.36575e-19
277.427300	 1.34153e-19
277.466225	 1.23394e-19
277.505150	 1.03150e-19
277.544075	 7.07318e-20
277.583000	 8.35398e-20
