2.671463850802412026e+02 5.042873908463429977e-02
2.670800382929199372e+02 5.097953682563871602e-02
2.670136064855454379e+02 5.284114494493463710e-02
2.669472312992328398e+02 5.444059098857212398e-02
2.668859944429609072e+02 6.059945101619013119e-02
2.668620816470387922e+02 1.425579342643958913e-01
2.668244746837652883e+02 1.008907102282815549e-01
2.668240506055266223e+02 7.493776780434691087e-02
2.668129543707216271e+02 2.188640119632612180e-01
2.668184670344360825e+02 1.984138993069312074e-01
2.668145092015259934e+02 1.811134084459574689e-01
2.668148390164504917e+02 1.569952328628854143e-01
2.668195978654056830e+02 1.244864001037652157e-01
2.667983963796669968e+02 3.604322681962331965e-01
2.668000923745335626e+02 3.415565987488357047e-01
2.668017883909626562e+02 3.226809293014383240e-01
2.668034844289546186e+02 3.038052598540408322e-01
2.668051804885098477e+02 2.849295904066434515e-01
2.668068765696287983e+02 2.660539209592459597e-01
2.668107399460108695e+02 2.435072470751410423e-01
2.667971243976671758e+02 1.496620485193664862e-01
2.667708630353209287e+02 5.346253892510643979e-02
2.667045378469173897e+02 5.584847119571900720e-02
2.666389043895774762e+02 5.089386534789896999e-02
2.665728564320897362e+02 5.092033893758673990e-02
2.665068646912830559e+02 5.068465045161629767e-02
2.664418688015171028e+02 6.014822338751146802e-02
2.664382040341340030e+02 8.059760066635002218e-02
2.663749087392520778e+02 5.099975970665004965e-02
2.663083578258928128e+02 5.810460933911199000e-02
2.662426611614772582e+02 5.603378632353350763e-02
2.661772782521493923e+02 5.081701840005514725e-02
2.661113884606936040e+02 5.162997821671777565e-02
2.660456483949811286e+02 5.113212765508912128e-02
2.659799173910199670e+02 5.089643916911867905e-02
2.659141720599864129e+02 5.118507483446466111e-02
2.658484826108852985e+02 5.121154842415243102e-02
2.657828022322831316e+02 5.150018408949863513e-02
2.657171309347846204e+02 5.205098183050305138e-02
2.656512819031277672e+02 5.496123825243204308e-02
2.655859556757533824e+02 5.236609108553702541e-02
2.655205449179615016e+02 5.108175429693306846e-02
2.654550497783827723e+02 5.110822788662106042e-02
2.653894237913192455e+02 5.296983600591698149e-02
2.653240399057142440e+02 5.247198544428832712e-02
2.652586649451382641e+02 5.223629695831766284e-02
2.651932058291897647e+02 5.331141885063872543e-02
2.651277790125723186e+02 5.438654074295956597e-02
2.650625704698418303e+02 5.336436603001426526e-02
2.649973010419550405e+02 5.339083961970203518e-02
2.649320405233177098e+02 5.367947528504801724e-02
2.648667657090211947e+02 5.449243510171086768e-02
2.648012910117392948e+02 5.792701567495628368e-02
2.647364516844367017e+02 5.454538228108640752e-02
2.646713659272801920e+02 5.430969379511596529e-02
2.646062889952229966e+02 5.433616738480373520e-02
2.645518510561266794e+02 5.697984946612644208e-02
2.645069045229219000e+02 9.553458827019678523e-02
2.645022278115984022e+02 6.669970145774928305e-02
2.645007924185197794e+02 1.442974697201314660e-01
2.645024593280701311e+02 1.254218002727339742e-01
2.645094050106856116e+02 1.081168971468123852e-01
2.644544514849314396e+02 5.570874947236659214e-02
2.643895736927656230e+02 5.468657475942118040e-02
2.643245658814757917e+02 5.549953457608403085e-02
2.642647480979973693e+02 5.914163867738220226e-02
2.642255546061775249e+02 7.441491440801306645e-02
2.641840446450509035e+02 5.477040779343256283e-02
2.641192071064282914e+02 5.479688138312033274e-02
2.640544013855858907e+02 5.482335497280810266e-02
2.639896274591083056e+02 5.484982856249609462e-02
2.639248853036035030e+02 5.487630215218386454e-02
2.638601057776197649e+02 5.568926196884649293e-02
2.637951738194279869e+02 5.859951839077559566e-02
2.637302507942229113e+02 6.177193688836291052e-02
2.636853528899073353e+02 8.250038992516028902e-02
2.636675222391621105e+02 1.016448398456379909e-01
2.636231746414052282e+02 1.408810529709216830e-01
2.636551917415957291e+02 1.194762732553502627e-01
2.636208288665586679e+02 3.271152555741438928e-01
2.636224847032932530e+02 3.082395861267464010e-01
2.636241405608290620e+02 2.893639166793490203e-01
2.636257964391663791e+02 2.704882472319516395e-01
2.636066171233841260e+02 2.437565400447011532e-01
2.636082727815913245e+02 2.248808705973036615e-01
2.636135618290894058e+02 2.054794062436070545e-01
2.636090316318869782e+02 1.855576623147960902e-01
2.636100388399362373e+02 1.679405914438057978e-01
2.636409762932889294e+02 1.588049968690428138e-01
2.635886821591142279e+02 1.415243612003349583e-01
2.635903375920368603e+02 1.226486917529375775e-01
2.635924758903371981e+02 9.826761871671585435e-02
2.635596464877543781e+02 7.390088554157503431e-02
2.635526816367398624e+02 6.132041510868768697e-02
2.634832831029210638e+02 5.558152916636704965e-02
2.634188349605253734e+02 5.508367860473817323e-02
2.633542806318099565e+02 5.615880049705901378e-02
2.632892761989619430e+02 6.273932597820452983e-02
2.632247394900193171e+02 6.433877202184201671e-02
2.631762087364081708e+02 6.724241004634901042e-02
2.630969199920926371e+02 5.327532757390351925e-01
2.631216702542427015e+02 1.186467674451326948e-01
2.631307889810323672e+02 9.609788742855374100e-02
2.631320262439143676e+02 8.194113534300562218e-02
2.630947759826982519e+02 5.082166703633977933e-01
2.631077299050078295e+02 3.292921567928465132e-01
2.631127812495648186e+02 3.021572788959757672e-01
2.631144307102028961e+02 2.832816094485782754e-01
2.631160801915221441e+02 2.644059400011808947e-01
2.631177296935229606e+02 2.455302705537835140e-01
2.631193792162056297e+02 2.266546011063860222e-01
2.631210287595706632e+02 2.077789316589885305e-01
2.631226783236184019e+02 1.889032622115911497e-01
2.631241904421650588e+02 1.716005652181434860e-01
2.631262524500102131e+02 1.480059784088967323e-01
2.630733378104953886e+02 6.922566536079967081e-01
2.630749867766251668e+02 6.733809841605993274e-01
2.630766357634267933e+02 6.545053147132018356e-01
2.630782847709006660e+02 6.356296452658043439e-01
2.630799337990471827e+02 6.167539758184069631e-01
2.630815828478667413e+02 5.978783063710095824e-01
2.630832319173596829e+02 5.790026369236120907e-01
2.630848810075264055e+02 5.601269674762145989e-01
2.630914775749390060e+02 4.846242896866248540e-01
2.630931267684806016e+02 4.657486202392274732e-01
2.630947759826982519e+02 4.468729507918300925e-01
2.630964252175924685e+02 4.279972813444326007e-01
2.630980744731635355e+02 4.091216118970351090e-01
2.630997237494119076e+02 3.902459424496377283e-01
2.631013730463379261e+02 3.713702730022403475e-01
2.631030223639420456e+02 3.524946035548428558e-01
2.630745516307775915e+02 6.492486788243001516e-02
2.630112189115471324e+02 5.394053429446943326e-02
2.629471158693196458e+02 5.213187335454905202e-02
2.628828839836091333e+02 5.215834694423682194e-02
2.628186834709565574e+02 5.218482053392459186e-02
2.627543086883662795e+02 5.457075280453715926e-02
2.626902394597958619e+02 5.381074016725007070e-02
2.626260188736117129e+02 5.514802413522934543e-02
2.625619665593245031e+02 5.491233564925890320e-02
2.625027476891748393e+02 6.080903360121847623e-02
2.624610796790941549e+02 1.105304060733496296e-01
2.624631996950282087e+02 8.614933303712790647e-02
2.624267733997044161e+02 5.818896764276004774e-02
2.623592452846755236e+02 5.525833075892849777e-02
2.622952774824089488e+02 5.554696642427459086e-02
2.622313636212895176e+02 5.557344001396236077e-02
2.621675036452603536e+02 5.533775152799202957e-02
2.621036747647004290e+02 5.510206304202136529e-02
2.620396724538528019e+02 5.722583323697549851e-02
2.619758603726886577e+02 5.751446890232148057e-02
2.619120793630817161e+02 5.780310456766779570e-02
2.618483067129740220e+02 5.835390230867210093e-02
2.617949408547597727e+02 6.165298957914067124e-02
2.617327667353974334e+02 7.504862596116468332e-02
2.617399417808794055e+02 1.147617681584487404e-01
2.617550412657694778e+02 9.352112469894169333e-02
2.617335488302569502e+02 1.580196137083048624e-01
2.617351810432805337e+02 1.391439442609074817e-01
2.616777484596710224e+02 6.733800912022169793e-02
2.616172380789680574e+02 9.279199791629044736e-02
2.616061630203606683e+02 2.209892529131980421e-01
2.616075898157808979e+02 2.044730421467252368e-01
2.616091525143368131e+02 1.863838589263027146e-01
2.616107831762128626e+02 1.675081894789052228e-01
2.616091978102255098e+02 1.449637217272742307e-01
2.616146334307510415e+02 1.229406366169946141e-01
2.615957003294730043e+02 2.807644122957637656e-01
2.615973308236526123e+02 2.618887428483663848e-01
2.615989613381576646e+02 2.430130734009688931e-01
2.615721283722827479e+02 6.292537648351037571e-02
2.615084758821001287e+02 6.400049837583121626e-02
2.614451484173783342e+02 6.166751328459429971e-02
2.613783279516718494e+02 7.390419474028608882e-02
2.613183368824883246e+02 5.988532593436179940e-02
2.612551556701507138e+02 6.919189577585860285e-02
2.612329051586278865e+02 8.209909442814289360e-02
2.611698645622100230e+02 6.571466330811592815e-02
2.611063625542444697e+02 6.731410935175341503e-02
2.610432747696970068e+02 6.445680010920007419e-02
2.609802625423299673e+02 6.107516671532997599e-02
2.609166274089436115e+02 6.529623351555058353e-02
2.608669058997725756e+02 9.192553938713365902e-02
2.608325567616724925e+02 6.244774880289294394e-02
2.607696462098001575e+02 5.906611540902295676e-02
2.607064286184909179e+02 5.961691315002726199e-02
2.606431292660567465e+02 6.147852126932329409e-02
2.605793887735032968e+02 6.884553297744333555e-02
2.605179702879238448e+02 9.036782601612891597e-02
2.605174761819832838e+02 1.165832982044674448e-01
2.605157692849730893e+02 1.365076159544980072e-01
2.604539767110840103e+02 8.095720025960928545e-02
2.603610287403234338e+02 6.760827610637369922e-01
2.603888927027591649e+02 1.459983978575722929e-01
2.603961625434041025e+02 1.224016049158515029e-01
2.603977108026383007e+02 1.043124216954289807e-01
2.603759695438454855e+02 2.970037534367517829e-01
2.603832386628906193e+02 2.734069604950309929e-01
2.603848540777976268e+02 2.545312910476336121e-01
2.603864695127488176e+02 2.356556216002361204e-01
2.603880849677444758e+02 2.167799521528387396e-01
2.603897004427851130e+02 1.979042827054412479e-01
2.603968805743828057e+02 1.753561380663535285e-01
2.603607595523820351e+02 5.360933603046452722e-01
2.603623746883798731e+02 5.172176908572478915e-01
2.603639898444167216e+02 4.983420214098505108e-01
2.603656050204928647e+02 4.794663519624530190e-01
2.603672202166087573e+02 4.605906825150555273e-01
2.603688354327647403e+02 4.417150130676581465e-01
2.603652909569086091e+02 4.217929014501013985e-01
2.603669061491278853e+02 4.029172320027040177e-01
2.603685662286803790e+02 3.835172384039899907e-01
2.603701814615367311e+02 3.646415689565924989e-01
2.603717967144338559e+02 3.457658995091951182e-01
2.603771810355012235e+02 3.237428143989155016e-01
2.603458204943078727e+02 6.493495831215039260e-01
2.603474354449629686e+02 6.304739136741064343e-01
2.603490504156535508e+02 6.115982442267089425e-01
2.603506654063800738e+02 5.927225747793115618e-01
2.603522804171428220e+02 5.738469053319141810e-01
2.603538954479421932e+02 5.549712358845166893e-01
2.603372301907587030e+02 7.497674281138744234e-02
2.602735719560310486e+02 8.313024074648234230e-02
2.602292381214714965e+02 9.048916330219791693e-02
2.601950454925550389e+02 1.224861733273541198e-01
2.601679397682142394e+02 2.761190326830472719e-01
2.601751524756041363e+02 2.530465638926430172e-01
2.601767653096057415e+02 2.341708944452455254e-01
2.601935668528653309e+02 2.215804964162254587e-01
2.601742116650040089e+02 2.027136514987238902e-01
2.601758244873414014e+02 1.838379820513263985e-01
2.601774373296746603e+02 1.649623126039290177e-01
2.601789829890079773e+02 1.468731293835064955e-01
2.601395408205603985e+02 6.494363576654805792e-01
2.601424968887729392e+02 5.739351506308734141e-01
2.601443780580693215e+02 5.519135362755764884e-01
2.601459905105491544e+02 5.330378668281789967e-01
2.601473790273131499e+02 5.167838181373646256e-01
2.601489467253450698e+02 4.984324728412837802e-01
2.601505592344614683e+02 4.795568033938862884e-01
2.601521717635679920e+02 4.606811339464887967e-01
2.601537843126649818e+02 4.418054644990914159e-01
2.601553968817528357e+02 4.229297950516940352e-01
2.601570094708318948e+02 4.040541256042965435e-01
2.601586220799025568e+02 3.851784561568990517e-01
2.601602347089651062e+02 3.663027867095016710e-01
2.601618473580200543e+02 3.474271172621042902e-01
2.601634600270677424e+02 3.285514478147067985e-01
2.601687461380044510e+02 3.075770110070603636e-01
2.601191189119474529e+02 8.476323576181362673e-01
2.601207310513141238e+02 8.287566881707388866e-01
2.601223432106639848e+02 8.098810187233413949e-01
2.601239553899973771e+02 7.910053492759440141e-01
2.601255675893147554e+02 7.721296798285465224e-01
2.601271798086165177e+02 7.532540103811491417e-01
2.601287920479029481e+02 7.343783409337516499e-01
2.601304043071745014e+02 7.155026714863542692e-01
2.601320165864314617e+02 6.966270020389567774e-01
2.601336288856742840e+02 6.777513325915593967e-01
2.601400782825111833e+02 6.022486548019696517e-01
2.601367997991563357e+02 1.008044504485489101e-01
2.601317478718340794e+02 8.633575123117953609e-02
2.600611847232654554e+02 1.083862904344686795e-01
2.600265887437488459e+02 1.524425108140762264e-01
2.600267677419430470e+02 1.298973076849538888e-01
2.600151781174759549e+02 1.021140106851050611e-01
2.599822495335970416e+02 7.905845557700141857e-02
2.599363513426627037e+02 6.911600481875368462e-02
2.598759820243515719e+02 7.779250322568087572e-02
2.598078135764740750e+02 8.018064162876725742e-02
2.598060712924556128e+02 1.006292835301144661e-01
2.598145148866356067e+02 1.242194580744133692e-01
2.597615504626871825e+02 7.115590521082193476e-02
2.597134288528555999e+02 1.046006896720294010e-01
2.597028268592225686e+02 8.599232994272953956e-02
2.596561549019774588e+02 8.221083503795001413e-02
2.596054183252014695e+02 6.506128040707148674e-02
2.595467853483417002e+02 7.966175927088658959e-02
2.595100885560261759e+02 8.187936363373415904e-02
2.594699577496598408e+02 6.328350532178683707e-02
2.594121787178026466e+02 6.855101429216670095e-02
2.593951439395584089e+02 8.507384345606128218e-02
2.593449655843414234e+02 6.254996627418740740e-02
2.592812132128047438e+02 7.751967817639826563e-02
2.592197157692767746e+02 6.627318251277936056e-02
2.591623592870511175e+02 6.787042242394292213e-02
2.591092938085732271e+02 8.047626338028102122e-02
2.590728538808431267e+02 6.885215137486533354e-02
2.590118415125680826e+02 6.531277950910552299e-02
2.589504407031168967e+02 6.670205466572165509e-02
2.589279620249526488e+02 7.465483131455874499e-02
2.588662882977164372e+02 6.747184782364323841e-02
2.588032143113562142e+02 7.719831821268818839e-02
2.587607758396866870e+02 1.089368430496426843e-01
2.587297148267447824e+02 1.493215687408817605e-01
2.587076753362366048e+02 1.852458622584731707e-01
2.587389747479463722e+02 1.624252602588487360e-01
2.587053763574295999e+02 2.410853548452027706e-01
2.587026477573832608e+02 2.243087469090508934e-01
2.587042423867842444e+02 2.054330774616535127e-01
2.586290947003252541e+02 7.680446578642216027e-01
2.586713128491431348e+02 2.885494861077038120e-01
2.586145860859428467e+02 7.456367864816046964e-01
2.586504455758678773e+02 2.595905043435947634e-01
2.586243800521220351e+02 7.216456473601595700e-01
2.586375505093835159e+02 5.452113058196165207e-01
2.586411809216638176e+02 5.226646319355116033e-01
2.586427747933959154e+02 5.037889624881141115e-01
2.586443686847725303e+02 4.849132930407167308e-01
2.586407381830022700e+02 4.665641538771098107e-01
2.586344071859534210e+02 4.495269281580315246e-01
2.586332118576587504e+02 4.330118204577956265e-01
2.586348056311736059e+02 4.141361510103982457e-01
2.586363994243311595e+02 3.952604815630007540e-01
2.586354033013058142e+02 3.763859151818403914e-01
2.586369971018294791e+02 3.575102457344428997e-01
2.586433857827684051e+02 3.370596183138691027e-01
2.586127601742894626e+02 7.979370175091982098e-01
2.586207279780013550e+02 7.035586702722109731e-01
2.586223215976608572e+02 6.846830008248134813e-01
2.586239152369601584e+02 6.658073313774162116e-01
2.586255088958997135e+02 6.469316619300187199e-01
2.586271025744799203e+02 6.280559924826212281e-01
2.586286962727010064e+02 6.091803230352237364e-01
2.586302899905634831e+02 5.903046535878264667e-01
2.586318837280676348e+02 5.714289841404289749e-01
2.586310337322877331e+02 3.115836417308097683e-01
2.586222551964496006e+02 2.867353098365984509e-01
2.586167440147747811e+02 2.599980873181630958e-01
2.586183375853361781e+02 2.411224178707657151e-01
2.586199311755364647e+02 2.222467484233683344e-01
2.586221223941293488e+02 1.962927029331967832e-01
2.586138225197511815e+02 1.719160421619231327e-01
2.586154160543086959e+02 1.530403727145256410e-01
2.586170096085045884e+02 1.341647032671281492e-01
2.586191343779814247e+02 1.089971440039315675e-01
2.585886510732195802e+02 8.451758291083577568e-02
2.585505396650893317e+02 1.037833175904187000e-01
2.585127838508487912e+02 8.099213069044719493e-02
2.584558281684514895e+02 8.154072229897779689e-02
2.584383440955110132e+02 1.253276719538441997e-01
2.584386535275659753e+02 1.012094963707720341e-01
2.584312273627495529e+02 1.688480472681042066e-01
2.584349403918097892e+02 1.452527250813661075e-01
2.583896177938548817e+02 6.950994654085795865e-02
2.583360069522707363e+02 9.234010844786966210e-02
2.583337984949093880e+02 1.185563160136993144e-01
2.582856193543020709e+02 7.715676938442805888e-02
2.582437256213864885e+02 8.399063241133564173e-02
2.581942564301302809e+02 1.196645298931300339e-01
2.582012939319630505e+02 9.737854732970085969e-02
2.581931092875121863e+02 2.150885839227851815e-01
2.581917415538667342e+02 1.904468195658877150e-01
2.581952712186356393e+02 1.689487939844160902e-01
2.582022867138815627e+02 1.469249734966451282e-01
2.581866678298297870e+02 2.711920034911522448e-01
2.581882561046089108e+02 2.523163340437547530e-01
2.581948079446327142e+02 2.357979171448080224e-01
2.581518409942512449e+02 7.170872523992743997e-02
2.580864144556139195e+02 8.287819011132990799e-02
2.580675147317577398e+02 1.543228710594010122e-01
2.580747436869748412e+02 1.296774298150470406e-01
2.580818848818274205e+02 1.060806368733261396e-01
2.580615202955692666e+02 2.665267686861697571e-01
2.580652227085671484e+02 2.429314464994316580e-01
2.580615202955692666e+02 2.256309556384580306e-01
2.580631070309884194e+02 2.067552861910605388e-01
2.580646937859202694e+02 1.878796167436631581e-01
2.580761983427627797e+02 1.737184523931669666e-01
2.580509425580742686e+02 3.514687519544409389e-01
2.580525291634176028e+02 3.325930825070434471e-01
2.580541157882713037e+02 3.137174130596460664e-01
2.580557024326357123e+02 2.948417436122485746e-01
2.580246530811792240e+02 6.835514124465513763e-02
2.579853799353903696e+02 1.092677629207400303e-01
2.579803583664396456e+02 8.724909007540848638e-02
2.579461155976236455e+02 6.550508072308747209e-02
2.578842594322575223e+02 6.605587846409199937e-02
2.578229168621209624e+02 6.083911054061375001e-02
2.577615594946718716e+02 5.614666676845225801e-02
2.576990665912736631e+02 6.534881300618045064e-02
2.576380756690171552e+02 5.698610017480276735e-02
2.575756645749546010e+02 6.592608433687274783e-02
2.575288212266244159e+02 7.328647764757079131e-02
2.574960366308931157e+02 9.689430125166165197e-02
2.574950712137815003e+02 1.493252456283384877e-01
2.574985379725403618e+02 1.283515441981832872e-01
2.575045940535742943e+02 1.173385308880608990e-01
2.574522710172204256e+02 6.781416604585632779e-02
2.574102305542460840e+02 7.962910851027160675e-02
2.573742099295865273e+02 1.218511748635927594e-01
2.574039158024191352e+02 9.378806672829365088e-02
2.573469873950548390e+02 1.407378749733602108e-01
2.573563020264344914e+02 1.724543384855748984e-01
2.573327975762682058e+02 1.162327069854768302e-01
2.573221151545108683e+02 9.067741993997779915e-02
2.572884631074551294e+02 6.395233115014931080e-02
2.572269876026555835e+02 6.371664266417886857e-02
2.571735735482823770e+02 8.995491155474844014e-02
2.571301472023302495e+02 1.501376539118827180e-01
2.571347747087605171e+02 1.253622346959365474e-01
2.571364813489170160e+02 1.049135927945893387e-01
2.571310989453664888e+02 1.694054634065305098e-01
2.571034028221421295e+02 7.189661418896176048e-02
2.570741380482552358e+02 6.687589790467141082e-02
2.570113877927886961e+02 7.088767627086023371e-02
2.569506126679511908e+02 6.383577381777394422e-02
2.568884686420926755e+02 7.356224420681867215e-02
2.568760652797138846e+02 1.611265836091640979e-01
2.568830966162742016e+02 1.380541148187599543e-01
2.568846688932571851e+02 1.191784453713624625e-01
2.568882939385314330e+02 9.610744733594100975e-02
2.568631391062639864e+02 3.572223454465881520e-01
2.568667198753889807e+02 3.346756715624832346e-01
2.568682919519069401e+02 3.158000021150857428e-01
2.568698640476679316e+02 2.969243326676883621e-01
2.568714361626721825e+02 2.780486632202908703e-01
2.568676369176859566e+02 2.623211448132670709e-01
2.568689469894687818e+02 2.465914202737692351e-01
2.568705190932477649e+02 2.277157508263717434e-01
2.568720912162701779e+02 2.088400813789743626e-01
2.568773317653301547e+02 1.868169962686946350e-01
2.568281008722132697e+02 6.231574854319987811e-02
2.567665833315613781e+02 6.522600496512875878e-02
2.567176238688929857e+02 7.088344785028499739e-02
2.566801289032732143e+02 1.024890532056821346e-01
2.566762481075768392e+02 2.002736689824987648e-01
2.566758556740959989e+02 1.743207265585643428e-01
2.566774254152194317e+02 1.554450571111669621e-01
2.566789951755429797e+02 1.365693876637694704e-01
2.566954788182354719e+02 1.224060171807995756e-01
2.566650424236054278e+02 2.839052095612242255e-01
2.566687920766324282e+02 2.592612390718528337e-01
2.566703617313597192e+02 2.403855696244553419e-01
2.566719314052855907e+02 2.215099001770579612e-01
2.566486498782798549e+02 7.209295997914622056e-02
2.566342645291456392e+02 6.108877119891953367e-02
2.565897455548304151e+02 1.059361351962803122e-01
2.566068060674273283e+02 8.469438867053624698e-02
2.565862814366508928e+02 1.476199052259496991e-01
2.565878500823517925e+02 1.287442357785522073e-01
