0.000	580.000	-499.100	0.000
1.000	579.980	-530.600	1.291
2.000	579.960	-533.200	7.575
3.000	579.940	-501.900	13.877
4.000	579.920	-521.500	20.176
5.000	579.900	-520.200	26.475
6.000	579.880	-488.000	32.778
7.000	579.860	-428.800	39.078
8.000	579.840	-430.200	45.377
9.000	579.820	-444.200	51.676
10.000	579.800	-484.400	57.975
11.000	579.780	-544.400	64.276
12.000	579.760	-518.700	70.575
13.000	579.740	-575.200	76.880
14.000	579.720	-581.700	83.174
15.000	579.700	-561.800	89.476
16.000	579.680	-547.300	95.778
17.000	579.660	-474.400	102.080
18.000	579.640	-524.500	108.379
19.000	579.620	-517.200	114.678
20.000	579.600	-545.000	120.977
21.000	579.580	-542.000	127.279
22.000	579.560	-511.000	133.576
23.000	579.540	-519.300	139.874
24.000	579.520	-590.900	146.168
25.000	579.500	-481.400	152.550
26.000	579.480	-542.000	158.828
27.000	579.460	-432.800	165.106
28.000	579.440	-394.700	171.386
29.000	579.420	-369.800	177.682
30.000	579.400	-494.200	183.982
31.000	579.380	-597.900	190.281
32.000	579.360	-652.600	196.577
33.000	579.340	-583.100	202.878
34.000	579.320	-603.200	209.177
35.000	579.300	-679.400	215.475
36.000	579.280	-741.900	221.774
37.000	579.260	-638.300	228.073
38.000	579.240	-560.900	234.388
39.000	579.220	-550.400	240.693
40.000	579.200	-590.500	246.995
41.000	579.180	-622.700	253.297
42.000	579.160	-778.700	259.599
43.000	579.140	-664.200	265.881
44.000	579.120	-620.200	272.182
45.000	579.100	-593.000	278.484
46.000	579.080	-506.900	284.783
47.000	579.060	-465.500	291.082
48.000	579.040	-500.100	297.382
49.000	579.020	-516.700	303.684
50.000	579.000	-568.200	309.990
51.000	578.980	-440.100	316.291
52.000	578.960	-472.800	322.593
53.000	578.940	-485.100	328.897
54.000	578.920	-484.900	335.202
55.000	578.900	-458.900	341.486
56.000	578.880	-548.000	347.784
57.000	578.860	-462.200	354.086
58.000	578.840	-452.900	360.388
59.000	578.820	-422.400	366.689
60.000	578.800	-476.500	372.990
61.000	578.780	-597.900	379.295
62.000	578.760	-654.900	385.599
63.000	578.740	-653.800	391.900
64.000	578.720	-620.800	398.204
65.000	578.700	-528.800	404.486
66.000	578.680	-635.300	410.788
67.000	578.660	-561.100	417.089
68.000	578.640	-519.100	423.389
69.000	578.620	-455.200	429.690
70.000	578.600	-477.700	435.995
71.000	578.580	-518.500	442.293
72.000	578.560	-505.200	448.595
73.000	578.540	-527.500	454.896
74.000	578.520	-467.600	461.199
75.000	578.500	-508.300	467.501
76.000	578.480	-459.200	473.802
77.000	578.460	-532.000	480.099
78.000	578.440	-588.400	486.400
79.000	578.420	-611.300	492.699
80.000	578.400	-551.800	499.001
81.000	578.380	-536.100	505.300
82.000	578.360	-564.300	511.602
83.000	578.340	-538.900	517.904
84.000	578.320	-465.000	524.208
85.000	578.300	-486.200	530.492
86.000	578.280	-484.200	536.797
87.000	578.260	-468.000	543.101
88.000	578.240	-497.100	549.404
89.000	578.220	-534.900	555.708
90.000	578.200	-549.300	562.011
91.000	578.180	-495.000	568.296
92.000	578.160	-408.100	574.599
93.000	578.140	-476.400	580.900
94.000	578.120	-430.100	587.204
95.000	578.100	-520.300	593.505
96.000	578.080	-555.500	599.808
97.000	578.060	-554.000	606.112
98.000	578.040	-534.800	612.396
99.000	578.020	-458.200	618.695
100.000	578.000	-502.400	624.999
101.000	577.980	-429.500	631.301
102.000	577.960	-404.500	637.604
103.000	577.940	-401.400	643.905
104.000	577.920	-438.700	650.208
105.000	577.900	-457.500	656.513
106.000	577.880	-345.600	662.800
107.000	577.860	-416.600	669.101
108.000	577.840	-417.100	675.407
109.000	577.820	-397.700	681.713
110.000	577.800	-400.000	688.014
111.000	577.780	-305.000	694.299
112.000	577.760	-281.800	700.600
113.000	577.740	-248.800	706.903
114.000	577.720	-269.300	713.204
115.000	577.700	-336.100	719.504
116.000	577.680	-314.300	725.808
117.000	577.660	-376.600	732.111
118.000	577.640	-328.100	738.414
119.000	577.620	-354.900	744.717
120.000	577.600	-371.500	750.999
121.000	577.580	-380.400	757.301
122.000	577.560	-323.500	763.607
123.000	577.540	-351.900	769.907
124.000	577.520	-387.300	776.209
125.000	577.500	-431.700	782.505
126.000	577.480	-422.100	788.805
127.000	577.460	-379.200	795.108
128.000	577.440	-394.800	801.411
129.000	577.420	-393.100	807.713
130.000	577.400	-329.000	814.018
131.000	577.380	-352.300	820.318
132.000	577.360	-309.800	826.620
133.000	577.340	-322.700	832.902
134.000	577.320	-394.700	839.202
135.000	577.300	-392.100	845.501
136.000	577.280	-463.100	851.805
137.000	577.260	-362.300	858.106
138.000	577.240	-371.800	864.408
139.000	577.220	-346.300	870.712
140.000	577.200	-383.700	877.014
141.000	577.180	-380.000	883.315
142.000	577.160	-345.200	889.614
143.000	577.140	-326.600	895.913
144.000	577.120	-362.300	902.211
145.000	577.100	-418.800	908.508
146.000	577.080	-403.700	914.806
147.000	577.060	-368.100	921.106
148.000	577.040	-377.000	927.405
149.000	577.020	-375.600	933.704
150.000	577.000	-399.400	940.009
151.000	576.980	-323.800	946.308
152.000	576.960	-332.700	952.606
153.000	576.940	-344.000	958.908
154.000	576.920	-285.700	965.213
155.000	576.900	-230.600	971.511
156.000	576.880	-296.500	977.813
157.000	576.860	-248.000	984.114
158.000	576.840	-275.600	990.413
159.000	576.820	-263.200	996.711
160.000	576.800	-281.700	1003.010
161.000	576.780	-280.300	1009.312
162.000	576.760	-282.700	1015.611
163.000	576.740	-347.100	1021.912
164.000	576.720	-379.300	1028.209
165.000	576.700	-317.000	1034.506
166.000	576.680	-334.400	1040.804
167.000	576.660	-360.100	1047.102
168.000	576.640	-389.000	1053.383
169.000	576.620	-398.600	1059.660
170.000	576.600	-429.800	1066.044
171.000	576.580	-405.000	1072.320
172.000	576.560	-380.100	1078.621
173.000	576.540	-354.700	1084.919
174.000	576.520	-333.600	1091.220
175.000	576.500	-376.600	1097.523
176.000	576.480	-407.800	1103.822
177.000	576.460	-396.300	1110.120
178.000	576.440	-398.900	1116.420
179.000	576.420	-409.500	1122.719
180.000	576.400	-439.800	1129.027
181.000	576.380	-402.400	1135.314
182.000	576.360	-416.800	1141.612
183.000	576.340	-435.700	1147.912
184.000	576.320	-456.100	1154.151
185.000	576.300	-440.100	1160.530
186.000	576.280	-481.800	1166.834
187.000	576.260	-403.300	1173.127
188.000	576.240	-366.900	1179.433
189.000	576.220	-456.300	1185.723
190.000	576.200	-427.900	1192.025
191.000	576.180	-313.700	1198.323
192.000	576.160	-284.600	1204.618
193.000	576.140	-392.000	1210.917
194.000	576.120	-428.300	1217.215
195.000	576.100	-473.000	1223.512
196.000	576.080	-558.600	1229.790
197.000	576.060	-545.300	1236.070
198.000	576.040	-547.800	1242.349
199.000	576.020	-531.300	1248.741
200.000	576.000	-487.700	1255.023
201.000	575.980	-522.800	1261.335
202.000	575.960	-488.100	1267.639
203.000	575.940	-505.800	1273.929
204.000	575.920	-539.800	1280.225
205.000	575.900	-488.800	1286.523
206.000	575.880	-547.700	1292.815
207.000	575.860	-525.700	1299.120
208.000	575.840	-558.600	1305.429
209.000	575.820	-540.300	1311.727
210.000	575.800	-536.700	1318.036
211.000	575.780	-537.300	1324.334
212.000	575.760	-599.200	1330.630
213.000	575.740	-515.000	1336.926
214.000	575.720	-449.800	1343.227
215.000	575.700	-443.800	1349.518
216.000	575.680	-427.900	1355.825
217.000	575.660	-443.200	1362.134
218.000	575.640	-466.000	1368.430
219.000	575.620	-480.200	1374.743
220.000	575.600	-461.900	1381.037
221.000	575.580	-401.500	1387.332
222.000	575.560	-450.300	1393.627
223.000	575.540	-439.500	1399.919
224.000	575.520	-392.500	1406.224
225.000	575.500	-469.300	1412.532
226.000	575.480	-440.400	1418.829
227.000	575.460	-469.200	1425.126
228.000	575.440	-441.900	1431.419
229.000	575.420	-390.600	1437.698
230.000	575.400	-456.900	1443.975
231.000	575.380	-426.500	1450.255
232.000	575.360	-377.900	1456.636
233.000	575.340	-424.200	1462.926
234.000	575.320	-442.400	1469.223
235.000	575.300	-418.300	1475.517
236.000	575.280	-445.700	1481.828
237.000	575.260	-434.200	1488.139
238.000	575.240	-394.100	1494.430
239.000	575.220	-422.300	1500.730
240.000	575.200	-487.000	1507.000
241.000	575.180	-484.500	1513.286
242.000	575.160	-492.300	1519.575
243.000	575.140	-563.800	1525.860
244.000	575.120	-464.500	1532.156
245.000	575.100	-428.300	1538.457
246.000	575.080	-444.600	1544.843
247.000	575.060	-434.100	1551.141
248.000	575.040	-417.300	1557.436
249.000	575.020	-439.900	1563.742
250.000	575.000	-489.600	1570.038
251.000	574.980	-428.900	1576.328
252.000	574.960	-398.400	1582.603
253.000	574.940	-449.400	1588.885
254.000	574.920	-551.800	1595.157
255.000	574.900	-465.600	1601.540
256.000	574.880	-427.100	1607.835
257.000	574.860	-499.900	1614.131
258.000	574.840	-526.600	1620.431
259.000	574.820	-408.300	1626.727
260.000	574.800	-449.300	1633.025
261.000	574.780	-418.400	1639.331
262.000	574.760	-453.400	1645.632
263.000	574.740	-494.500	1651.940
264.000	574.720	-566.400	1658.240
265.000	574.700	-499.300	1664.537
266.000	574.680	-471.500	1670.838
267.000	574.660	-498.900	1677.132
268.000	574.640	-432.300	1683.431
269.000	574.620	-455.600	1689.736
270.000	574.600	-462.600	1696.032
271.000	574.580	-522.800	1702.332
272.000	574.560	-510.500	1708.626
273.000	574.540	-465.200	1714.927
274.000	574.520	-459.600	1721.204
275.000	574.500	-474.700	1727.484
276.000	574.480	-483.700	1733.755
277.000	574.460	-471.100	1740.059
278.000	574.440	-587.200	1746.354
279.000	574.420	-610.100	1752.778
280.000	574.400	-531.600	1758.955
281.000	574.380	-450.800	1765.344
282.000	574.360	-356.200	1771.642
283.000	574.340	-364.100	1777.944
284.000	574.320	-414.700	1784.247
285.000	574.300	-400.400	1790.538
286.000	574.280	-434.500	1796.832
287.000	574.260	-470.500	1803.142
288.000	574.240	-529.500	1809.445
289.000	574.220	-546.800	1815.746
290.000	574.200	-606.900	1822.039
291.000	574.180	-515.300	1828.257
292.000	574.160	-546.100	1834.557
293.000	574.140	-505.200	1840.857
294.000	574.120	-532.500	1847.154
295.000	574.100	-557.800	1853.543
296.000	574.080	-521.400	1859.841
297.000	574.060	-589.600	1866.135
298.000	574.040	-617.300	1872.413
299.000	574.020	-561.200	1878.694
300.000	574.000	-488.500	1884.973
301.000	573.980	-533.600	1891.251
302.000	573.960	-540.700	1897.643
303.000	573.940	-579.200	1903.940
304.000	573.920	-562.500	1910.245
305.000	573.900	-559.100	1916.463
306.000	573.880	-616.400	1922.752
307.000	573.860	-539.800	1929.067
308.000	573.840	-592.100	1935.363
309.000	573.820	-626.300	1941.658
310.000	573.800	-515.100	1947.949
311.000	573.780	-542.100	1954.377
312.000	573.760	-588.800	1960.644
313.000	573.740	-572.600	1966.856
314.000	573.720	-626.300	1973.160
315.000	573.700	-597.500	1979.457
316.000	573.680	-609.000	1985.754
317.000	573.660	-622.100	1992.050
318.000	573.640	-611.300	1998.363
319.000	573.620	-558.900	2004.659
320.000	573.600	-580.100	2010.959
321.000	573.580	-585.900	2017.257
322.000	573.560	-549.600	2023.554
323.000	573.540	-609.100	2029.855
324.000	573.520	-491.600	2036.148
325.000	573.500	-526.400	2042.578
326.000	573.480	-511.900	2048.847
327.000	573.460	-513.200	2055.144
328.000	573.440	-412.600	2061.421
329.000	573.420	-472.600	2067.700
330.000	573.400	-489.300	2073.986
331.000	573.380	-479.100	2080.277
332.000	573.360	-536.100	2086.552
333.000	573.340	-578.200	2092.855
334.000	573.320	-548.100	2099.277
335.000	573.300	-522.800	2105.542
336.000	573.280	-632.000	2111.889
337.000	573.260	-616.400	2118.056
338.000	573.240	-573.800	2124.359
339.000	573.220	-569.200	2130.667
340.000	573.200	-570.700	2136.968
341.000	573.180	-488.800	2143.275
342.000	573.160	-477.600	2149.566
343.000	573.140	-527.800	2155.862
344.000	573.120	-553.700	2162.156
345.000	573.100	-483.300	2168.459
346.000	573.080	-433.200	2174.757
347.000	573.060	-412.500	2181.070
348.000	573.040	-484.300	2187.367
349.000	573.020	-405.000	2193.666
350.000	573.000	-373.000	2199.964
351.000	572.980	-425.800	2206.268
352.000	572.960	-478.500	2212.562
353.000	572.940	-444.900	2218.856
354.000	572.920	-429.700	2225.158
355.000	572.900	-440.100	2231.452
356.000	572.880	-493.100	2237.880
357.000	572.860	-504.000	2244.175
358.000	572.840	-504.600	2250.354
359.000	572.820	-489.200	2256.660
360.000	572.800	-552.600	2262.958
361.000	572.780	-525.000	2269.254
362.000	572.760	-535.500	2275.567
363.000	572.740	-497.900	2281.873
364.000	572.720	-517.800	2288.167
365.000	572.700	-536.300	2294.472
366.000	572.680	-579.400	2300.768
367.000	572.660	-495.900	2307.070
368.000	572.640	-442.200	2313.362
369.000	572.620	-486.000	2319.661
370.000	572.600	-473.700	2325.959
371.000	572.580	-466.900	2332.249
372.000	572.560	-460.000	2338.629
373.000	572.540	-442.100	2344.910
374.000	572.520	-471.400	2351.744
375.000	572.500	-431.100	2357.520
376.000	572.480	-423.500	2363.797
377.000	572.460	-383.800	2370.077
378.000	572.440	-437.900	2376.376
379.000	572.420	-448.000	2382.671
380.000	572.400	-468.100	2388.970
381.000	572.380	-503.300	2395.267
382.000	572.360	-524.800	2401.565
383.000	572.340	-467.100	2407.859
384.000	572.320	-490.600	2414.156
385.000	572.300	-477.400	2420.534
386.000	572.280	-498.600	2426.811
387.000	572.260	-515.300	2433.088
388.000	572.240	-493.700	2439.367
389.000	572.220	-476.200	2445.661
390.000	572.200	-378.400	2451.978
391.000	572.180	-378.600	2458.277
392.000	572.160	-400.400	2464.573
393.000	572.140	-393.200	2470.870
394.000	572.120	-371.800	2477.166
395.000	572.100	-332.600	2483.463
396.000	572.080	-434.200	2489.761
397.000	572.060	-452.700	2496.137
398.000	572.040	-468.900	2502.415
399.000	572.020	-475.800	2508.691
400.000	572.000	-483.800	2514.968
401.000	571.980	-456.700	2521.265
402.000	571.960	-479.500	2527.640
403.000	571.940	-520.900	2533.914
404.000	571.920	-521.600	2540.193
405.000	571.900	-452.400	2546.472
406.000	571.880	-450.300	2552.767
407.000	571.860	-374.500	2559.063
408.000	571.840	-370.800	2565.442
409.000	571.820	-385.600	2571.717
410.000	571.800	-375.600	2577.994
411.000	571.780	-410.900	2584.271
412.000	571.760	-403.800	2590.567
413.000	571.740	-395.800	2596.864
414.000	571.720	-385.300	2603.241
415.000	571.700	-342.200	2609.519
416.000	571.680	-358.000	2615.800
417.000	571.660	-328.400	2622.073
418.000	571.640	-357.400	2628.369
419.000	571.620	-394.100	2634.686
420.000	571.600	-295.300	2640.983
421.000	571.580	-337.700	2647.280
422.000	571.560	-339.600	2653.575
423.000	571.540	-415.800	2659.872
424.000	571.520	-381.400	2666.169
425.000	571.500	-368.300	2672.468
426.000	571.480	-339.400	2678.843
427.000	571.460	-389.000	2685.121
428.000	571.440	-376.500	2691.397
429.000	571.420	-428.700	2697.676
430.000	571.400	-330.400	2703.974
431.000	571.380	-391.300	2710.271
432.000	571.360	-344.900	2716.570
433.000	571.340	-379.900	2722.979
434.000	571.320	-329.300	2729.225
435.000	571.300	-342.900	2735.500
436.000	571.280	-351.400	2741.779
437.000	571.260	-410.600	2748.075
438.000	571.240	-369.400	2754.375
439.000	571.220	-377.100	2760.674
440.000	571.200	-332.400	2766.974
441.000	571.180	-388.700	2773.276
442.000	571.160	-392.100	2779.574
443.000	571.140	-354.300	2785.875
444.000	571.120	-358.400	2792.179
445.000	571.100	-309.500	2798.477
446.000	571.080	-336.000	2804.793
447.000	571.060	-291.000	2811.093
448.000	571.040	-224.700	2817.391
449.000	571.020	-315.700	2823.689
450.000	571.000	-299.600	2829.989
451.000	570.980	-354.700	2836.289
452.000	570.960	-353.800	2842.587
453.000	570.940	-328.200	2848.887
454.000	570.920	-395.300	2855.186
455.000	570.900	-394.200	2861.485
456.000	570.880	-363.900	2867.783
457.000	570.860	-363.000	2874.079
458.000	570.840	-377.200	2880.379
459.000	570.820	-299.600	2886.695
460.000	570.800	-331.400	2892.994
461.000	570.780	-308.200	2899.293
462.000	570.760	-336.200	2905.591
463.000	570.740	-330.200	2911.890
464.000	570.720	-313.200	2918.189
465.000	570.700	-290.600	2924.487
466.000	570.680	-294.200	2930.785
467.000	570.660	-267.200	2937.084
468.000	570.640	-278.800	2943.383
469.000	570.620	-292.200	2949.681
470.000	570.600	-303.600	2955.979
471.000	570.580	-317.000	2962.278
472.000	570.560	-290.800	2968.577
473.000	570.540	-303.800	2974.855
474.000	570.520	-335.400	2981.234
475.000	570.500	-277.600	2987.513
476.000	570.480	-297.600	2993.794
477.000	570.460	-246.700	3000.093
478.000	570.440	-304.400	3006.392
479.000	570.420	-291.200	3012.689
480.000	570.400	-258.300	3018.988
481.000	570.380	-223.400	3025.288
482.000	570.360	-186.900	3031.586
483.000	570.340	-281.400	3037.888
484.000	570.320	-234.900	3044.188
485.000	570.300	-256.700	3050.485
486.000	570.280	-262.800	3056.784
487.000	570.260	-250.400	3063.081
488.000	570.240	-258.700	3069.362
489.000	570.220	-256.600	3075.738
490.000	570.200	-260.400	3082.018
491.000	570.180	-282.400	3088.298
492.000	570.160	-262.700	3094.597
493.000	570.140	-322.000	3100.898
494.000	570.120	-307.600	3107.201
495.000	570.100	-335.500	3113.500
496.000	570.080	-345.500	3119.797
497.000	570.060	-369.300	3126.098
498.000	570.040	-329.600	3132.399
499.000	570.020	-336.500	3138.697
500.000	570.000	-276.900	3144.999
501.000	569.980	-259.700	3151.303
502.000	569.960	-107.000	3157.605
503.000	569.940	-67.800	3163.905
504.000	569.920	-43.300	3170.207
505.000	569.900	17.400	3176.506
506.000	569.880	9.300	3182.802
507.000	569.860	41.900	3189.099
508.000	569.840	31.600	3195.400
509.000	569.820	-31.600	3201.698
510.000	569.800	-132.300	3207.995
511.000	569.780	-201.300	3214.294
512.000	569.760	-275.600	3220.595
513.000	569.740	-305.000	3226.896
514.000	569.720	-314.400	3233.195
515.000	569.700	-295.800	3239.495
516.000	569.680	-245.900	3245.795
517.000	569.660	-289.000	3252.092
518.000	569.640	-267.400	3258.414
519.000	569.620	-171.300	3264.696
520.000	569.600	-234.500	3270.993
521.000	569.580	-202.100	3277.311
522.000	569.560	-200.100	3283.611
523.000	569.540	-209.900	3289.910
524.000	569.520	-197.000	3296.210
525.000	569.500	-272.900	3302.511
526.000	569.480	-192.000	3308.811
527.000	569.460	-203.900	3315.113
528.000	569.440	-258.700	3321.395
529.000	569.420	-221.400	3327.692
530.000	569.400	-236.000	3334.014
531.000	569.380	-276.400	3340.295
532.000	569.360	-322.200	3346.594
533.000	569.340	-325.200	3352.894
534.000	569.320	-278.000	3359.195
535.000	569.300	-282.300	3365.497
536.000	569.280	-227.900	3371.801
537.000	569.260	-250.000	3378.101
538.000	569.240	-266.900	3384.406
539.000	569.220	-228.400	3390.708
540.000	569.200	-266.400	3397.009
541.000	569.180	-224.100	3403.314
542.000	569.160	-283.700	3409.616
543.000	569.140	-301.900	3415.915
544.000	569.120	-319.200	3422.217
545.000	569.100	-344.800	3428.519
546.000	569.080	-338.900	3434.800
547.000	569.060	-333.400	3441.098
548.000	569.040	-328.100	3447.421
549.000	569.020	-318.400	3453.704
550.000	569.000	-333.000	3460.004
551.000	568.980	-285.800	3466.304
552.000	568.960	-294.100	3472.605
553.000	568.940	-281.500	3478.905
554.000	568.920	-289.600	3485.207
555.000	568.900	-316.200	3491.509
556.000	568.880	-370.100	3497.809
557.000	568.860	-391.200	3504.108
558.000	568.840	-340.100	3510.406
559.000	568.820	-377.200	3516.702
560.000	568.800	-341.700	3523.002
561.000	568.780	-367.500	3529.320
562.000	568.760	-382.900	3535.620
563.000	568.740	-389.500	3541.919
564.000	568.720	-422.200	3548.215
565.000	568.700	-368.800	3554.473
566.000	568.680	-336.200	3560.753
567.000	568.660	-327.000	3567.132
568.000	568.640	-329.500	3573.409
569.000	568.620	-305.900	3579.704
570.000	568.600	-331.400	3586.002
571.000	568.580	-333.300	3592.317
572.000	568.560	-337.800	3598.618
573.000	568.540	-298.600	3604.917
574.000	568.520	-285.700	3611.211
575.000	568.500	-318.100	3617.510
576.000	568.480	-284.000	3623.811
577.000	568.460	-252.200	3630.104
578.000	568.440	-172.000	3636.382
579.000	568.420	-142.700	3642.658
580.000	568.400	-185.100	3649.037
581.000	568.380	-174.200	3655.314
582.000	568.360	-98.300	3661.610
583.000	568.340	-41.900	3667.909
584.000	568.320	-103.900	3674.226
585.000	568.300	-84.600	3680.531
586.000	568.280	-65.000	3686.821
587.000	568.260	-131.500	3693.117
588.000	568.240	-109.400	3699.417
589.000	568.220	-119.300	3705.713
590.000	568.200	-98.300	3712.028
591.000	568.180	-84.300	3718.329
592.000	568.160	-99.400	3724.626
593.000	568.140	-109.200	3730.923
594.000	568.120	-141.500	3737.220
595.000	568.100	-84.200	3743.518
596.000	568.080	-71.000	3749.817
597.000	568.060	-127.000	3756.112
598.000	568.040	-201.900	3762.410
599.000	568.020	-251.300	3768.688
600.000	568.000	-279.500	3774.960
601.000	567.980	0.000	3781.340
