0.000	570.000	-119.700	0.000
1.000	569.990	-122.000	11.222
2.000	569.980	-113.100	23.924
3.000	569.970	-130.000	36.632
4.000	569.960	-99.600	49.340
5.000	569.950	-102.300	62.023
6.000	569.940	-42.700	74.736
7.000	569.930	-42.900	87.437
8.000	569.920	-29.200	100.132
9.000	569.910	-62.900	112.828
10.000	569.900	-69.200	125.546
11.000	569.890	-24.800	138.238
12.000	569.880	-41.200	150.945
13.000	569.870	-50.000	163.645
14.000	569.860	-49.900	176.344
15.000	569.850	-84.100	189.042
16.000	569.840	-114.700	201.738
17.000	569.830	-141.400	214.451
18.000	569.820	-142.100	227.219
19.000	569.810	-121.800	239.844
20.000	569.800	-123.600	252.538
21.000	569.790	-159.900	265.259
22.000	569.780	-98.500	277.958
23.000	569.770	-85.700	290.650
24.000	569.760	-91.800	303.348
25.000	569.750	-102.100	316.046
26.000	569.740	-69.700	328.742
27.000	569.730	-65.800	341.450
28.000	569.720	-61.000	354.155
29.000	569.710	-98.100	366.846
30.000	569.700	-87.300	379.565
31.000	569.690	-107.300	392.255
32.000	569.680	-179.400	404.949
33.000	569.670	-207.800	417.648
34.000	569.660	-158.000	430.362
35.000	569.650	-110.600	443.056
36.000	569.640	-92.600	455.754
37.000	569.630	-121.100	468.452
38.000	569.620	-129.200	481.150
39.000	569.610	-130.900	493.870
40.000	569.600	-141.300	506.564
41.000	569.590	-105.900	519.257
42.000	569.580	-77.300	531.951
43.000	569.570	-57.600	544.666
44.000	569.560	-57.900	557.361
45.000	569.550	-72.900	570.065
46.000	569.540	-69.900	582.763
47.000	569.530	-54.600	595.460
48.000	569.520	-35.000	608.163
49.000	569.510	-43.100	620.858
50.000	569.500	-48.500	633.547
51.000	569.490	-23.900	646.251
52.000	569.480	-28.400	658.967
53.000	569.470	-41.900	671.665
54.000	569.460	-69.800	684.364
55.000	569.450	-28.300	697.065
56.000	569.440	-46.000	709.761
57.000	569.430	-62.000	722.462
58.000	569.420	-63.300	735.154
59.000	569.410	-63.200	747.859
60.000	569.400	-46.100	760.574
61.000	569.390	-56.800	773.268
62.000	569.380	-65.900	785.970
63.000	569.370	-73.100	798.654
64.000	569.360	-62.700	811.359
65.000	569.350	-71.400	824.073
66.000	569.340	-99.600	836.759
67.000	569.330	-59.100	849.475
68.000	569.320	-92.200	862.159
69.000	569.310	-90.500	874.875
70.000	569.300	-73.700	887.562
71.000	569.290	-61.000	900.265
72.000	569.280	-84.200	912.965
73.000	569.270	-97.100	925.683
74.000	569.260	-74.800	938.381
75.000	569.250	-97.100	951.079
76.000	569.240	-58.800	963.780
77.000	569.230	-55.100	976.470
78.000	569.220	-27.200	989.174
79.000	569.210	-69.400	1001.869
80.000	569.200	-85.000	1014.583
81.000	569.190	-85.600	1027.281
82.000	569.180	-78.000	1039.974
83.000	569.170	-66.700	1052.687
84.000	569.160	-69.400	1065.386
85.000	569.150	-62.000	1078.085
86.000	569.140	-59.800	1090.778
87.000	569.130	-83.700	1103.473
88.000	569.120	-98.600	1116.191
89.000	569.110	-93.300	1128.891
90.000	569.100	-100.600	1141.585
91.000	569.090	-69.000	1154.285
92.000	569.080	-80.700	1166.982
93.000	569.070	-86.500	1179.680
94.000	569.060	-77.900	1192.375
95.000	569.050	-60.900	1205.093
96.000	569.040	-70.100	1217.787
97.000	569.030	-91.800	1230.483
98.000	569.020	-63.100	1243.195
99.000	569.010	-78.500	1255.888
100.000	569.000	-92.400	1268.581
101.000	568.990	-62.600	1281.295
102.000	568.980	-89.800	1293.988
103.000	568.970	-51.100	1306.696
104.000	568.960	-51.000	1319.403
105.000	568.950	-47.500	1332.102
106.000	568.940	-71.500	1344.792
107.000	568.930	-80.400	1357.493
108.000	568.920	-76.800	1370.186
109.000	568.910	-62.900	1382.883
110.000	568.900	-99.000	1395.600
111.000	568.890	-103.900	1408.288
112.000	568.880	-74.200	1420.950
113.000	568.870	-94.600	1433.627
114.000	568.860	-114.200	1446.412
115.000	568.850	-109.100	1459.094
116.000	568.840	-122.300	1471.780
117.000	568.830	-109.500	1484.484
118.000	568.820	-107.000	1497.191
119.000	568.810	-125.000	1509.876
120.000	568.800	-140.200	1522.584
121.000	568.790	-111.300	1535.290
122.000	568.780	-96.800	1547.978
123.000	568.770	-91.400	1560.684
124.000	568.760	-100.300	1573.391
125.000	568.750	-103.000	1586.098
126.000	568.740	-140.500	1598.786
127.000	568.730	-131.700	1611.493
128.000	568.720	-83.100	1624.180
129.000	568.710	-96.900	1636.887
130.000	568.700	-116.500	1649.593
131.000	568.690	-124.000	1662.299
132.000	568.680	-113.200	1674.986
133.000	568.670	-132.500	1687.692
134.000	568.660	-113.200	1700.399
135.000	568.650	-111.500	1713.087
136.000	568.640	-160.500	1725.792
137.000	568.630	-110.100	1738.493
138.000	568.620	-132.100	1751.197
139.000	568.610	-149.500	1763.904
140.000	568.600	-156.300	1776.590
141.000	568.590	-151.300	1789.297
142.000	568.580	-165.600	1802.001
143.000	568.570	-153.900	1814.682
144.000	568.560	-146.600	1827.382
145.000	568.550	-112.200	1840.086
146.000	568.540	-91.100	1852.790
147.000	568.530	-116.500	1865.494
148.000	568.520	-109.600	1878.196
149.000	568.510	-102.300	1890.898
150.000	568.500	-121.900	1903.601
151.000	568.490	-126.200	1916.309
152.000	568.480	-117.100	1928.994
153.000	568.470	-118.100	1941.695
154.000	568.460	-75.500	1954.398
155.000	568.450	-146.200	1967.098
156.000	568.440	-146.200	1979.798
157.000	568.430	-146.900	1992.500
158.000	568.420	-146.600	2005.206
159.000	568.410	-110.600	2017.904
160.000	568.400	-115.700	2030.602
161.000	568.390	-119.000	2043.304
162.000	568.380	-99.700	2056.004
163.000	568.370	-98.400	2068.704
164.000	568.360	-120.300	2081.409
165.000	568.350	-90.200	2094.113
166.000	568.340	-100.200	2106.799
167.000	568.330	-106.200	2119.498
168.000	568.320	-127.500	2132.197
169.000	568.310	-100.800	2144.898
170.000	568.300	-103.600	2157.596
171.000	568.290	-114.100	2170.314
172.000	568.280	-108.900	2183.012
173.000	568.270	-97.700	2195.712
174.000	568.260	-89.400	2208.416
175.000	568.250	-134.800	2221.161
176.000	568.240	-94.200	2233.812
177.000	568.230	-122.400	2246.504
178.000	568.220	-94.900	2259.201
179.000	568.210	-116.000	2271.904
180.000	568.200	-107.000	2284.604
181.000	568.190	-105.100	2297.314
182.000	568.180	-72.500	2310.007
183.000	568.170	-95.000	2322.718
184.000	568.160	-88.300	2335.416
185.000	568.150	-87.800	2348.112
186.000	568.140	-95.500	2360.805
187.000	568.130	-95.000	2373.505
188.000	568.120	-97.700	2386.201
189.000	568.110	-57.400	2398.900
190.000	568.100	-45.900	2411.610
191.000	568.090	-64.000	2424.318
192.000	568.080	-90.800	2437.049
193.000	568.070	-113.100	2449.712
194.000	568.060	-49.700	2462.325
195.000	568.050	-51.100	2475.113
196.000	568.040	-91.800	2487.848
197.000	568.030	-79.000	2500.424
198.000	568.020	-35.900	2513.218
199.000	568.010	-25.700	2525.834
200.000	568.000	-37.000	2538.529
201.000	567.990	0.000	2551.226
