0.000	570.000	-21.600	0.000
1.000	569.980	-28.300	3.597
2.000	569.960	-31.500	16.283
3.000	569.940	-49.300	28.971
4.000	569.920	-24.000	41.693
5.000	569.900	-44.200	54.388
6.000	569.880	-66.400	67.085
7.000	569.860	-34.300	79.784
8.000	569.840	-31.500	92.480
9.000	569.820	-29.500	105.183
10.000	569.800	-41.300	117.895
11.000	569.780	-52.300	130.588
12.000	569.760	-42.600	143.282
13.000	569.740	-28.800	155.986
14.000	569.720	-32.200	168.685
15.000	569.700	-41.300	181.374
16.000	569.680	-52.600	194.083
17.000	569.660	-23.600	206.789
18.000	569.640	-20.800	219.489
19.000	569.620	-38.400	232.176
20.000	569.600	-13.900	244.880
21.000	569.580	-24.000	257.583
22.000	569.560	-42.000	270.287
23.000	569.540	-48.200	282.991
24.000	569.520	-22.200	295.675
25.000	569.500	-46.300	308.378
26.000	569.480	-36.200	321.080
27.000	569.460	-48.700	333.796
28.000	569.440	-36.800	346.481
29.000	569.420	-26.400	359.180
30.000	569.400	-40.100	371.886
31.000	569.380	-18.000	384.587
32.000	569.360	-34.300	397.294
33.000	569.340	-36.600	409.989
34.000	569.320	-11.800	422.701
35.000	569.300	-23.200	435.395
36.000	569.280	-16.600	448.107
37.000	569.260	-10.200	460.818
38.000	569.240	-9.700	473.503
39.000	569.220	-37.700	486.190
40.000	569.200	-29.700	498.892
41.000	569.180	-47.600	511.606
42.000	569.160	11.100	524.292
43.000	569.140	-178.400	537.009
44.000	569.120	-371.800	549.696
45.000	569.100	-363.800	562.400
46.000	569.080	-296.300	575.105
47.000	569.060	-213.400	587.803
48.000	569.040	-178.600	600.492
49.000	569.020	-145.300	613.199
50.000	569.000	-184.300	625.907
51.000	568.980	-152.600	638.594
52.000	568.960	-127.600	651.297
53.000	568.940	-76.600	664.003
54.000	568.920	-80.600	676.707
55.000	568.900	-98.100	689.393
56.000	568.880	-71.400	702.098
57.000	568.860	-70.000	714.801
58.000	568.840	-68.300	727.506
59.000	568.820	-80.100	740.207
60.000	568.800	-66.800	752.913
61.000	568.780	-77.400	765.597
62.000	568.760	-54.300	778.301
63.000	568.740	-62.400	791.000
64.000	568.720	-52.500	803.710
65.000	568.700	-50.600	816.409
66.000	568.680	-57.800	829.106
67.000	568.660	-59.100	841.824
68.000	568.640	-38.500	854.526
69.000	568.620	-66.000	867.222
70.000	568.600	-86.500	879.924
71.000	568.580	-69.500	892.519
72.000	568.560	-47.900	905.311
73.000	568.540	-57.800	918.020
74.000	568.520	-31.300	930.713
75.000	568.500	-40.300	943.359
76.000	568.480	-49.800	956.045
77.000	568.460	-44.700	968.864
78.000	568.440	-47.000	981.517
79.000	568.420	-23.500	994.208
80.000	568.400	-56.700	1006.914
81.000	568.380	-27.200	1019.621
82.000	568.360	-28.000	1032.309
83.000	568.340	-30.300	1045.021
84.000	568.320	-50.500	1057.707
85.000	568.300	-34.200	1070.415
86.000	568.280	-41.100	1083.126
87.000	568.260	-57.000	1095.817
88.000	568.240	-42.100	1108.527
89.000	568.220	-60.900	1121.219
90.000	568.200	-66.500	1133.833
91.000	568.180	-38.900	1146.627
92.000	568.160	-47.100	1159.320
93.000	568.140	-50.300	1171.934
94.000	568.120	-45.600	1184.729
95.000	568.100	-49.400	1197.421
96.000	568.080	-54.800	1210.034
97.000	568.060	-50.600	1222.825
98.000	568.040	-45.100	1235.517
99.000	568.020	-41.000	1248.229
100.000	568.000	-47.900	1260.923
101.000	567.980	-4.700	1273.534
102.000	567.960	-35.400	1286.325
103.000	567.940	-27.600	1298.938
104.000	567.920	-20.300	1311.764
105.000	567.900	-41.100	1324.422
106.000	567.880	-22.400	1337.035
107.000	567.860	-29.300	1349.828
108.000	567.840	-37.000	1362.440
109.000	567.820	5.700	1375.265
110.000	567.800	-30.100	1387.921
111.000	567.780	-26.900	1400.533
112.000	567.760	-18.400	1413.329
113.000	567.740	-33.200	1425.943
114.000	567.720	-26.100	1438.634
115.000	567.700	-1.900	1451.425
116.000	567.680	-5.400	1464.039
117.000	567.660	8.000	1476.867
118.000	567.640	-13.900	1489.527
119.000	567.620	-27.100	1502.139
120.000	567.600	-45.700	1514.930
121.000	567.580	-20.200	1527.540
122.000	567.560	-26.200	1540.228
123.000	567.540	-14.400	1552.938
124.000	567.520	-25.100	1565.649
125.000	567.500	-36.800	1578.341
126.000	567.480	-17.000	1591.129
127.000	567.460	6.800	1603.738
128.000	567.440	-7.000	1616.440
129.000	567.420	1.500	1629.227
130.000	567.400	-15.400	1641.965
131.000	567.380	-8.500	1654.538
132.000	567.360	-0.900	1667.243
133.000	567.340	11.500	1680.061
134.000	567.320	-12.000	1692.765
135.000	567.300	-32.600	1705.336
136.000	567.280	-21.600	1718.039
137.000	567.260	-22.200	1730.744
138.000	567.240	-1.000	1743.448
139.000	567.220	-43.900	1756.133
140.000	567.200	-7.300	1768.927
141.000	567.180	-58.500	1781.533
142.000	567.160	-52.800	1794.249
143.000	567.140	-29.200	1806.938
144.000	567.120	-46.600	1819.643
145.000	567.100	-9.600	1832.347
146.000	567.080	-1.700	1845.038
147.000	567.060	-21.400	1857.755
148.000	567.040	-20.100	1870.457
149.000	567.020	-26.300	1883.144
150.000	567.000	-26.800	1895.834
151.000	566.980	-10.600	1908.550
152.000	566.960	-27.200	1921.246
153.000	566.940	-27.800	1933.942
154.000	566.920	-39.400	1946.642
155.000	566.900	-45.800	1959.349
156.000	566.880	-45.600	1972.039
157.000	566.860	16.200	1984.862
158.000	566.840	1.300	1997.442
159.000	566.820	-46.300	2010.149
160.000	566.800	-59.000	2022.836
161.000	566.780	-51.700	2035.534
162.000	566.760	-22.900	2048.311
163.000	566.740	-10.800	2060.990
164.000	566.720	-33.100	2073.674
165.000	566.700	-24.800	2086.357
166.000	566.680	-11.600	2099.063
167.000	566.660	-15.800	2111.751
168.000	566.640	-23.100	2124.463
169.000	566.620	-4.300	2137.915
170.000	566.600	-12.400	2149.906
171.000	566.580	-44.400	2162.591
172.000	566.560	-4.700	2175.280
173.000	566.540	-11.000	2187.969
174.000	566.520	-15.900	2200.661
175.000	566.500	-29.800	2213.373
176.000	566.480	0.000	2226.055
