0.000	585.000	-433.667	0.000
1.000	584.960	-469.667	1.800
2.000	584.920	-455.167	8.082
3.000	584.880	-482.667	14.388
4.000	584.840	-443.667	20.693
5.000	584.800	-452.000	26.998
6.000	584.760	-487.667	33.302
7.000	584.720	-521.167	39.584
8.000	584.680	-461.500	45.885
9.000	584.640	-506.667	52.188
10.000	584.600	-479.667	58.489
11.000	584.560	-440.500	64.789
12.000	584.520	-455.500	71.092
13.000	584.480	-458.000	77.396
14.000	584.440	-407.167	83.701
15.000	584.400	-459.167	90.002
16.000	584.360	-456.833	96.288
17.000	584.320	-456.000	102.593
18.000	584.280	-442.333	108.897
19.000	584.240	-492.667	115.202
20.000	584.200	-449.333	121.475
21.000	584.160	-463.833	127.790
22.000	584.120	-434.667	134.095
23.000	584.080	-464.167	140.398
24.000	584.040	-482.667	146.701
25.000	584.000	-511.667	153.005
26.000	583.960	-456.833	159.305
27.000	583.920	-533.000	165.603
28.000	583.880	-473.167	171.907
29.000	583.840	-471.167	178.189
30.000	583.800	-450.500	184.492
31.000	583.760	-522.833	190.794
32.000	583.720	-527.167	197.095
33.000	583.680	-558.000	203.396
34.000	583.640	-491.167	209.609
35.000	583.600	-453.500	215.988
36.000	583.560	-482.000	222.298
37.000	583.520	-479.667	228.606
38.000	583.480	-487.333	234.881
39.000	583.440	-474.500	241.182
40.000	583.400	-487.833	247.484
41.000	583.360	-439.167	253.789
42.000	583.320	-482.833	260.091
43.000	583.280	-512.500	266.394
44.000	583.240	-500.333	272.696
45.000	583.200	-529.667	278.997
46.000	583.160	-450.000	285.299
47.000	583.120	-505.833	291.601
48.000	583.080	-508.500	297.902
49.000	583.040	-467.000	304.107
50.000	583.000	-459.000	310.497
51.000	582.960	-465.000	316.796
52.000	582.920	-450.667	323.095
53.000	582.880	-453.833	329.396
54.000	582.840	-465.167	335.707
55.000	582.800	-484.500	341.978
56.000	582.760	-475.000	348.285
57.000	582.720	-483.500	354.593
58.000	582.680	-470.167	360.902
59.000	582.640	-470.500	367.202
60.000	582.600	-505.833	373.504
61.000	582.560	-518.667	379.806
62.000	582.520	-511.833	386.087
63.000	582.480	-484.333	392.398
64.000	582.440	-451.500	398.707
65.000	582.400	-445.667	404.996
66.000	582.360	-452.833	411.301
67.000	582.320	-445.167	417.512
68.000	582.280	-497.167	423.813
69.000	582.240	-436.833	430.206
70.000	582.200	-489.500	436.507
71.000	582.160	-490.500	442.796
72.000	582.120	-459.000	449.102
73.000	582.080	-445.500	455.405
74.000	582.040	-503.500	461.615
75.000	582.000	-490.500	467.917
76.000	581.960	-593.667	474.292
77.000	581.920	-564.000	480.591
78.000	581.880	-572.667	486.902
79.000	581.840	-543.500	493.206
80.000	581.800	-546.167	499.420
81.000	581.760	-552.333	505.795
82.000	581.720	-562.167	512.100
83.000	581.680	-579.500	518.409
84.000	581.640	-544.000	524.620
85.000	581.600	-513.667	531.000
86.000	581.560	-519.167	537.304
87.000	581.520	-542.333	543.515
88.000	581.480	-605.667	549.819
89.000	581.440	-580.333	556.208
90.000	581.400	-576.667	562.408
91.000	581.360	-532.833	568.709
92.000	581.320	-542.000	575.020
93.000	581.280	-570.000	581.402
94.000	581.240	-532.500	587.702
95.000	581.200	-578.167	593.912
96.000	581.160	-589.667	600.214
97.000	581.120	-554.167	606.516
98.000	581.080	-576.667	612.814
99.000	581.040	-562.833	619.124
100.000	581.000	-531.167	625.411
101.000	580.960	-542.167	631.713
102.000	580.920	-523.500	638.022
103.000	580.880	-552.833	644.310
104.000	580.840	-566.333	650.612
105.000	580.800	-662.000	657.001
106.000	580.760	-601.500	663.207
107.000	580.720	-515.333	669.606
108.000	580.680	-585.167	675.807
109.000	580.640	-538.667	682.116
110.000	580.600	-585.333	688.422
111.000	580.560	-594.000	694.713
112.000	580.520	-557.500	701.014
113.000	580.480	-624.000	707.321
114.000	580.440	-647.000	713.708
115.000	580.400	-614.667	719.917
116.000	580.360	-560.667	726.220
117.000	580.320	-583.000	732.523
118.000	580.280	-638.667	738.826
119.000	580.240	-650.167	745.128
120.000	580.200	-597.000	751.428
121.000	580.160	-623.000	757.764
122.000	580.120	-649.833	764.069
123.000	580.080	-634.833	770.371
124.000	580.040	-634.167	776.688
125.000	580.000	-653.000	782.996
126.000	579.960	-642.000	789.301
127.000	579.920	-680.500	795.607
128.000	579.880	-710.500	801.812
129.000	579.840	-712.333	808.115
130.000	579.800	-692.833	814.420
131.000	579.760	-727.667	820.722
132.000	579.720	-710.333	827.024
133.000	579.680	-675.000	833.329
134.000	579.640	-683.333	839.632
135.000	579.600	-759.167	845.914
136.000	579.560	-737.833	852.220
137.000	579.520	-815.167	858.522
138.000	579.480	-788.500	864.824
139.000	579.440	-764.000	871.126
140.000	579.400	-767.167	877.429
141.000	579.360	-779.333	883.729
142.000	579.320	-756.167	890.026
143.000	579.280	-781.500	896.329
144.000	579.240	-734.333	902.633
145.000	579.200	-707.167	908.933
146.000	579.160	-697.167	915.234
147.000	579.120	-718.333	921.535
148.000	579.080	-712.833	927.835
149.000	579.040	-685.667	934.134
150.000	579.000	-738.000	940.436
151.000	578.960	-654.667	946.736
152.000	578.920	-637.333	953.017
153.000	578.880	-702.000	959.318
154.000	578.840	-672.333	965.620
155.000	578.800	-653.333	971.924
156.000	578.760	-635.000	978.225
157.000	578.720	-644.167	984.524
158.000	578.680	-639.000	990.825
159.000	578.640	-643.167	997.126
160.000	578.600	-633.833	1003.428
161.000	578.560	-606.000	1009.810
162.000	578.520	-632.167	1016.011
163.000	578.480	-612.167	1022.325
164.000	578.440	-640.833	1028.632
165.000	578.400	-637.833	1034.975
166.000	578.360	-629.833	1041.210
167.000	578.320	-636.500	1047.512
168.000	578.280	-566.167	1053.826
169.000	578.240	-562.667	1060.131
170.000	578.200	-573.500	1066.431
171.000	578.160	-530.667	1072.732
172.000	578.120	-552.167	1079.093
173.000	578.080	-547.500	1085.372
174.000	578.040	-533.167	1091.683
175.000	578.000	-571.833	1097.987
176.000	577.960	-540.833	1104.287
177.000	577.920	-509.667	1110.599
178.000	577.880	-568.500	1116.903
179.000	577.840	-566.000	1123.115
180.000	577.800	-573.167	1129.431
181.000	577.760	-585.667	1135.732
182.000	577.720	-558.167	1142.021
183.000	577.680	-569.667	1148.328
184.000	577.640	-551.667	1154.640
185.000	577.600	-592.000	1160.932
186.000	577.560	-565.167	1167.239
187.000	577.520	-585.000	1173.532
188.000	577.480	-567.167	1179.836
189.000	577.440	-568.000	1186.126
190.000	577.400	-583.167	1192.430
191.000	577.360	-595.167	1198.734
192.000	577.320	-554.500	1205.035
193.000	577.280	-564.167	1211.324
194.000	577.240	-554.333	1217.631
195.000	577.200	-503.833	1223.908
196.000	577.160	-557.833	1230.211
197.000	577.120	-543.167	1236.515
198.000	577.080	-559.500	1242.894
199.000	577.040	-557.167	1249.195
200.000	577.000	-536.500	1255.408
201.000	576.960	-528.500	1261.792
202.000	576.920	-562.833	1268.077
203.000	576.880	-597.000	1274.384
204.000	576.840	-579.333	1280.685
205.000	576.800	-573.833	1286.992
206.000	576.760	-576.000	1293.302
207.000	576.720	-542.333	1299.508
208.000	576.680	-559.833	1305.821
209.000	576.640	-544.333	1312.124
210.000	576.600	-558.500	1318.435
211.000	576.560	-544.000	1324.736
212.000	576.520	-552.667	1331.094
213.000	576.480	-596.833	1337.406
214.000	576.440	-600.833	1343.615
215.000	576.400	-593.833	1349.916
216.000	576.360	-591.000	1356.232
217.000	576.320	-594.000	1362.539
218.000	576.280	-572.833	1368.849
219.000	576.240	-552.333	1375.127
220.000	576.200	-564.000	1381.430
221.000	576.160	-577.167	1387.743
222.000	576.120	-593.667	1394.055
223.000	576.080	-597.500	1400.340
224.000	576.040	-598.833	1406.653
225.000	576.000	-560.500	1412.930
226.000	575.960	-579.667	1419.239
227.000	575.920	-600.667	1425.549
228.000	575.880	-582.000	1431.842
229.000	575.840	-644.500	1438.146
230.000	575.800	-530.833	1444.429
231.000	575.760	-546.833	1450.736
232.000	575.720	-545.333	1457.049
233.000	575.680	-600.167	1463.354
234.000	575.640	-612.333	1469.631
235.000	575.600	-603.333	1475.933
236.000	575.560	-598.833	1482.249
237.000	575.520	-587.167	1488.551
238.000	575.480	-606.167	1494.854
239.000	575.440	-536.167	1501.133
240.000	575.400	-562.000	1507.435
241.000	575.360	-592.333	1513.737
242.000	575.320	-615.667	1520.038
243.000	575.280	-593.833	1526.341
244.000	575.240	-576.167	1532.642
245.000	575.200	-549.833	1539.604
246.000	575.160	-555.833	1545.307
247.000	575.120	-564.833	1551.509
248.000	575.080	-601.000	1557.811
249.000	575.040	-589.167	1564.112
250.000	575.000	-583.667	1570.414
251.000	574.960	-652.333	1576.716
252.000	574.920	-559.833	1583.018
253.000	574.880	-555.333	1589.321
254.000	574.840	-603.000	1595.624
255.000	574.800	-565.000	1601.927
256.000	574.760	-548.333	1608.229
257.000	574.720	-609.167	1614.535
258.000	574.680	-623.500	1620.841
259.000	574.640	-620.833	1627.146
260.000	574.600	-676.333	1633.451
261.000	574.560	-650.833	1639.757
262.000	574.520	-551.500	1646.039
263.000	574.480	-619.333	1652.351
264.000	574.440	-682.000	1658.654
265.000	574.400	-660.000	1664.958
266.000	574.360	-642.333	1671.264
267.000	574.320	-635.167	1677.539
268.000	574.280	-632.000	1683.842
269.000	574.240	-632.333	1690.145
270.000	574.200	-634.000	1696.456
271.000	574.160	-643.833	1702.737
272.000	574.120	-640.333	1709.051
273.000	574.080	-700.833	1715.354
274.000	574.040	-759.000	1721.657
275.000	574.000	-748.167	1727.962
276.000	573.960	-696.667	1734.266
277.000	573.920	-706.833	1740.553
278.000	573.880	-679.333	1746.857
279.000	573.840	-655.167	1753.162
280.000	573.800	-731.000	1759.469
281.000	573.760	-670.000	1765.753
282.000	573.720	-680.667	1772.058
283.000	573.680	-678.167	1778.365
284.000	573.640	-658.500	1784.645
285.000	573.600	-705.833	1790.952
286.000	573.560	-648.167	1797.257
287.000	573.520	-607.833	1803.563
288.000	573.480	-620.000	1809.868
289.000	573.440	-633.000	1816.150
290.000	573.400	-672.833	1822.457
291.000	573.360	-630.333	1828.765
292.000	573.320	-619.167	1835.069
293.000	573.280	-586.167	1841.352
294.000	573.240	-582.167	1847.660
295.000	573.200	-630.167	1853.965
296.000	573.160	-628.333	1860.270
297.000	573.120	-628.500	1866.555
298.000	573.080	-614.333	1872.861
299.000	573.040	-630.000	1879.169
300.000	573.000	-606.167	1885.454
301.000	572.960	-605.500	1891.762
302.000	572.920	-601.333	1898.070
303.000	572.880	-618.000	1904.353
304.000	572.840	-610.000	1910.661
305.000	572.800	-605.167	1916.969
306.000	572.760	-628.500	1923.273
307.000	572.720	-659.333	1929.560
308.000	572.680	-682.500	1935.867
309.000	572.640	-733.333	1942.171
310.000	572.600	-700.333	1948.438
311.000	572.560	-711.833	1954.745
312.000	572.520	-774.667	1961.051
313.000	572.480	-792.667	1967.355
314.000	572.440	-801.667	1973.633
315.000	572.400	-744.167	1979.924
316.000	572.360	-767.833	1986.232
317.000	572.320	-757.000	1992.540
318.000	572.280	-795.833	1998.848
319.000	572.240	-752.167	2005.157
320.000	572.200	-734.167	2011.466
321.000	572.160	-702.667	2017.771
322.000	572.120	-695.167	2024.077
323.000	572.080	-697.500	2030.363
324.000	572.040	-735.167	2036.667
325.000	572.000	-707.833	2042.971
326.000	571.960	-719.500	2049.274
327.000	571.920	-740.333	2055.556
328.000	571.880	-738.333	2061.865
329.000	571.840	-662.667	2068.168
330.000	571.800	-704.500	2074.473
331.000	571.760	-656.333	2080.778
332.000	571.720	-594.000	2087.057
333.000	571.680	-620.500	2093.363
334.000	571.640	-626.167	2099.666
335.000	571.600	-601.667	2105.969
336.000	571.560	-643.667	2112.273
337.000	571.520	-593.667	2118.577
338.000	571.480	-616.500	2124.882
339.000	571.440	-633.333	2131.168
340.000	571.400	-596.333	2137.472
341.000	571.360	-608.000	2143.776
342.000	571.320	-591.000	2150.038
343.000	571.280	-620.333	2156.369
344.000	571.240	-640.833	2162.674
345.000	571.200	-634.333	2168.979
346.000	571.160	-649.500	2175.252
347.000	571.120	-626.833	2181.570
348.000	571.080	-640.667	2187.876
349.000	571.040	-651.167	2194.178
350.000	571.000	-677.000	2200.484
351.000	570.960	-643.333	2206.766
352.000	570.920	-639.500	2213.076
353.000	570.880	-658.333	2219.366
354.000	570.840	-629.333	2225.670
355.000	570.800	-622.333	2231.973
356.000	570.760	-630.167	2238.275
357.000	570.720	-658.000	2244.579
358.000	570.680	-710.167	2250.858
359.000	570.640	-646.000	2257.160
360.000	570.600	-654.833	2263.462
361.000	570.560	-703.667	2269.766
362.000	570.520	-697.833	2276.070
363.000	570.480	-657.500	2282.376
364.000	570.440	-676.167	2288.682
365.000	570.400	-692.333	2294.984
366.000	570.360	-678.667	2301.288
367.000	570.320	-698.667	2307.564
368.000	570.280	-737.333	2313.869
369.000	570.240	-702.833	2320.179
370.000	570.200	-706.500	2326.460
371.000	570.160	-687.667	2332.773
372.000	570.120	-695.500	2339.077
373.000	570.080	-651.500	2345.380
374.000	570.040	-714.833	2351.683
375.000	570.000	-712.833	2357.985
376.000	569.960	0.000	2364.290
