0.000000	22.219000	174.271542	-0.003338
1.000000	22.221000	174.303515	-0.003277
2.000000	22.223000	174.335492	-0.003405
3.000000	22.225000	174.367471	-0.003295
4.000000	22.227000	174.399453	-0.003387
5.000000	22.229000	174.431438	-0.003100
6.000000	22.231000	174.463426	-0.003308
7.000000	22.233000	174.495416	-0.003143
8.000000	22.235000	174.527410	-0.003381
9.000000	22.237000	174.559407	-0.003210
10.000000	22.239000	174.591407	-0.003454
11.000000	22.241000	174.623409	-0.003265
12.000000	22.243000	174.655415	-0.004028
13.000000	22.245000	174.687423	-0.003320
14.000000	22.247000	174.719434	-0.003833
15.000000	22.249000	174.751449	-0.004748
16.000000	22.251000	174.783466	-0.004638
17.000000	22.253000	174.815486	-0.004913
18.000000	22.255000	174.847509	-0.005285
19.000000	22.257000	174.879535	-0.005822
20.000000	22.259000	174.911564	-0.006445
21.000000	22.261000	174.943596	-0.006872
22.000000	22.263000	174.975631	-0.007061
23.000000	22.265000	175.007669	-0.006903
24.000000	22.267000	175.039709	-0.006347
25.000000	22.269000	175.071753	-0.006451
26.000000	22.271000	175.103800	-0.006469
27.000000	22.273000	175.135849	-0.005883
28.000000	22.275000	175.167902	-0.005957
29.000000	22.277000	175.199957	-0.005255
30.000000	22.279000	175.232015	-0.004833
31.000000	22.281000	175.264076	-0.004657
32.000000	22.283000	175.296141	-0.004162
33.000000	22.285000	175.328208	-0.004364
34.000000	22.287000	175.360278	-0.003741
35.000000	22.289000	175.392351	-0.003900
36.000000	22.291000	175.424427	-0.004010
37.000000	22.293000	175.456505	-0.004058
38.000000	22.295000	175.488587	-0.004071
39.000000	22.297000	175.520672	-0.004132
40.000000	22.299000	175.552760	-0.004162
41.000000	22.301000	175.584850	-0.004284
42.000000	22.303000	175.616944	-0.004187
43.000000	22.305000	175.649040	-0.004980
44.000000	22.307000	175.681139	-0.005114
45.000000	22.309000	175.713242	-0.005676
46.000000	22.311000	175.745347	-0.005981
47.000000	22.313000	175.777455	-0.007409
48.000000	22.315000	175.809566	-0.008502
49.000000	22.317000	175.841680	-0.010510
50.000000	22.319000	175.873797	-0.012701
51.000000	22.321000	175.905917	-0.014300
52.000000	22.323000	175.938040	-0.016876
53.000000	22.325000	175.970165	-0.019000
54.000000	22.327000	176.002294	-0.019506
55.000000	22.329000	176.034426	-0.020068
56.000000	22.331000	176.066560	-0.017828
57.000000	22.333000	176.098698	-0.017590
58.000000	22.335000	176.130838	-0.016058
59.000000	22.337000	176.162982	-0.013195
60.000000	22.339000	176.195128	-0.011041
61.000000	22.341000	176.227277	-0.009661
62.000000	22.343000	176.259429	-0.008819
63.000000	22.345000	176.291584	-0.008074
64.000000	22.347000	176.323742	-0.007006
65.000000	22.349000	176.355903	-0.007501
66.000000	22.351000	176.388067	-0.007684
67.000000	22.353000	176.420234	-0.007000
68.000000	22.355000	176.452404	-0.007592
69.000000	22.357000	176.484576	-0.007696
70.000000	22.359000	176.516752	-0.008184
71.000000	22.361000	176.548930	-0.007751
72.000000	22.363000	176.581112	-0.009033
73.000000	22.365000	176.613296	-0.008618
74.000000	22.367000	176.645484	-0.008844
75.000000	22.369000	176.677674	-0.009100
76.000000	22.371000	176.709867	-0.009118
77.000000	22.373000	176.742063	-0.010070
78.000000	22.375000	176.774262	-0.010400
79.000000	22.377000	176.806464	-0.011102
80.000000	22.379000	176.838669	-0.012939
81.000000	22.381000	176.870877	-0.015271
82.000000	22.383000	176.903088	-0.017578
83.000000	22.385000	176.935302	-0.021301
84.000000	22.387000	176.967518	-0.022344
85.000000	22.389000	176.999738	-0.026464
86.000000	22.391000	177.031961	-0.025738
87.000000	22.393000	177.064186	-0.025543
88.000000	22.395000	177.096414	-0.023382
89.000000	22.397000	177.128646	-0.021221
90.000000	22.399000	177.160880	-0.018542
91.000000	22.401000	177.193117	-0.017309
92.000000	22.403000	177.225357	-0.013726
93.000000	22.405000	177.257600	-0.011956
94.000000	22.407000	177.289846	-0.010620
95.000000	22.409000	177.322095	-0.008837
96.000000	22.411000	177.354347	-0.009429
97.000000	22.413000	177.386602	-0.008453
98.000000	22.415000	177.418859	-0.009136
99.000000	22.417000	177.451120	-0.008514
100.000000	22.419000	177.483384	-0.009185
101.000000	22.421000	177.515650	-0.009600
102.000000	22.423000	177.547920	-0.010607
103.000000	22.425000	177.580192	-0.012005
104.000000	22.427000	177.612468	-0.012683
105.000000	22.429000	177.644746	-0.014324
106.000000	22.431000	177.677027	-0.015191
107.000000	22.433000	177.709311	-0.017730
108.000000	22.435000	177.741598	-0.019775
109.000000	22.437000	177.773888	-0.023095
110.000000	22.439000	177.806181	-0.028405
111.000000	22.441000	177.838477	-0.035833
112.000000	22.443000	177.870776	-0.049005
113.000000	22.445000	177.903077	-0.070996
114.000000	22.447000	177.935382	-0.110955
115.000000	22.449000	177.967690	-0.160278
116.000000	22.451000	178.000000	-0.196295
117.000000	22.453000	178.032314	-0.208105
118.000000	22.455000	178.064630	-0.194152
119.000000	22.457000	178.096949	-0.159155
120.000000	22.459000	178.129271	-0.119848
121.000000	22.461000	178.161597	-0.089440
122.000000	22.463000	178.193925	-0.062469
123.000000	22.465000	178.226256	-0.047210
124.000000	22.467000	178.258590	-0.034143
125.000000	22.469000	178.290927	-0.028533
126.000000	22.471000	178.323266	-0.022326
127.000000	22.473000	178.355609	-0.019659
128.000000	22.475000	178.387955	-0.016638
129.000000	22.477000	178.420304	-0.015301
130.000000	22.479000	178.452655	-0.012792
131.000000	22.481000	178.485010	-0.012231
132.000000	22.483000	178.517367	-0.010760
133.000000	22.485000	178.549727	-0.009790
134.000000	22.487000	178.582091	-0.008441
135.000000	22.489000	178.614457	-0.008490
136.000000	22.491000	178.646826	-0.007611
137.000000	22.493000	178.679198	-0.007440
138.000000	22.495000	178.711574	-0.007501
139.000000	22.497000	178.743951	-0.006958
140.000000	22.499000	178.776332	-0.008673
141.000000	22.501000	178.808716	-0.007611
142.000000	22.503000	178.841103	-0.009631
143.000000	22.505000	178.873493	-0.011279
144.000000	22.507000	178.905885	-0.015594
145.000000	22.509000	178.938281	-0.021197
146.000000	22.511000	178.970679	-0.028649
147.000000	22.513000	179.003080	-0.036090
148.000000	22.515000	179.035485	-0.037976
149.000000	22.517000	179.067892	-0.037561
150.000000	22.519000	179.100303	-0.032586
151.000000	22.521000	179.132716	-0.025732
152.000000	22.523000	179.165132	-0.019903
153.000000	22.525000	179.197551	-0.016644
154.000000	22.527000	179.229973	-0.013067
155.000000	22.529000	179.262398	-0.011083
156.000000	22.531000	179.294825	-0.008880
157.000000	22.533000	179.327256	-0.007849
158.000000	22.535000	179.359690	-0.007434
159.000000	22.537000	179.392127	-0.007427
160.000000	22.539000	179.424566	-0.006597
161.000000	22.541000	179.457008	-0.006164
162.000000	22.543000	179.489454	-0.005743
163.000000	22.545000	179.521902	-0.005670
164.000000	22.547000	179.554354	-0.005542
165.000000	22.549000	179.586808	-0.005456
166.000000	22.551000	179.619265	-0.005548
167.000000	22.553000	179.651725	-0.005029
168.000000	22.555000	179.684188	-0.005340
169.000000	22.557000	179.716654	-0.004968
170.000000	22.559000	179.749123	-0.005365
171.000000	22.561000	179.781595	-0.005377
172.000000	22.563000	179.814070	-0.005786
173.000000	22.565000	179.846547	-0.006555
174.000000	22.567000	179.879028	-0.007244
175.000000	22.569000	179.911511	-0.009106
176.000000	22.571000	179.943998	-0.011993
177.000000	22.573000	179.976487	-0.015582
178.000000	22.575000	180.008980	-0.019512
179.000000	22.577000	180.041475	-0.022583
180.000000	22.579000	180.073973	-0.023675
181.000000	22.581000	180.106474	-0.020068
182.000000	22.583000	180.138978	-0.017980
183.000000	22.585000	180.171485	-0.015246
184.000000	22.587000	180.203995	-0.011669
185.000000	22.589000	180.236508	-0.009136
186.000000	22.591000	180.269024	-0.007745
187.000000	22.593000	180.301543	-0.006427
188.000000	22.595000	180.334065	-0.005725
189.000000	22.597000	180.366589	-0.004711
190.000000	22.599000	180.399116	-0.004809
191.000000	22.601000	180.431647	-0.004449
192.000000	22.603000	180.464180	-0.004211
193.000000	22.605000	180.496717	-0.004272
194.000000	22.607000	180.529256	-0.004107
195.000000	22.609000	180.561798	-0.004010
196.000000	22.611000	180.594343	-0.004083
197.000000	22.613000	180.626891	-0.004113
198.000000	22.615000	180.659442	-0.003833
199.000000	22.617000	180.691996	-0.003649
200.000000	22.619000	180.724553	-0.003796
201.000000	22.621000	180.757113	-0.003704
202.000000	22.623000	180.789676	-0.003607
203.000000	22.625000	180.822241	-0.003881
204.000000	22.627000	180.854810	-0.004040
205.000000	22.629000	180.887381	-0.004028
206.000000	22.631000	180.919956	-0.004254
207.000000	22.633000	180.952533	-0.004687
208.000000	22.635000	180.985114	-0.005236
209.000000	22.637000	181.017697	-0.005664
210.000000	22.639000	181.050283	-0.006011
211.000000	22.641000	181.082872	-0.006512
212.000000	22.643000	181.115464	-0.006237
213.000000	22.645000	181.148059	-0.005303
214.000000	22.647000	181.180657	-0.005554
215.000000	22.649000	181.213258	-0.004650
216.000000	22.651000	181.245862	-0.003930
217.000000	22.653000	181.278468	-0.004321
218.000000	22.655000	181.311078	-0.004034
219.000000	22.657000	181.343691	-0.003692
220.000000	22.659000	181.376306	-0.003887
221.000000	22.661000	181.408925	-0.003887
222.000000	22.663000	181.441546	-0.003527
223.000000	22.665000	181.474171	-0.003790
224.000000	22.667000	181.506797	-0.003399
225.000000	22.669000	181.539428	-0.003656
226.000000	22.671000	181.572061	-0.003851
227.000000	22.673000	181.604697	-0.003631
228.000000	22.675000	181.637336	-0.003576
229.000000	22.677000	181.669978	-0.003869
230.000000	22.679000	181.702623	-0.003277
231.000000	22.681000	181.735271	-0.003918
232.000000	22.683000	181.767921	-0.003692
233.000000	22.685000	181.800575	-0.003735
234.000000	22.687000	181.833231	-0.004016
235.000000	22.689000	181.865891	-0.003649
236.000000	22.691000	181.898554	-0.003826
237.000000	22.693000	181.931219	-0.004101
238.000000	22.695000	181.963887	-0.004052
239.000000	22.697000	181.996558	-0.004394
240.000000	22.699000	182.029232	-0.004907
241.000000	22.701000	182.061910	-0.004998
242.000000	22.703000	182.094590	-0.004937
243.000000	22.705000	182.127273	-0.004650
244.000000	22.707000	182.159959	-0.004498
245.000000	22.709000	182.192648	-0.004394
246.000000	22.711000	182.225339	-0.004272
247.000000	22.713000	182.258034	-0.003906
248.000000	22.715000	182.290731	-0.004071
249.000000	22.717000	182.323432	-0.003381
250.000000	22.719000	182.356136	-0.003820
251.000000	22.721000	182.388842	-0.003497
252.000000	22.723000	182.421551	-0.003741
253.000000	22.725000	182.454264	-0.003344
254.000000	22.727000	182.486979	-0.003723
255.000000	22.729000	182.519698	-0.003509
256.000000	22.731000	182.552418	-0.003656
257.000000	22.733000	182.585142	-0.003326
258.000000	22.735000	182.617869	-0.003271
259.000000	22.737000	182.650599	-0.003344
260.000000	22.739000	182.683332	-0.003356
261.000000	22.741000	182.716068	-0.003460
262.000000	22.743000	182.748807	-0.003088
263.000000	22.745000	182.781548	-0.003277
264.000000	22.747000	182.814292	-0.003045
265.000000	22.749000	182.847040	-0.003350
266.000000	22.751000	182.879790	-0.003118
267.000000	22.753000	182.912544	-0.002996
268.000000	22.755000	182.945300	-0.003436
269.000000	22.757000	182.978060	-0.003106
270.000000	22.759000	183.010822	-0.003302
271.000000	22.761000	183.043586	-0.003558
272.000000	22.763000	183.076355	-0.003564
273.000000	22.765000	183.109125	-0.003210
274.000000	22.767000	183.141900	-0.003631
275.000000	22.769000	183.174676	-0.003363
276.000000	22.771000	183.207457	-0.003021
277.000000	22.773000	183.240239	-0.003326
278.000000	22.775000	183.273024	-0.003503
279.000000	22.777000	183.305813	-0.003045
280.000000	22.779000	183.338604	-0.003302
281.000000	22.781000	183.371399	-0.003265
282.000000	22.783000	183.404196	-0.003186
283.000000	22.785000	183.436997	-0.003033
284.000000	22.787000	183.469800	-0.003216
285.000000	22.789000	183.502605	-0.003527
286.000000	22.791000	183.535415	-0.003228
287.000000	22.793000	183.568227	-0.003240
288.000000	22.795000	183.601042	-0.003045
289.000000	22.797000	183.633860	-0.003002
290.000000	22.799000	183.666681	-0.003198
291.000000	22.801000	183.699504	-0.002917
292.000000	22.803000	183.732331	-0.003350
293.000000	22.805000	183.765161	-0.003009
294.000000	22.807000	183.797993	-0.003491
295.000000	22.809000	183.830829	-0.003295
296.000000	22.811000	183.863667	-0.003350
297.000000	22.813000	183.896509	-0.003576
298.000000	22.815000	183.929353	-0.004028
299.000000	22.817000	183.962199	-0.004302
300.000000	22.819000	183.995050	-0.004229
301.000000	22.821000	184.027903	-0.004382
302.000000	22.823000	184.060759	-0.004510
303.000000	22.825000	184.093618	-0.003967
304.000000	22.827000	184.126480	-0.003710
305.000000	22.829000	184.159345	-0.003723
306.000000	22.831000	184.192212	-0.003533
307.000000	22.833000	184.225083	-0.003680
308.000000	22.835000	184.257956	-0.003149
309.000000	22.837000	184.290834	-0.003381
310.000000	22.839000	184.323713	-0.003100
311.000000	22.841000	184.356596	-0.003302
312.000000	22.843000	184.389480	-0.003253
313.000000	22.845000	184.422368	-0.002954
314.000000	22.847000	184.455260	-0.003210
315.000000	22.849000	184.488154	-0.003186
316.000000	22.851000	184.521051	-0.003039
317.000000	22.853000	184.553951	-0.003222
318.000000	22.855000	184.586854	-0.003100
319.000000	22.857000	184.619760	-0.003063
320.000000	22.859000	184.652669	-0.003271
321.000000	22.861000	184.685581	-0.003070
322.000000	22.863000	184.718495	-0.003283
323.000000	22.865000	184.751413	-0.002801
324.000000	22.867000	184.784333	-0.003466
325.000000	22.869000	184.817257	-0.003027
326.000000	22.871000	184.850183	-0.003070
327.000000	22.873000	184.883113	-0.003326
328.000000	22.875000	184.916045	-0.003405
329.000000	22.877000	184.948980	-0.003302
330.000000	22.879000	184.981918	-0.003558
331.000000	22.881000	185.014859	-0.003100
332.000000	22.883000	185.047803	-0.003302
333.000000	22.885000	185.080750	-0.002929
334.000000	22.887000	185.113700	-0.003582
335.000000	22.889000	185.146653	-0.003088
336.000000	22.891000	185.179608	-0.003253
337.000000	22.893000	185.212567	-0.003308
338.000000	22.895000	185.245528	-0.002844
339.000000	22.897000	185.278493	-0.003131
340.000000	22.899000	185.311460	-0.003234
341.000000	22.901000	185.344431	-0.003259
342.000000	22.903000	185.377404	-0.002728
343.000000	22.905000	185.410380	-0.003240
344.000000	22.907000	185.443360	-0.002941
345.000000	22.909000	185.476342	-0.003222
346.000000	22.911000	185.509327	-0.002801
347.000000	22.913000	185.542315	-0.002905
348.000000	22.915000	185.575306	-0.002844
349.000000	22.917000	185.608300	-0.003179
350.000000	22.919000	185.641296	-0.002905
351.000000	22.921000	185.674296	-0.002905
352.000000	22.923000	185.707299	-0.002984
353.000000	22.925000	185.740305	-0.002978
354.000000	22.927000	185.773313	-0.003057
355.000000	22.929000	185.806325	-0.003070
356.000000	22.931000	185.839339	-0.003063
357.000000	22.933000	185.872356	-0.002813
358.000000	22.935000	185.905376	-0.003277
359.000000	22.937000	185.938399	-0.003192
360.000000	22.939000	185.971426	-0.003314
361.000000	22.941000	186.004454	-0.003265
362.000000	22.943000	186.037487	-0.003344
363.000000	22.945000	186.070521	-0.003015
364.000000	22.947000	186.103559	-0.003302
365.000000	22.949000	186.136600	-0.003009
366.000000	22.951000	186.169643	-0.003027
367.000000	22.953000	186.202691	-0.002899
368.000000	22.955000	186.235740	-0.003234
369.000000	22.957000	186.268793	-0.002978
370.000000	22.959000	186.301848	-0.003234
371.000000	22.961000	186.334906	-0.002917
372.000000	22.963000	186.367968	-0.003021
373.000000	22.965000	186.401031	-0.002679
374.000000	22.967000	186.434099	-0.003344
375.000000	22.969000	186.467169	-0.002752
376.000000	22.971000	186.500242	-0.002722
377.000000	22.973000	186.533318	-0.003039
378.000000	22.975000	186.566397	-0.002880
379.000000	22.977000	186.599479	-0.003228
380.000000	22.979000	186.632563	-0.002935
381.000000	22.981000	186.665651	-0.003137
382.000000	22.983000	186.698742	-0.002966
383.000000	22.985000	186.731836	-0.003192
384.000000	22.987000	186.764932	-0.003271
385.000000	22.989000	186.798031	-0.003289
386.000000	22.991000	186.831134	-0.003344
387.000000	22.993000	186.864239	-0.003302
388.000000	22.995000	186.897347	-0.003619
389.000000	22.997000	186.930458	-0.003283
390.000000	22.999000	186.963573	-0.004125
391.000000	23.001000	186.996689	-0.003717
392.000000	23.003000	187.029809	-0.003649
393.000000	23.005000	187.062932	-0.003826
394.000000	23.007000	187.096058	-0.003631
395.000000	23.009000	187.129187	-0.003540
396.000000	23.011000	187.162318	-0.003552
397.000000	23.013000	187.195454	-0.003454
398.000000	23.015000	187.228591	-0.003466
399.000000	23.017000	187.261731	-0.003375
400.000000	23.019000	187.294875	-0.003009
401.000000	23.021000	187.328021	-0.003326
402.000000	23.023000	187.361171	-0.003051
403.000000	23.025000	187.394322	-0.003320
404.000000	23.027000	187.427478	-0.002844
405.000000	23.029000	187.460636	-0.002856
406.000000	23.031000	187.493796	-0.003118
407.000000	23.033000	187.526961	-0.002905
408.000000	23.035000	187.560127	-0.003057
409.000000	23.037000	187.593298	-0.002880
410.000000	23.039000	187.626470	-0.003283
411.000000	23.041000	187.659646	-0.002905
412.000000	23.043000	187.692824	-0.003045
413.000000	23.045000	187.726005	-0.002911
414.000000	23.047000	187.759191	-0.003015
415.000000	23.049000	187.792378	-0.002966
416.000000	23.051000	187.825568	-0.003295
417.000000	23.053000	187.858761	-0.003118
418.000000	23.055000	187.891958	-0.003247
419.000000	23.057000	187.925157	-0.003259
420.000000	23.059000	187.958358	-0.003649
421.000000	23.061000	187.991564	-0.003344
422.000000	23.063000	188.024771	-0.003582
423.000000	23.065000	188.057983	-0.003546
424.000000	23.067000	188.091196	-0.003265
425.000000	23.069000	188.124414	-0.003369
426.000000	23.071000	188.157633	-0.003363
427.000000	23.073000	188.190855	-0.002960
428.000000	23.075000	188.224081	-0.003497
429.000000	23.077000	188.257309	-0.003161
430.000000	23.079000	188.290541	-0.002972
431.000000	23.081000	188.323775	-0.002856
432.000000	23.083000	188.357013	-0.002856
433.000000	23.085000	188.390253	-0.003137
434.000000	23.087000	188.423495	-0.002850
435.000000	23.089000	188.456742	-0.002832
436.000000	23.091000	188.489991	-0.003039
437.000000	23.093000	188.523243	-0.003131
438.000000	23.095000	188.556497	-0.003179
439.000000	23.097000	188.589756	-0.002929
440.000000	23.099000	188.623016	-0.003167
441.000000	23.101000	188.656279	-0.003381
442.000000	23.103000	188.689547	-0.003363
443.000000	23.105000	188.722816	-0.003814
444.000000	23.107000	188.756089	-0.003601
445.000000	23.109000	188.789364	-0.004211
446.000000	23.111000	188.822643	-0.004431
447.000000	23.113000	188.855923	-0.004882
448.000000	23.115000	188.889207	-0.004937
449.000000	23.117000	188.922495	-0.005828
450.000000	23.119000	188.955784	-0.005554
451.000000	23.121000	188.989078	-0.006085
452.000000	23.123000	189.022373	-0.006555
453.000000	23.125000	189.055673	-0.006634
454.000000	23.127000	189.088974	-0.005963
455.000000	23.129000	189.122280	-0.005432
456.000000	23.131000	189.155587	-0.005200
457.000000	23.133000	189.188897	-0.004815
458.000000	23.135000	189.222211	-0.004663
459.000000	23.137000	189.255527	-0.004162
460.000000	23.139000	189.288847	-0.004229
461.000000	23.141000	189.322169	-0.003771
462.000000	23.143000	189.355495	-0.003729
463.000000	23.145000	189.388822	-0.003393
464.000000	23.147000	189.422153	-0.003509
465.000000	23.149000	189.455488	-0.003027
466.000000	23.151000	189.488824	-0.003497
467.000000	23.153000	189.522165	-0.003186
468.000000	23.155000	189.555507	-0.003131
469.000000	23.157000	189.588854	-0.003399
470.000000	23.159000	189.622202	-0.003271
471.000000	23.161000	189.655553	-0.003527
472.000000	23.163000	189.688908	-0.003375
473.000000	23.165000	189.722265	-0.003289
474.000000	23.167000	189.755626	-0.003527
475.000000	23.169000	189.788989	-0.003564
476.000000	23.171000	189.822356	-0.003839
477.000000	23.173000	189.855725	-0.004449
478.000000	23.175000	189.889097	-0.005346
479.000000	23.177000	189.922472	-0.006225
480.000000	23.179000	189.955850	-0.007501
481.000000	23.181000	189.989231	-0.008984
482.000000	23.183000	190.022615	-0.009338
483.000000	23.185000	190.056002	-0.009069
484.000000	23.187000	190.089392	-0.008471
485.000000	23.189000	190.122784	-0.007122
486.000000	23.191000	190.156180	-0.006420
487.000000	23.193000	190.189578	-0.005578
488.000000	23.195000	190.222980	-0.004705
489.000000	23.197000	190.256384	-0.004833
490.000000	23.199000	190.289792	-0.003924
491.000000	23.201000	190.323202	-0.003820
492.000000	23.203000	190.356615	-0.003839
493.000000	23.205000	190.390032	-0.004016
494.000000	23.207000	190.423450	-0.003070
495.000000	23.209000	190.456873	-0.003784
496.000000	23.211000	190.490298	-0.003283
497.000000	23.213000	190.523726	-0.003631
498.000000	23.215000	190.557156	-0.003460
499.000000	23.217000	190.590590	-0.003289
500.000000	23.219000	190.624027	-0.003704
501.000000	23.221000	190.657467	-0.003570
502.000000	23.223000	190.690909	-0.003833
503.000000	23.225000	190.724354	-0.003479
504.000000	23.227000	190.757802	-0.004101
505.000000	23.229000	190.791253	-0.003570
506.000000	23.231000	190.824709	-0.004058
507.000000	23.233000	190.858166	-0.004187
508.000000	23.235000	190.891626	-0.005151
509.000000	23.237000	190.925088	-0.005450
510.000000	23.239000	190.958556	-0.005548
511.000000	23.241000	190.992024	-0.006378
512.000000	23.243000	191.025496	-0.006097
513.000000	23.245000	191.058970	-0.006060
514.000000	23.247000	191.092448	-0.006256
515.000000	23.249000	191.125930	-0.005957
516.000000	23.251000	191.159413	-0.005627
517.000000	23.253000	191.192899	-0.005346
518.000000	23.255000	191.226388	-0.005120
519.000000	23.257000	191.259882	-0.005041
520.000000	23.259000	191.293377	-0.004357
521.000000	23.261000	191.326875	-0.004559
522.000000	23.263000	191.360376	-0.004565
523.000000	23.265000	191.393880	-0.004132
524.000000	23.267000	191.427388	-0.004510
525.000000	23.269000	191.460898	-0.003906
526.000000	23.271000	191.494410	-0.004003
527.000000	23.273000	191.527926	-0.004272
528.000000	23.275000	191.561444	-0.003741
529.000000	23.277000	191.594967	-0.003802
530.000000	23.279000	191.628492	-0.003588
531.000000	23.281000	191.662019	-0.003863
532.000000	23.283000	191.695549	-0.003710
533.000000	23.285000	191.729084	-0.003875
534.000000	23.287000	191.762620	-0.004016
535.000000	23.289000	191.796159	-0.003930
536.000000	23.291000	191.829701	-0.004229
537.000000	23.293000	191.863246	-0.004644
538.000000	23.295000	191.896795	-0.005780
539.000000	23.297000	191.930346	-0.007519
540.000000	23.299000	191.963899	-0.010534
541.000000	23.301000	191.997456	-0.012249
542.000000	23.303000	192.031015	-0.013824
543.000000	23.305000	192.064580	-0.014404
544.000000	23.307000	192.098145	-0.011602
545.000000	23.309000	192.131713	-0.009887
546.000000	23.311000	192.165284	-0.008319
547.000000	23.313000	192.198861	-0.006665
548.000000	23.315000	192.232438	-0.005834
549.000000	23.317000	192.266018	-0.004852
550.000000	23.319000	192.299601	-0.004089
551.000000	23.321000	192.333186	-0.004449
552.000000	23.323000	192.366777	-0.004113
553.000000	23.325000	192.400369	-0.003411
554.000000	23.327000	192.433963	-0.003594
555.000000	23.329000	192.467561	-0.003509
556.000000	23.331000	192.501162	-0.003289
557.000000	23.333000	192.534767	-0.003576
558.000000	23.335000	192.568373	-0.003118
559.000000	23.337000	192.601983	-0.003417
560.000000	23.339000	192.635595	-0.003240
561.000000	23.341000	192.669212	-0.003063
562.000000	23.343000	192.702830	-0.003363
563.000000	23.345000	192.736451	-0.002972
564.000000	23.347000	192.770075	-0.003118
565.000000	23.349000	192.803702	-0.003479
566.000000	23.351000	192.837334	-0.003350
567.000000	23.353000	192.870967	-0.003680
568.000000	23.355000	192.904602	-0.003540
569.000000	23.357000	192.938241	-0.004156
570.000000	23.359000	192.971882	-0.004638
571.000000	23.361000	193.005529	-0.004620
572.000000	23.363000	193.039176	-0.004711
573.000000	23.365000	193.072827	-0.004693
574.000000	23.367000	193.106480	-0.004534
575.000000	23.369000	193.140138	-0.004370
576.000000	23.371000	193.173797	-0.003753
577.000000	23.373000	193.207459	-0.004034
578.000000	23.375000	193.241124	-0.003314
579.000000	23.377000	193.274792	-0.003552
580.000000	23.379000	193.308465	-0.003460
581.000000	23.381000	193.342139	-0.003222
582.000000	23.383000	193.375816	-0.003228
583.000000	23.385000	193.409496	-0.003338
584.000000	23.387000	193.443178	-0.002966
585.000000	23.389000	193.476866	-0.003326
586.000000	23.391000	193.510554	-0.002978
587.000000	23.393000	193.544246	-0.003240
588.000000	23.395000	193.577940	-0.002801
589.000000	23.397000	193.611639	-0.003222
590.000000	23.399000	193.645339	-0.003051
591.000000	23.401000	193.679043	-0.003015
592.000000	23.403000	193.712749	-0.002948
593.000000	23.405000	193.746458	-0.003039
594.000000	23.407000	193.780172	-0.003192
595.000000	23.409000	193.813887	-0.003302
596.000000	23.411000	193.847604	-0.003302
597.000000	23.413000	193.881325	-0.003649
598.000000	23.415000	193.915049	-0.003692
599.000000	23.417000	193.948777	-0.003942
600.000000	23.419000	193.982507	-0.005133
601.000000	23.421000	194.016239	-0.005761
602.000000	23.423000	194.049975	-0.005877
603.000000	23.425000	194.083715	-0.005957
604.000000	23.427000	194.117456	-0.005871
605.000000	23.429000	194.151201	-0.005163
606.000000	23.431000	194.184948	-0.004357
607.000000	23.433000	194.218698	-0.004309
608.000000	23.435000	194.252453	-0.003753
609.000000	23.437000	194.286209	-0.003417
610.000000	23.439000	194.319968	-0.003466
611.000000	23.441000	194.353729	-0.003289
612.000000	23.443000	194.387494	-0.003228
613.000000	23.445000	194.421264	-0.003112
614.000000	23.447000	194.455034	-0.002990
615.000000	23.449000	194.488808	-0.003002
616.000000	23.451000	194.522584	-0.003228
617.000000	23.453000	194.556366	-0.003118
618.000000	23.455000	194.590148	-0.002868
619.000000	23.457000	194.623933	-0.003295
620.000000	23.459000	194.657722	-0.002990
621.000000	23.461000	194.691513	-0.003094
622.000000	23.463000	194.725309	-0.002941
623.000000	23.465000	194.759106	-0.003222
624.000000	23.467000	194.792906	-0.002978
625.000000	23.469000	194.826709	-0.003283
626.000000	23.471000	194.860514	-0.002856
627.000000	23.473000	194.894325	-0.003253
628.000000	23.475000	194.928137	-0.003106
629.000000	23.477000	194.961951	-0.003509
630.000000	23.479000	194.995769	-0.003436
631.000000	23.481000	195.029591	-0.003771
632.000000	23.483000	195.063415	-0.003601
633.000000	23.485000	195.097241	-0.003558
634.000000	23.487000	195.131070	-0.003765
635.000000	23.489000	195.164902	-0.003320
636.000000	23.491000	195.198740	-0.003637
637.000000	23.493000	195.232578	-0.003314
638.000000	23.495000	195.266419	-0.003076
639.000000	23.497000	195.300263	-0.003253
640.000000	23.499000	195.334111	-0.003149
641.000000	23.501000	195.367961	-0.003228
642.000000	23.503000	195.401814	-0.002917
643.000000	23.505000	195.435670	-0.003137
644.000000	23.507000	195.469528	-0.003228
645.000000	23.509000	195.503392	-0.003088
646.000000	23.511000	195.537256	-0.003295
647.000000	23.513000	195.571123	-0.002832
648.000000	23.515000	195.604994	-0.003125
649.000000	23.517000	195.638867	-0.003100
650.000000	23.519000	195.672745	-0.003057
651.000000	23.521000	195.706624	-0.003302
652.000000	23.523000	195.740506	-0.002972
653.000000	23.525000	195.774391	-0.003222
654.000000	23.527000	195.808281	-0.003009
655.000000	23.529000	195.842172	-0.003131
656.000000	23.531000	195.876066	-0.002996
657.000000	23.533000	195.909963	-0.003497
658.000000	23.535000	195.943862	-0.003448
659.000000	23.537000	195.977767	-0.003924
660.000000	23.539000	196.011672	-0.003576
661.000000	23.541000	196.045581	-0.004309
662.000000	23.543000	196.079492	-0.003997
663.000000	23.545000	196.113406	-0.003393
664.000000	23.547000	196.147326	-0.004034
665.000000	23.549000	196.181246	-0.003363
666.000000	23.551000	196.215169	-0.003540
667.000000	23.553000	196.249095	-0.003210
668.000000	23.555000	196.283026	-0.003216
669.000000	23.557000	196.316958	-0.003399
670.000000	23.559000	196.350893	-0.002948
671.000000	23.561000	196.384830	-0.002996
672.000000	23.563000	196.418771	-0.002709
673.000000	23.565000	196.452717	-0.002990
674.000000	23.567000	196.486663	-0.003118
675.000000	23.569000	196.520613	-0.002813
676.000000	23.571000	196.554565	-0.002929
677.000000	23.573000	196.588521	-0.002917
678.000000	23.575000	196.622481	-0.003192
679.000000	23.577000	196.656442	-0.003222
680.000000	23.579000	196.690406	-0.002948
681.000000	23.581000	196.724373	-0.003167
682.000000	23.583000	196.758345	-0.002972
683.000000	23.585000	196.792318	-0.002844
684.000000	23.587000	196.826294	-0.003015
685.000000	23.589000	196.860273	-0.003247
686.000000	23.591000	196.894255	-0.003143
687.000000	23.593000	196.928242	-0.003057
688.000000	23.595000	196.962229	-0.003271
689.000000	23.597000	196.996220	-0.003106
690.000000	23.599000	197.030213	-0.003277
691.000000	23.601000	197.064210	-0.003088
692.000000	23.603000	197.098211	-0.003222
693.000000	23.605000	197.132213	-0.003509
694.000000	23.607000	197.166219	-0.003131
695.000000	23.609000	197.200227	-0.003173
696.000000	23.611000	197.234240	-0.002966
697.000000	23.613000	197.268254	-0.003308
698.000000	23.615000	197.302271	-0.002966
699.000000	23.617000	197.336291	-0.003198
700.000000	23.619000	197.370313	-0.003314
701.000000	23.621000	197.404341	-0.002978
702.000000	23.623000	197.438370	-0.003161
703.000000	23.625000	197.472401	-0.002972
704.000000	23.627000	197.506436	-0.003149
705.000000	23.629000	197.540474	-0.002966
706.000000	23.631000	197.574516	-0.003161
707.000000	23.633000	197.608559	-0.003118
708.000000	23.635000	197.642606	-0.002783
709.000000	23.637000	197.676655	-0.003234
710.000000	23.639000	197.710709	-0.003057
711.000000	23.641000	197.744764	-0.003417
712.000000	23.643000	197.778822	-0.002856
713.000000	23.645000	197.812883	-0.002880
714.000000	23.647000	197.846947	-0.003070
715.000000	23.649000	197.881016	-0.002856
716.000000	23.651000	197.915085	-0.002966
717.000000	23.653000	197.949158	-0.002954
718.000000	23.655000	197.983234	-0.002874
719.000000	23.657000	198.017312	-0.003271
720.000000	23.659000	198.051396	-0.003082
721.000000	23.661000	198.085480	-0.003320
722.000000	23.663000	198.119567	-0.003076
723.000000	23.665000	198.153658	-0.002801
724.000000	23.667000	198.187753	-0.003295
725.000000	23.669000	198.221849	-0.002984
726.000000	23.671000	198.255948	-0.003100
727.000000	23.673000	198.290050	-0.002648
728.000000	23.675000	198.324155	-0.002954
729.000000	23.677000	198.358265	-0.002978
730.000000	23.679000	198.392376	-0.002990
731.000000	23.681000	198.426489	-0.002923
732.000000	23.683000	198.460606	-0.003131
733.000000	23.685000	198.494726	-0.002722
734.000000	23.687000	198.528850	-0.002752
735.000000	23.689000	198.562976	-0.002697
736.000000	23.691000	198.597104	-0.003039
737.000000	23.693000	198.631235	-0.002832
738.000000	23.695000	198.665372	-0.002642
739.000000	23.697000	198.699509	-0.002905
740.000000	23.699000	198.733649	-0.002618
741.000000	23.701000	198.767792	-0.002966
742.000000	23.703000	198.801938	-0.002978
743.000000	23.705000	198.836089	-0.002966
744.000000	23.707000	198.870241	-0.002874
745.000000	23.709000	198.904396	-0.002856
746.000000	23.711000	198.938553	-0.003015
747.000000	23.713000	198.972714	-0.002758
748.000000	23.715000	199.006880	-0.002966
749.000000	23.717000	199.041046	-0.003027
750.000000	23.719000	199.075216	-0.002844
751.000000	23.721000	199.109388	-0.002874
752.000000	23.723000	199.143565	-0.003094
753.000000	23.725000	199.177744	-0.003033
754.000000	23.727000	199.211925	-0.002661
755.000000	23.729000	199.246109	-0.002691
756.000000	23.731000	199.280296	-0.002709
757.000000	23.733000	199.314488	-0.003100
758.000000	23.735000	199.348681	-0.002667
759.000000	23.737000	199.382877	-0.003131
760.000000	23.739000	199.417075	-0.002996
761.000000	23.741000	199.451277	-0.002844
762.000000	23.743000	199.485484	-0.002801
763.000000	23.745000	199.519691	-0.002825
764.000000	23.747000	199.553902	-0.003094
765.000000	23.749000	199.588115	-0.002557
766.000000	23.751000	199.622334	-0.002844
767.000000	23.753000	199.656553	-0.002935
768.000000	23.755000	199.690775	-0.002722
769.000000	23.757000	199.725000	-0.003143
770.000000	23.759000	199.759229	-0.002935
771.000000	23.761000	199.793462	-0.003039
772.000000	23.763000	199.827696	-0.002722
773.000000	23.765000	199.861932	-0.002923
774.000000	23.767000	199.896172	-0.002978
775.000000	23.769000	199.930417	-0.003106
776.000000	23.771000	199.964663	-0.003210
777.000000	23.773000	199.998911	-0.003100
778.000000	23.775000	200.033163	-0.003240
779.000000	23.777000	200.067418	-0.003131
780.000000	23.779000	200.101677	-0.002948
781.000000	23.781000	200.135937	-0.003009
782.000000	23.783000	200.170201	-0.002984
783.000000	23.785000	200.204467	-0.002844
784.000000	23.787000	200.238736	-0.003210
785.000000	23.789000	200.273010	-0.002856
786.000000	23.791000	200.307285	-0.002874
787.000000	23.793000	200.341563	-0.002752
788.000000	23.795000	200.375844	-0.003057
789.000000	23.797000	200.410130	-0.002746
790.000000	23.799000	200.444417	-0.002948
791.000000	23.801000	200.478706	-0.002844
792.000000	23.803000	200.512999	-0.002844
793.000000	23.805000	200.547295	-0.002685
794.000000	23.807000	200.581595	-0.002722
795.000000	23.809000	200.615896	-0.003039
796.000000	23.811000	200.650201	-0.002795
797.000000	23.813000	200.684508	-0.002893
798.000000	23.815000	200.718818	-0.002606
799.000000	23.817000	200.753134	-0.002978
800.000000	23.819000	200.787450	-0.002880
801.000000	23.821000	200.821769	-0.003179
802.000000	23.823000	200.856091	-0.002709
803.000000	23.825000	200.890418	-0.002905
804.000000	23.827000	200.924745	-0.002935
805.000000	23.829000	200.959076	-0.003112
806.000000	23.831000	200.993410	-0.003002
807.000000	23.833000	201.027746	-0.003082
808.000000	23.835000	201.062088	-0.002880
809.000000	23.837000	201.096430	-0.003143
810.000000	23.839000	201.130776	-0.002880
811.000000	23.841000	201.165124	-0.003002
812.000000	23.843000	201.199475	-0.003332
813.000000	23.845000	201.233832	-0.002862
814.000000	23.847000	201.268189	-0.002996
815.000000	23.849000	201.302549	-0.002630
816.000000	23.851000	201.336912	-0.002789
817.000000	23.853000	201.371280	-0.002996
818.000000	23.855000	201.405649	-0.002630
819.000000	23.857000	201.440021	-0.002978
820.000000	23.859000	201.474395	-0.003131
821.000000	23.861000	201.508773	-0.002886
822.000000	23.863000	201.543156	-0.003033
823.000000	23.865000	201.577539	-0.003002
824.000000	23.867000	201.611926	-0.003009
825.000000	23.869000	201.646315	-0.003253
826.000000	23.871000	201.680707	-0.003259
827.000000	23.873000	201.715105	-0.003405
828.000000	23.875000	201.749503	-0.003430
829.000000	23.877000	201.783904	-0.003747
830.000000	23.879000	201.818308	-0.003289
831.000000	23.881000	201.852717	-0.004217
832.000000	23.883000	201.887127	-0.004400
833.000000	23.885000	201.921540	-0.004443
834.000000	23.887000	201.955956	-0.004876
835.000000	23.889000	201.990375	-0.004943
836.000000	23.891000	202.024798	-0.005120
837.000000	23.893000	202.059223	-0.005542
838.000000	23.895000	202.093650	-0.004693
839.000000	23.897000	202.128081	-0.004785
840.000000	23.899000	202.162514	-0.004528
841.000000	23.901000	202.196953	-0.004278
842.000000	23.903000	202.231392	-0.004010
843.000000	23.905000	202.265834	-0.003540
844.000000	23.907000	202.300279	-0.004040
845.000000	23.909000	202.334729	-0.003375
846.000000	23.911000	202.369180	-0.003466
847.000000	23.913000	202.403634	-0.003179
848.000000	23.915000	202.438091	-0.003363
849.000000	23.917000	202.472551	-0.003381
850.000000	23.919000	202.507016	-0.002972
851.000000	23.921000	202.541481	-0.003143
852.000000	23.923000	202.575950	-0.003271
853.000000	23.925000	202.610421	-0.002862
854.000000	23.927000	202.644896	-0.003057
855.000000	23.929000	202.679375	-0.002905
856.000000	23.931000	202.713856	-0.002935
857.000000	23.933000	202.748339	-0.003192
858.000000	23.935000	202.782825	-0.002941
859.000000	23.937000	202.817316	-0.002856
860.000000	23.939000	202.851808	-0.003125
861.000000	23.941000	202.886303	-0.003173
862.000000	23.943000	202.920801	-0.003479
863.000000	23.945000	202.955302	-0.003332
864.000000	23.947000	202.989808	-0.003448
865.000000	23.949000	203.024314	-0.003479
866.000000	23.951000	203.058824	-0.003845
867.000000	23.953000	203.093337	-0.003387
868.000000	23.955000	203.127852	-0.003344
869.000000	23.957000	203.162373	-0.003271
870.000000	23.959000	203.196894	-0.003302
871.000000	23.961000	203.231418	-0.002771
872.000000	23.963000	203.265946	-0.003558
873.000000	23.965000	203.300478	-0.002935
874.000000	23.967000	203.335011	-0.002825
875.000000	23.969000	203.369547	-0.003234
876.000000	23.971000	203.404086	-0.002935
877.000000	23.973000	203.438628	-0.003027
878.000000	23.975000	203.473175	-0.003100
879.000000	23.977000	203.507723	-0.003021
880.000000	23.979000	203.542273	-0.002783
881.000000	23.981000	203.576827	-0.002874
882.000000	23.983000	203.611383	-0.003137
883.000000	23.985000	203.645945	-0.002911
884.000000	23.987000	203.680507	-0.002978
885.000000	23.989000	203.715073	-0.003131
886.000000	23.991000	203.749641	-0.002642
887.000000	23.993000	203.784214	-0.003070
888.000000	23.995000	203.818789	-0.002966
889.000000	23.997000	203.853366	-0.003247
890.000000	23.999000	203.887946	-0.003161
891.000000	24.001000	203.922529	-0.003662
892.000000	24.003000	203.957117	-0.004150
893.000000	24.005000	203.991705	-0.004028
894.000000	24.007000	204.026297	-0.004431
895.000000	24.009000	204.060892	-0.004437
896.000000	24.011000	204.095490	-0.004333
897.000000	24.013000	204.130092	-0.003796
898.000000	24.015000	204.164696	-0.003741
899.000000	24.017000	204.199302	-0.003417
900.000000	24.019000	204.233911	-0.003436
901.000000	24.021000	204.268526	-0.003009
902.000000	24.023000	204.303141	-0.003161
903.000000	24.025000	204.337759	-0.002844
904.000000	24.027000	204.372380	-0.003173
905.000000	24.029000	204.407004	-0.002886
906.000000	24.031000	204.441633	-0.002941
907.000000	24.033000	204.476263	-0.002758
908.000000	24.035000	204.510896	-0.003131
909.000000	24.037000	204.545532	-0.002764
910.000000	24.039000	204.580172	-0.002862
911.000000	24.041000	204.614814	-0.002948
912.000000	24.043000	204.649459	-0.002825
913.000000	24.045000	204.684106	-0.002764
914.000000	24.047000	204.718757	-0.003082
915.000000	24.049000	204.753412	-0.002752
916.000000	24.051000	204.788068	-0.003051
917.000000	24.053000	204.822727	-0.002752
918.000000	24.055000	204.857390	-0.002972
919.000000	24.057000	204.892055	-0.002893
920.000000	24.059000	204.926725	-0.002862
921.000000	24.061000	204.961396	-0.003198
922.000000	24.063000	204.996070	-0.003253
923.000000	24.065000	205.030746	-0.002960
924.000000	24.067000	205.065428	-0.003460
925.000000	24.069000	205.100111	-0.003192
926.000000	24.071000	205.134796	-0.003332
927.000000	24.073000	205.169485	-0.002960
928.000000	24.075000	205.204176	-0.003125
929.000000	24.077000	205.238873	-0.003125
930.000000	24.079000	205.273570	-0.002948
931.000000	24.081000	205.308271	-0.002758
932.000000	24.083000	205.342974	-0.002862
933.000000	24.085000	205.377680	-0.002825
934.000000	24.087000	205.412391	-0.002832
935.000000	24.089000	205.447103	-0.002752
936.000000	24.091000	205.481818	-0.002819
937.000000	24.093000	205.516536	-0.002844
938.000000	24.095000	205.551259	-0.002825
939.000000	24.097000	205.585982	-0.003076
940.000000	24.099000	205.620709	-0.002832
941.000000	24.101000	205.655439	-0.003240
942.000000	24.103000	205.690171	-0.002923
943.000000	24.105000	205.724909	-0.003167
944.000000	24.107000	205.759647	-0.002990
945.000000	24.109000	205.794388	-0.003271
946.000000	24.111000	205.829133	-0.003350
947.000000	24.113000	205.863880	-0.003814
948.000000	24.115000	205.898632	-0.004095
949.000000	24.117000	205.933385	-0.005413
950.000000	24.119000	205.968141	-0.006634
951.000000	24.121000	206.002900	-0.007788
952.000000	24.123000	206.037664	-0.008105
953.000000	24.125000	206.072429	-0.007983
954.000000	24.127000	206.107197	-0.007196
955.000000	24.129000	206.141967	-0.006188
956.000000	24.131000	206.176741	-0.006091
957.000000	24.133000	206.211519	-0.004754
958.000000	24.135000	206.246299	-0.003906
959.000000	24.137000	206.281081	-0.004022
960.000000	24.139000	206.315867	-0.003747
961.000000	24.141000	206.350655	-0.003533
962.000000	24.143000	206.385448	-0.003436
963.000000	24.145000	206.420242	-0.003057
964.000000	24.147000	206.455039	-0.003100
965.000000	24.149000	206.489839	-0.003082
966.000000	24.151000	206.524644	-0.002917
967.000000	24.153000	206.559450	-0.002917
968.000000	24.155000	206.594259	-0.003155
969.000000	24.157000	206.629071	-0.002777
970.000000	24.159000	206.663885	-0.003173
971.000000	24.161000	206.698705	-0.002984
972.000000	24.163000	206.733525	-0.002795
973.000000	24.165000	206.768349	-0.002972
974.000000	24.167000	206.803175	-0.002807
975.000000	24.169000	206.838005	-0.003253
976.000000	24.171000	206.872839	-0.002996
977.000000	24.173000	206.907674	-0.003210
978.000000	24.175000	206.942512	-0.003430
979.000000	24.177000	206.977353	-0.003466
980.000000	24.179000	207.012199	-0.003942
981.000000	24.181000	207.047046	-0.003576
982.000000	24.183000	207.081896	-0.003851
983.000000	24.185000	207.116749	-0.003375
984.000000	24.187000	207.151604	-0.003656
985.000000	24.189000	207.186465	-0.003179
986.000000	24.191000	207.221327	-0.003186
987.000000	24.193000	207.256191	-0.002874
988.000000	24.195000	207.291059	-0.002911
989.000000	24.197000	207.325929	-0.003332
990.000000	24.199000	207.360804	-0.003216
991.000000	24.201000	207.395681	-0.002844
992.000000	24.203000	207.430560	-0.003051
993.000000	24.205000	207.465442	-0.002709
994.000000	24.207000	207.500329	-0.003027
995.000000	24.209000	207.535217	-0.002874
996.000000	24.211000	207.570108	-0.002978
997.000000	24.213000	207.605002	-0.002935
998.000000	24.215000	207.639898	-0.002618
999.000000	24.217000	207.674800	-0.003045
1000.000000	24.219000	207.709703	-0.003063
