0.000	575.000	-110.600	0.000
1.000	574.960	-90.400	1.697
2.000	574.920	-125.200	7.992
3.000	574.880	-93.300	14.288
4.000	574.840	-117.900	20.584
5.000	574.800	-87.800	26.884
6.000	574.760	-85.900	33.179
7.000	574.720	-108.600	39.476
8.000	574.680	-123.300	45.774
9.000	574.640	-117.400	52.074
10.000	574.600	-137.900	58.370
11.000	574.560	-108.100	64.670
12.000	574.520	-92.200	70.969
13.000	574.480	-83.100	77.266
14.000	574.440	-95.300	83.565
15.000	574.400	-67.900	89.864
16.000	574.360	-106.700	96.263
17.000	574.320	-97.900	102.558
18.000	574.280	-107.300	108.854
19.000	574.240	-105.800	115.151
20.000	574.200	-116.800	121.448
21.000	574.160	-98.600	127.744
22.000	574.120	-97.700	134.042
23.000	574.080	-119.800	140.337
24.000	574.040	-115.400	146.634
25.000	574.000	-117.200	152.933
26.000	573.960	-103.500	159.206
27.000	573.920	-106.300	165.506
28.000	573.880	-131.300	171.803
29.000	573.840	-128.200	178.098
30.000	573.800	-119.800	184.397
31.000	573.760	-148.100	190.692
32.000	573.720	-145.300	196.987
33.000	573.680	-132.600	203.285
34.000	573.640	-90.400	209.603
35.000	573.600	-141.100	215.902
36.000	573.560	-138.800	222.198
37.000	573.520	-99.500	228.494
38.000	573.480	-101.500	234.793
39.000	573.440	-124.200	241.091
40.000	573.400	-141.700	247.389
41.000	573.360	-125.500	253.691
42.000	573.320	-131.700	259.989
43.000	573.280	-119.600	266.291
44.000	573.240	-132.300	272.593
45.000	573.200	-148.000	278.950
46.000	573.160	-143.000	285.174
47.000	573.120	-141.100	291.478
48.000	573.080	-145.000	297.779
49.000	573.040	-122.900	304.079
50.000	573.000	-112.800	310.378
51.000	572.960	-177.500	316.678
52.000	572.920	-164.200	322.978
53.000	572.880	-158.400	329.281
54.000	572.840	-148.900	335.583
55.000	572.800	-131.600	341.889
56.000	572.760	-166.000	348.191
57.000	572.720	-151.100	354.495
58.000	572.680	-158.400	360.800
59.000	572.640	-202.100	367.103
60.000	572.600	-214.800	373.406
61.000	572.560	-196.000	379.713
62.000	572.520	-214.000	386.015
63.000	572.480	-205.100	392.318
64.000	572.440	-200.300	398.623
65.000	572.400	-254.600	404.923
66.000	572.360	-209.000	411.225
67.000	572.320	-248.000	417.528
68.000	572.280	-253.800	423.830
69.000	572.240	-250.200	430.132
70.000	572.200	-261.400	436.434
71.000	572.160	-248.200	442.712
72.000	572.120	-288.800	449.017
73.000	572.080	-253.800	455.320
74.000	572.040	-237.000	461.623
75.000	572.000	-264.800	467.927
76.000	571.960	-250.200	474.229
77.000	571.920	-240.500	480.531
78.000	571.880	-259.200	486.835
79.000	571.840	-281.300	493.137
80.000	571.800	-263.500	499.420
81.000	571.760	-239.000	505.724
82.000	571.720	-245.400	512.028
83.000	571.680	-272.100	518.332
84.000	571.640	-267.000	524.639
85.000	571.600	-274.300	530.921
86.000	571.560	-265.900	537.227
87.000	571.520	-251.300	543.532
88.000	571.480	-251.700	549.837
89.000	571.440	-224.500	556.141
90.000	571.400	-270.100	562.423
91.000	571.360	-293.600	568.728
92.000	571.320	-259.000	575.029
93.000	571.280	-254.000	581.329
94.000	571.240	-268.600	587.632
95.000	571.200	-260.800	593.933
96.000	571.160	-227.400	600.235
97.000	571.120	-233.000	606.539
98.000	571.080	-225.100	612.842
99.000	571.040	-224.900	619.101
100.000	571.000	-230.500	625.404
101.000	570.960	-218.700	631.707
102.000	570.920	-223.700	638.008
103.000	570.880	-233.200	644.306
104.000	570.840	-261.000	650.607
105.000	570.800	-239.000	656.908
106.000	570.760	-218.500	663.206
107.000	570.720	-214.300	669.506
108.000	570.680	-201.500	675.808
109.000	570.640	-181.600	682.105
110.000	570.600	-189.900	688.400
111.000	570.560	-159.800	694.698
112.000	570.520	-162.200	700.995
113.000	570.480	-173.900	707.289
114.000	570.440	-163.500	713.584
115.000	570.400	-178.300	719.880
116.000	570.360	-172.600	726.177
117.000	570.320	-167.900	732.473
118.000	570.280	-146.300	738.769
119.000	570.240	-177.600	745.065
120.000	570.200	-187.600	751.461
121.000	570.160	-165.400	757.757
122.000	570.120	-144.400	764.030
123.000	570.080	-135.400	770.329
124.000	570.040	-112.900	776.628
125.000	570.000	-130.100	782.926
126.000	569.960	-162.500	789.223
127.000	569.920	-150.500	795.521
128.000	569.880	-145.100	801.820
129.000	569.840	-121.200	808.115
130.000	569.800	-126.800	814.412
131.000	569.760	-127.600	820.710
132.000	569.720	-122.500	827.006
133.000	569.680	-121.500	833.305
134.000	569.640	-123.800	839.601
135.000	569.600	-135.100	845.898
136.000	569.560	-108.800	852.198
137.000	569.520	-111.900	858.495
138.000	569.480	-107.500	864.790
139.000	569.440	-129.700	871.087
140.000	569.400	-126.100	877.384
141.000	569.360	-98.500	883.680
142.000	569.320	-108.700	889.978
143.000	569.280	-128.900	896.275
144.000	569.240	-128.100	902.575
145.000	569.200	-105.000	908.873
146.000	569.160	-123.700	915.174
147.000	569.120	-104.800	921.474
148.000	569.080	-91.600	927.773
149.000	569.040	-115.500	934.073
150.000	569.000	-112.000	940.375
151.000	568.960	-120.900	946.678
152.000	568.920	-111.800	952.981
153.000	568.880	-120.200	959.281
154.000	568.840	-131.700	965.579
155.000	568.800	-139.400	971.877
156.000	568.760	-114.600	978.178
157.000	568.720	-103.500	984.479
158.000	568.680	-135.100	990.778
159.000	568.640	-153.400	997.076
160.000	568.600	-143.200	1003.375
161.000	568.560	-133.600	1009.676
162.000	568.520	-133.600	1015.977
163.000	568.480	-156.000	1022.277
164.000	568.440	-150.000	1028.578
165.000	568.400	-169.400	1034.876
166.000	568.360	-125.300	1041.175
167.000	568.320	-145.900	1047.473
168.000	568.280	-145.200	1053.773
169.000	568.240	-118.400	1060.073
170.000	568.200	-105.100	1066.371
171.000	568.160	-94.900	1072.669
172.000	568.120	-73.700	1078.967
173.000	568.080	-71.500	1085.340
174.000	568.040	-92.800	1091.642
175.000	568.000	-73.600	1097.940
176.000	567.960	-83.000	1104.241
177.000	567.920	-66.000	1110.541
178.000	567.880	-84.000	1116.843
179.000	567.840	-69.500	1123.145
180.000	567.800	-65.300	1129.449
181.000	567.760	-50.500	1135.753
182.000	567.720	-57.700	1142.058
183.000	567.680	-72.000	1148.362
184.000	567.640	-67.300	1154.662
185.000	567.600	-79.100	1160.863
186.000	567.560	-84.000	1167.243
187.000	567.520	-71.400	1173.547
188.000	567.480	-57.100	1179.851
189.000	567.440	-50.900	1186.153
190.000	567.400	-46.200	1192.453
191.000	567.360	-46.300	1198.754
192.000	567.320	-43.300	1205.053
193.000	567.280	-72.500	1211.351
194.000	567.240	-72.200	1217.650
195.000	567.200	-39.000	1223.948
196.000	567.160	-74.200	1230.246
197.000	567.120	-47.100	1236.549
198.000	567.080	-52.300	1242.852
199.000	567.040	-54.500	1249.158
200.000	567.000	-74.800	1255.462
201.000	566.960	-64.800	1261.765
202.000	566.920	-52.700	1267.969
203.000	566.880	-56.700	1274.349
204.000	566.840	-49.200	1280.651
205.000	566.800	-73.700	1286.952
206.000	566.760	-63.800	1293.249
207.000	566.720	-41.700	1299.548
208.000	566.680	-37.700	1305.849
209.000	566.640	-43.000	1312.146
210.000	566.600	-35.800	1318.444
211.000	566.560	-25.000	1324.745
212.000	566.520	-20.200	1331.043
213.000	566.480	-27.200	1337.341
214.000	566.440	0.000	1343.642
