0.000	585.000	-32.400	0.000
1.000	584.960	-24.400	2.000
2.000	584.920	-22.500	8.304
3.000	584.880	-22.000	14.610
4.000	584.840	-29.400	20.914
5.000	584.800	-23.500	27.220
6.000	584.760	-20.500	33.523
7.000	584.720	-36.000	39.727
8.000	584.680	-8.300	46.033
9.000	584.640	-45.000	52.338
10.000	584.600	-17.800	58.709
11.000	584.560	-8.200	65.019
12.000	584.520	-21.500	71.324
13.000	584.480	-30.000	77.624
14.000	584.440	-22.900	83.827
15.000	584.400	-33.700	90.127
16.000	584.360	-12.900	96.428
17.000	584.320	-37.000	102.732
18.000	584.280	-33.600	109.035
19.000	584.240	6.200	115.339
20.000	584.200	-20.500	121.721
21.000	584.160	-22.000	128.027
22.000	584.120	-35.000	134.232
23.000	584.080	-29.500	140.534
24.000	584.040	-31.100	146.837
25.000	584.000	-20.100	153.140
26.000	583.960	-22.100	159.439
27.000	583.920	-19.000	165.737
28.000	583.880	-5.900	172.038
29.000	583.840	-34.600	178.342
30.000	583.800	-34.300	184.720
31.000	583.760	-33.300	191.028
32.000	583.720	-22.000	197.232
33.000	583.680	2.200	203.533
34.000	583.640	-0.600	209.830
35.000	583.600	-22.600	216.129
36.000	583.560	-37.000	222.526
37.000	583.520	-61.800	228.822
38.000	583.480	-34.200	235.118
39.000	583.440	-33.300	241.416
40.000	583.400	-26.700	247.716
41.000	583.360	-14.300	254.018
42.000	583.320	-0.300	260.321
43.000	583.280	4.100	266.624
44.000	583.240	-42.700	272.927
45.000	583.200	-16.700	279.132
46.000	583.160	-25.800	285.435
47.000	583.120	-21.600	291.737
48.000	583.080	-27.600	298.038
49.000	583.040	-26.400	304.340
50.000	583.000	-40.000	310.641
51.000	582.960	-30.900	316.940
52.000	582.920	-23.400	323.242
53.000	582.880	-27.000	329.545
54.000	582.840	-19.100	335.841
55.000	582.800	-23.300	342.144
56.000	582.760	-27.500	348.447
57.000	582.720	-24.100	354.726
58.000	582.680	11.100	361.129
59.000	582.640	20.100	367.329
60.000	582.600	0.200	373.629
61.000	582.560	9.600	379.932
62.000	582.520	1.500	386.234
63.000	582.480	0.000	392.534
64.000	582.440	-16.000	398.839
65.000	582.400	2.900	405.144
66.000	582.360	17.800	411.448
67.000	582.320	7.400	417.752
68.000	582.280	-12.400	424.034
69.000	582.240	-25.900	430.344
70.000	582.200	-22.900	436.650
71.000	582.160	-27.500	442.931
72.000	582.120	-24.600	449.239
73.000	582.080	-11.000	455.543
74.000	582.040	-22.100	461.844
75.000	582.000	-37.200	468.144
76.000	581.960	-5.600	474.443
77.000	581.920	-15.100	480.740
78.000	581.880	-25.200	487.040
79.000	581.840	-29.400	493.342
80.000	581.800	-29.100	499.643
81.000	581.760	-20.500	505.944
82.000	581.720	-34.000	512.242
83.000	581.680	-30.800	518.541
84.000	581.640	-24.900	524.840
85.000	581.600	-17.000	531.140
86.000	581.560	-7.300	537.437
87.000	581.520	-7.200	543.734
88.000	581.480	-21.400	550.032
89.000	581.440	-7.100	556.332
90.000	581.400	-4.500	562.630
91.000	581.360	-30.100	568.930
92.000	581.320	-17.100	575.326
93.000	581.280	-14.700	581.623
94.000	581.240	-10.500	587.920
95.000	581.200	-3.100	594.216
96.000	581.160	-33.200	600.516
97.000	581.120	-18.600	606.815
98.000	581.080	-4.100	613.113
99.000	581.040	-29.400	619.414
100.000	581.000	7.800	625.716
101.000	580.960	-24.200	632.015
102.000	580.920	-36.100	638.314
103.000	580.880	-24.600	644.612
104.000	580.840	-11.800	650.909
105.000	580.800	-18.000	657.208
106.000	580.760	8.300	663.505
107.000	580.720	-6.500	669.802
108.000	580.680	-23.300	676.103
109.000	580.640	-36.900	682.400
110.000	580.600	-34.200	688.695
111.000	580.560	-40.900	694.993
112.000	580.520	-33.100	701.290
113.000	580.480	-24.000	707.588
114.000	580.440	-30.700	713.886
115.000	580.400	-39.000	720.185
116.000	580.360	-53.400	726.487
117.000	580.320	-44.500	732.783
118.000	580.280	-61.300	739.082
119.000	580.240	-54.000	745.381
120.000	580.200	-33.200	751.677
121.000	580.160	-32.800	757.974
122.000	580.120	-31.400	764.274
123.000	580.080	-21.900	770.575
124.000	580.040	-36.600	776.878
125.000	580.000	-70.600	783.178
126.000	579.960	-33.400	789.479
127.000	579.920	-31.900	795.781
128.000	579.880	-25.600	802.080
129.000	579.840	-23.900	808.382
130.000	579.800	-52.700	814.686
131.000	579.760	-45.200	820.985
132.000	579.720	-39.000	827.285
133.000	579.680	-62.200	833.585
134.000	579.640	-35.400	839.884
135.000	579.600	-17.900	846.181
136.000	579.560	-31.700	852.480
137.000	579.520	-42.100	858.776
138.000	579.480	-52.800	865.048
139.000	579.440	-54.400	871.349
140.000	579.400	-28.500	877.647
141.000	579.360	-31.100	883.945
142.000	579.320	-28.500	890.703
143.000	579.280	-19.000	896.599
144.000	579.240	-55.900	902.900
145.000	579.200	-66.300	909.198
146.000	579.160	-57.300	915.498
147.000	579.120	-34.100	921.802
148.000	579.080	-29.800	928.104
149.000	579.040	-58.300	934.407
150.000	579.000	-44.700	940.708
151.000	578.960	-48.400	947.008
152.000	578.920	-28.000	953.310
153.000	578.880	-57.300	959.609
154.000	578.840	-48.100	965.906
155.000	578.800	-21.600	972.204
156.000	578.760	-10.400	978.505
157.000	578.720	-32.200	984.803
158.000	578.680	-28.300	991.100
159.000	578.640	-55.300	997.397
160.000	578.600	-57.700	1003.698
161.000	578.560	-23.200	1009.998
162.000	578.520	-26.800	1016.296
163.000	578.480	-31.100	1022.595
164.000	578.440	-62.400	1028.895
165.000	578.400	-52.600	1035.193
166.000	578.360	-70.900	1041.491
167.000	578.320	-41.900	1047.786
168.000	578.280	-13.800	1054.082
169.000	578.240	-36.300	1060.357
170.000	578.200	-60.500	1066.655
171.000	578.160	-69.400	1072.953
172.000	578.120	-70.900	1079.251
173.000	578.080	-38.800	1085.547
174.000	578.040	-36.600	1091.846
175.000	578.000	-36.900	1098.147
176.000	577.960	-51.700	1104.445
177.000	577.920	-47.700	1110.744
178.000	577.880	-46.300	1117.041
179.000	577.840	-80.600	1123.339
180.000	577.800	-72.900	1129.643
181.000	577.760	-50.500	1135.945
182.000	577.720	-61.200	1142.248
183.000	577.680	-55.200	1148.550
184.000	577.640	-63.300	1154.849
185.000	577.600	-33.000	1161.147
186.000	577.560	-57.700	1167.447
187.000	577.520	-69.300	1173.745
188.000	577.480	-70.900	1180.042
189.000	577.440	-50.800	1186.341
190.000	577.400	-58.900	1192.640
191.000	577.360	-79.600	1198.941
192.000	577.320	-89.300	1205.246
193.000	577.280	-78.700	1211.546
194.000	577.240	-74.000	1217.847
195.000	577.200	-65.000	1224.151
196.000	577.160	-52.500	1230.453
197.000	577.120	-68.700	1236.757
198.000	577.080	-98.100	1243.057
199.000	577.040	-103.700	1249.356
200.000	577.000	-104.200	1255.659
201.000	576.960	-92.900	1261.963
202.000	576.920	-104.300	1268.267
203.000	576.880	-99.400	1274.569
204.000	576.840	-93.300	1280.873
205.000	576.800	-92.000	1287.178
206.000	576.760	-109.400	1293.480
207.000	576.720	-116.900	1299.781
208.000	576.680	-104.900	1306.083
209.000	576.640	-124.000	1312.384
210.000	576.600	-91.800	1318.683
211.000	576.560	-96.400	1324.982
212.000	576.520	-89.600	1331.282
213.000	576.480	-50.200	1337.583
214.000	576.440	-81.500	1343.881
215.000	576.400	-63.300	1350.181
216.000	576.360	-60.800	1356.480
217.000	576.320	-108.200	1362.778
218.000	576.280	-88.900	1369.076
219.000	576.240	-93.000	1375.374
220.000	576.200	-102.100	1381.671
221.000	576.160	-67.700	1387.970
222.000	576.120	-78.100	1394.274
223.000	576.080	-87.600	1400.577
224.000	576.040	-99.700	1406.877
225.000	576.000	-84.300	1413.181
226.000	575.960	-76.200	1419.483
227.000	575.920	-74.200	1425.787
228.000	575.880	-49.700	1432.086
229.000	575.840	-54.600	1438.386
230.000	575.800	-57.100	1444.687
231.000	575.760	-76.800	1450.985
232.000	575.720	-93.900	1457.281
233.000	575.680	-95.400	1463.581
234.000	575.640	-103.400	1469.880
235.000	575.600	-100.000	1476.178
236.000	575.560	-94.700	1482.477
237.000	575.520	-90.100	1488.774
238.000	575.480	-93.800	1495.071
239.000	575.440	-62.900	1501.370
240.000	575.400	-57.500	1507.668
241.000	575.360	-85.500	1513.965
242.000	575.320	-84.400	1520.262
243.000	575.280	-103.200	1526.562
244.000	575.240	-49.500	1532.857
245.000	575.200	-82.600	1539.155
246.000	575.160	-77.300	1545.453
247.000	575.120	-74.100	1551.753
248.000	575.080	-64.100	1558.052
249.000	575.040	-81.400	1564.350
250.000	575.000	-41.300	1570.649
251.000	574.960	-74.900	1576.947
252.000	574.920	-80.300	1583.245
253.000	574.880	-71.400	1589.547
254.000	574.840	-77.200	1595.849
255.000	574.800	-62.100	1602.149
256.000	574.760	-50.400	1608.451
257.000	574.720	-45.100	1614.752
258.000	574.680	-37.500	1621.049
259.000	574.640	-40.000	1627.349
260.000	574.600	-58.200	1633.652
261.000	574.560	-56.400	1639.955
262.000	574.520	-68.500	1646.255
263.000	574.480	-65.700	1652.551
264.000	574.440	-96.600	1658.850
265.000	574.400	-45.800	1665.146
266.000	574.360	-44.100	1671.444
267.000	574.320	-67.800	1677.741
268.000	574.280	-60.800	1684.037
269.000	574.240	-78.100	1690.333
270.000	574.200	-80.000	1696.631
271.000	574.160	-52.100	1702.930
272.000	574.120	-73.500	1709.325
273.000	574.080	-89.600	1715.623
274.000	574.040	-102.200	1721.921
275.000	574.000	-93.900	1728.220
276.000	573.960	-48.400	1734.518
277.000	573.920	-66.300	1740.818
278.000	573.880	-58.800	1747.116
279.000	573.840	-63.900	1753.418
280.000	573.800	-56.500	1759.719
281.000	573.760	-73.700	1766.019
282.000	573.720	-77.400	1772.318
283.000	573.680	-67.600	1778.619
284.000	573.640	-72.300	1784.916
285.000	573.600	-69.200	1791.143
286.000	573.560	-67.900	1797.439
287.000	573.520	-47.600	1803.738
288.000	573.480	-44.000	1810.040
289.000	573.440	-77.300	1816.343
290.000	573.400	-92.400	1822.644
291.000	573.360	-85.000	1828.949
292.000	573.320	-54.100	1835.250
293.000	573.280	-57.100	1841.551
294.000	573.240	-75.300	1847.849
295.000	573.200	-64.600	1854.147
296.000	573.160	-71.300	1860.446
297.000	573.120	-98.900	1866.743
298.000	573.080	-98.200	1873.041
299.000	573.040	-82.000	1879.338
300.000	573.000	-63.200	1885.636
301.000	572.960	-86.200	1891.935
302.000	572.920	-101.000	1898.230
303.000	572.880	-93.600	1904.528
304.000	572.840	-78.600	1910.924
305.000	572.800	-69.900	1917.221
306.000	572.760	-99.700	1923.518
307.000	572.720	-65.300	1929.814
308.000	572.680	-90.300	1936.089
309.000	572.640	-94.000	1942.387
310.000	572.600	-108.200	1948.683
311.000	572.560	-123.200	1954.978
312.000	572.520	-85.000	1961.275
313.000	572.480	-96.700	1967.574
314.000	572.440	-81.800	1973.870
315.000	572.400	-102.400	1980.147
316.000	572.360	-77.100	1986.448
317.000	572.320	-93.600	1992.746
318.000	572.280	-114.400	1999.042
319.000	572.240	-113.500	2005.341
320.000	572.200	-115.100	2011.637
321.000	572.160	-119.000	2017.931
322.000	572.120	-131.300	2024.329
323.000	572.080	-135.000	2030.626
324.000	572.040	-156.700	2036.920
325.000	572.000	-148.200	2043.192
326.000	571.960	-128.200	2049.492
327.000	571.920	-149.900	2055.792
328.000	571.880	-141.900	2062.092
329.000	571.840	-127.600	2068.391
330.000	571.800	-133.600	2074.690
331.000	571.760	-158.700	2080.987
332.000	571.720	-171.700	2087.283
333.000	571.680	-161.100	2093.547
334.000	571.640	-166.600	2099.856
335.000	571.600	-193.500	2106.151
336.000	571.560	-183.100	2112.451
337.000	571.520	-172.800	2118.749
338.000	571.480	-175.200	2125.046
339.000	571.440	-178.700	2131.342
340.000	571.400	-175.000	2137.638
341.000	571.360	-151.400	2143.935
342.000	571.320	-137.400	2150.231
343.000	571.280	-137.900	2156.528
344.000	571.240	-134.400	2162.924
345.000	571.200	-158.700	2169.199
346.000	571.160	-143.700	2175.498
347.000	571.120	-155.300	2181.795
348.000	571.080	-152.900	2188.090
349.000	571.040	-152.600	2194.389
350.000	571.000	-158.900	2200.689
351.000	570.960	-147.400	2206.983
352.000	570.920	-140.400	2213.278
353.000	570.880	-126.900	2219.575
354.000	570.840	-130.400	2225.870
355.000	570.800	-125.500	2232.169
356.000	570.760	-137.500	2238.466
357.000	570.720	-123.500	2244.765
358.000	570.680	-120.000	2251.067
359.000	570.640	-117.900	2257.365
360.000	570.600	-121.900	2263.665
361.000	570.560	-104.500	2269.961
362.000	570.520	-119.600	2276.258
363.000	570.480	-99.100	2282.555
364.000	570.440	-93.300	2288.852
365.000	570.400	-105.300	2295.149
366.000	570.360	-112.300	2301.450
367.000	570.320	-125.000	2307.746
368.000	570.280	-122.100	2314.043
369.000	570.240	-111.600	2320.339
370.000	570.200	-93.000	2326.635
371.000	570.160	-95.500	2332.929
372.000	570.120	-124.900	2339.305
373.000	570.080	-107.200	2345.601
374.000	570.040	-92.500	2351.899
375.000	570.000	-83.300	2358.196
376.000	569.960	0.000	2364.492
