3.571428571428571740e+04,4.099999999999999645e+00
3.571556127004535665e+04,4.179999999999999716e+01
3.571683691692263528e+04,-4.500000000000000000e+00
3.571811265492731036e+04,2.160000000000000142e+01
3.571938848406915349e+04,2.910000000000000142e+01
3.572066440435792174e+04,2.400000000000000000e+01
3.572194041580338671e+04,1.739999999999999858e+01
3.572321651841532002e+04,2.719999999999999929e+01
3.572449271220348601e+04,6.470000000000000284e+01
3.572576899717766355e+04,4.000000000000000000e+01
3.572704537334762426e+04,7.040000000000000568e+01
3.572832184072313976e+04,1.699999999999999956e+00
3.572959839931398892e+04,1.100000000000000089e+00
3.573087504912995064e+04,3.550000000000000000e+01
3.573215179018080380e+04,4.500000000000000000e+01
3.573342862247632729e+04,4.310000000000000142e+01
3.573470554602630727e+04,2.380000000000000071e+01
3.573598256084051536e+04,3.300000000000000000e+01
3.573725966692873772e+04,7.400000000000000355e+00
3.573853686430077505e+04,3.810000000000000142e+01
3.573981415296640625e+04,2.539999999999999858e+01
3.574109153293541021e+04,3.789999999999999858e+01
3.574236900421760220e+04,5.460000000000000142e+01
3.574364656682274654e+04,6.440000000000000568e+01
3.574492422076065122e+04,8.029999999999999716e+01
3.574620196604110970e+04,4.900000000000000000e+01
3.574747980267390813e+04,5.620000000000000284e+01
3.574875773066885449e+04,7.170000000000000284e+01
3.575003575003574952e+04,2.680000000000000071e+01
3.575131386078438663e+04,2.980000000000000071e+01
3.575259206292456656e+04,3.479999999999999716e+01
3.575387035646609002e+04,-2.450000000000000000e+01
3.575514874141876498e+04,-1.280000000000000071e+01
3.575642721779239946e+04,-5.799999999999999822e+00
3.575770578559679416e+04,3.360000000000000142e+01
3.575898444484177162e+04,-1.939999999999999858e+01
3.576026319553711801e+04,8.209999999999999432e+01
3.576154203769266314e+04,3.900000000000000000e+01
3.576282097131821502e+04,6.500000000000000000e+01
3.576409999642358889e+04,5.370000000000000284e+01
3.576537911301859276e+04,2.339999999999999858e+01
3.576665832111306372e+04,3.100000000000000000e+01
3.576793762071678793e+04,3.130000000000000071e+01
3.576921701183960977e+04,-1.450000000000000000e+01
3.577049649449134449e+04,3.200000000000000000e+01
3.577177606868180737e+04,6.110000000000000142e+01
3.577305573442082823e+04,4.950000000000000000e+01
3.577433549171824416e+04,5.829999999999999716e+01
3.577561534058386314e+04,6.840000000000000568e+01
3.577689528102751501e+04,6.759999999999999432e+01
3.577817531305903685e+04,6.709999999999999432e+01
3.577945543668825121e+04,5.320000000000000284e+01
3.578073565192500246e+04,2.269999999999999929e+01
3.578201595877911313e+04,3.960000000000000142e+01
3.578329635726043489e+04,1.000000000000000056e-01
3.578457684737878299e+04,4.960000000000000142e+01
3.578585742914400180e+04,-8.800000000000000711e+00
3.578713810256593570e+04,3.089999999999999858e+01
3.578841886765442177e+04,2.039999999999999858e+01
3.578969972441931168e+04,5.810000000000000142e+01
3.579098067287044250e+04,4.710000000000000142e+01
3.579226171301764407e+04,2.330000000000000071e+01
3.579354284487078257e+04,4.370000000000000284e+01
3.579482406843970239e+04,3.689999999999999858e+01
3.579610538373424788e+04,5.050000000000000000e+01
3.579738679076427070e+04,7.809999999999999432e+01
3.579866828953962977e+04,8.259999999999999432e+01
3.579994988007016946e+04,7.050000000000000000e+01
3.580123156236574869e+04,5.270000000000000284e+01
3.580251333643621911e+04,6.350000000000000000e+01
3.580379520229143964e+04,6.840000000000000568e+01
3.580507715994127648e+04,2.519999999999999929e+01
3.580635920939558855e+04,6.400000000000000355e+00
3.580764135066423478e+04,2.819999999999999929e+01
3.580892358375707408e+04,2.439999999999999858e+01
3.581020590868397267e+04,4.220000000000000284e+01
3.581148832545480400e+04,5.850000000000000000e+01
3.581277083407942700e+04,-4.299999999999999822e+00
3.581405343456772243e+04,1.880000000000000071e+01
3.581533612692955649e+04,3.080000000000000071e+01
3.581661891117478808e+04,3.700000000000000000e+01
3.581790178731329797e+04,7.609999999999999432e+01
3.581918475535496691e+04,8.420000000000000284e+01
3.582046781530966837e+04,7.540000000000000568e+01
3.582175096718727582e+04,5.429999999999999716e+01
3.582303421099767729e+04,4.770000000000000284e+01
3.582431754675073898e+04,1.680000000000000071e+01
3.582560097445634892e+04,5.729999999999999716e+01
3.582688449412438786e+04,3.030000000000000071e+01
3.582816810576475109e+04,8.220000000000000284e+01
3.582945180938731210e+04,2.280000000000000071e+01
3.583073560500197345e+04,3.950000000000000000e+01
3.583201949261860864e+04,8.609999999999999432e+01
3.583330347224710567e+04,8.679999999999999716e+01
3.583458754389736714e+04,5.860000000000000142e+01
3.583587170757928834e+04,6.210000000000000142e+01
3.583715596330275002e+04,7.790000000000000568e+01
3.583844031107766205e+04,8.290000000000000568e+01
3.583972475091391243e+04,7.429999999999999716e+01
3.584100928282140376e+04,1.034000000000000057e+02
3.584229390681003861e+04,8.159999999999999432e+01
3.584357862288970500e+04,1.040999999999999943e+02
3.584486343107032735e+04,5.939999999999999858e+01
3.584614833136179368e+04,7.900000000000000000e+01
3.584743332377402112e+04,7.500000000000000000e+00
3.584871840831690497e+04,8.450000000000000000e+01
3.585000358500036236e+04,4.489999999999999858e+01
3.585128885383429588e+04,4.389999999999999858e+01
3.585257421482862264e+04,3.889999999999999858e+01
3.585385966799325979e+04,8.070000000000000284e+01
3.585514521333811717e+04,9.459999999999999432e+01
3.585643085087310465e+04,7.629999999999999716e+01
3.585771658060814661e+04,5.860000000000000142e+01
3.585900240255316021e+04,6.360000000000000142e+01
3.586028831671806256e+04,6.770000000000000284e+01
3.586157432311278535e+04,8.720000000000000284e+01
3.586286042174723843e+04,5.660000000000000142e+01
3.586414661263135349e+04,8.320000000000000284e+01
3.586543289577505493e+04,1.087000000000000028e+02
3.586671927118826716e+04,4.739999999999999858e+01
3.586800573888091458e+04,4.889999999999999858e+01
3.586929229886294343e+04,5.110000000000000142e+01
3.587057895114427811e+04,1.065999999999999943e+02
3.587186569573483575e+04,9.950000000000000000e+01
3.587315253264456987e+04,6.370000000000000284e+01
3.587443946188340487e+04,2.500000000000000000e+01
3.587572648346128699e+04,4.429999999999999716e+01
3.587701359738814790e+04,8.820000000000000284e+01
3.587830080367393384e+04,5.820000000000000284e+01
3.587958810232859105e+04,6.400000000000000000e+01
3.588087549336203665e+04,5.960000000000000142e+01
3.588216297678423871e+04,6.770000000000000284e+01
3.588345055260513618e+04,6.879999999999999716e+01
3.588473822083467530e+04,5.310000000000000142e+01
3.588602598148280958e+04,8.050000000000000000e+01
3.588731383455948526e+04,4.660000000000000142e+01
3.588860178007464856e+04,7.400000000000000000e+01
3.588988981803826027e+04,7.929999999999999716e+01
3.589117794846026663e+04,9.270000000000000284e+01
3.589246617135062843e+04,5.970000000000000284e+01
3.589375448671930644e+04,8.309999999999999432e+01
3.589504289457626146e+04,6.520000000000000284e+01
3.589633139493143972e+04,6.260000000000000142e+01
3.589761998779480928e+04,6.840000000000000568e+01
3.589890867317633820e+04,3.889999999999999858e+01
3.590019745108597999e+04,6.970000000000000284e+01
3.590148632153371000e+04,4.300000000000000000e+01
3.590277528452949628e+04,6.990000000000000568e+01
3.590406434008329961e+04,6.729999999999999716e+01
3.590535348820509535e+04,8.140000000000000568e+01
3.590664272890484426e+04,1.135000000000000000e+02
3.590793206219253625e+04,8.259999999999999432e+01
3.590922148807813937e+04,6.850000000000000000e+01
3.591051100657162169e+04,3.450000000000000000e+01
3.591180061768297310e+04,6.659999999999999432e+01
3.591309032142216165e+04,1.102999999999999972e+02
3.591438011779916997e+04,8.070000000000000284e+01
3.591567000682397338e+04,5.800000000000000000e+01
3.591695998850656906e+04,9.590000000000000568e+01
3.591825006285693235e+04,1.025999999999999943e+02
3.591954022988506040e+04,1.195000000000000000e+02
3.592083048960092128e+04,1.272999999999999972e+02
3.592212084201451216e+04,1.145000000000000000e+02
3.592341128713582293e+04,1.349000000000000057e+02
3.592470182497485075e+04,1.129000000000000057e+02
3.592599245554157824e+04,1.087000000000000028e+02
3.592728317884601711e+04,1.373000000000000114e+02
3.592857399489814270e+04,5.050000000000000000e+01
3.592986490370795946e+04,1.556999999999999886e+02
3.593115590528547182e+04,1.485999999999999943e+02
3.593244699964067695e+04,1.481999999999999886e+02
3.593373818678357202e+04,1.290999999999999943e+02
3.593502946672416874e+04,1.445999999999999943e+02
3.593632083947245701e+04,1.085999999999999943e+02
3.593761230503845582e+04,9.990000000000000568e+01
3.593890386343216232e+04,1.405000000000000000e+02
3.594019551466359553e+04,1.496999999999999886e+02
3.594148725874276715e+04,1.180000000000000000e+02
3.594277909567967436e+04,1.207999999999999972e+02
3.594407102548435068e+04,1.040999999999999943e+02
3.594536304816678603e+04,1.608000000000000114e+02
3.594665516373701394e+04,6.609999999999999432e+01
3.594794737220504612e+04,9.620000000000000284e+01
3.594923967358090158e+04,1.142999999999999972e+02
3.595053206787459931e+04,8.959999999999999432e+01
3.595182455509617284e+04,9.950000000000000000e+01
3.595311713525562664e+04,1.589000000000000057e+02
3.595440980836299423e+04,1.209000000000000057e+02
3.595570257442830189e+04,6.350000000000000000e+01
3.595699543346157589e+04,5.629999999999999716e+01
3.595828838547284977e+04,1.110000000000000000e+02
3.595958143047214980e+04,8.670000000000000284e+01
3.596087456846950954e+04,1.385999999999999943e+02
3.596216779947495525e+04,1.333000000000000114e+02
3.596346112349852774e+04,8.229999999999999716e+01
3.596475454055026057e+04,1.197999999999999972e+02
3.596604805064019456e+04,1.393000000000000114e+02
3.596734165377837053e+04,1.147999999999999972e+02
3.596863534997482202e+04,1.298000000000000114e+02
3.596992913923959713e+04,1.510000000000000000e+02
3.597122302158273669e+04,1.661999999999999886e+02
3.597251699701428151e+04,1.137999999999999972e+02
3.597381106554427970e+04,1.217000000000000028e+02
3.597510522718278662e+04,1.269000000000000057e+02
3.597639948193985038e+04,1.668000000000000114e+02
3.597769382982551178e+04,1.285000000000000000e+02
3.597898827084982622e+04,1.300999999999999943e+02
3.598028280502284906e+04,1.200999999999999943e+02
3.598157743235463568e+04,1.080000000000000000e+02
3.598287215285523416e+04,9.540000000000000568e+01
3.598416696653472900e+04,1.267999999999999972e+02
3.598546187340314646e+04,1.057999999999999972e+02
3.598675687347056373e+04,1.299000000000000057e+02
3.598805196674703620e+04,1.283000000000000114e+02
3.598934715324264107e+04,1.510000000000000000e+02
3.599064243296742643e+04,1.400000000000000000e+02
3.599193780593147676e+04,1.370000000000000000e+02
3.599323327214484016e+04,1.436999999999999886e+02
3.599452883161759382e+04,9.309999999999999432e+01
3.599582448435981496e+04,1.520000000000000000e+02
3.599712023038156622e+04,1.441999999999999886e+02
3.599841606969293207e+04,9.720000000000000284e+01
3.599971200230398244e+04,1.368000000000000114e+02
3.600100802822479454e+04,1.172000000000000028e+02
3.600230414746543829e+04,1.399000000000000057e+02
3.600360036003600544e+04,1.648000000000000114e+02
3.600489666594656592e+04,1.359000000000000057e+02
3.600619306520721148e+04,1.461999999999999886e+02
3.600748955782802659e+04,1.285999999999999943e+02
3.600878614381909574e+04,1.480999999999999943e+02
3.601008282319049613e+04,1.155999999999999943e+02
3.601137959595231951e+04,1.230000000000000000e+02
3.601267646211466490e+04,1.254000000000000057e+02
3.601397342168760952e+04,1.605999999999999943e+02
3.601527047468125966e+04,1.999000000000000057e+02
3.601656762110571435e+04,1.575000000000000000e+02
3.601786486097104353e+04,1.590999999999999943e+02
3.601916219428736076e+04,8.590000000000000568e+01
3.602045962106476509e+04,1.087999999999999972e+02
3.602175714131334826e+04,1.855000000000000000e+02
3.602305475504322385e+04,1.127000000000000028e+02
3.602435246226449090e+04,1.670000000000000000e+02
3.602565026298724842e+04,1.560999999999999943e+02
3.602694815722160274e+04,1.325000000000000000e+02
3.602824614497766015e+04,1.340000000000000000e+02
3.602954422626553423e+04,1.405999999999999943e+02
3.603084240109533857e+04,1.389000000000000057e+02
3.603214066947717947e+04,1.670999999999999943e+02
3.603343903142116324e+04,1.518000000000000114e+02
3.603473748693741072e+04,1.518000000000000114e+02
3.603603603603603551e+04,1.435999999999999943e+02
3.603733467872715846e+04,1.455000000000000000e+02
3.603863341502090043e+04,1.409000000000000057e+02
3.603993224492737500e+04,1.075999999999999943e+02
3.604123116845671757e+04,1.515999999999999943e+02
3.604253018561903446e+04,1.649000000000000057e+02
3.604382929642445379e+04,1.934000000000000057e+02
3.604512850088310370e+04,1.710999999999999943e+02
3.604642779900511960e+04,1.314000000000000057e+02
3.604772719080061506e+04,1.725000000000000000e+02
3.604902667627974006e+04,1.604000000000000057e+02
3.605032625545261544e+04,2.169000000000000057e+02
3.605162592832936934e+04,2.014000000000000057e+02
3.605292569492014445e+04,1.516999999999999886e+02
3.605422555523506890e+04,1.879000000000000057e+02
3.605552550928429264e+04,1.195999999999999943e+02
3.605682555707795836e+04,1.155999999999999943e+02
3.605812569862618693e+04,1.535000000000000000e+02
3.605942593393913558e+04,1.971999999999999886e+02
3.606072626302693971e+04,2.404000000000000057e+02
3.606202668589974928e+04,2.521999999999999886e+02
3.606332720256770699e+04,2.530000000000000000e+02
3.606462781304097007e+04,2.566000000000000227e+02
3.606592851732968120e+04,1.956999999999999886e+02
3.606722931544399034e+04,1.930000000000000000e+02
3.606853020739404747e+04,1.999000000000000057e+02
3.606983119319001707e+04,2.191999999999999886e+02
3.607113227284204186e+04,1.503000000000000114e+02
3.607243344636028633e+04,2.035000000000000000e+02
3.607373471375491499e+04,1.515999999999999943e+02
3.607503607503607782e+04,1.826999999999999886e+02
3.607633753021393204e+04,1.731999999999999886e+02
3.607763907929864945e+04,1.354000000000000057e+02
3.607894072230039455e+04,2.286999999999999886e+02
3.608024245922932460e+04,1.704000000000000057e+02
3.608154429009561863e+04,1.895000000000000000e+02
3.608284621490943391e+04,2.400000000000000000e+02
3.608414823368094221e+04,2.135999999999999943e+02
3.608545034642032260e+04,2.329000000000000057e+02
3.608675255313773960e+04,2.213000000000000114e+02
3.608805485384337226e+04,2.394000000000000057e+02
3.608935724854740693e+04,2.433000000000000114e+02
3.609065973726000084e+04,2.603000000000000114e+02
3.609196231999134034e+04,2.475000000000000000e+02
3.609326499675160449e+04,1.591999999999999886e+02
3.609456776755097962e+04,1.455000000000000000e+02
3.609587063239965210e+04,1.873000000000000114e+02
3.609717359130780096e+04,1.931999999999999886e+02
3.609847664428561256e+04,2.180999999999999943e+02
3.609977979134327325e+04,2.105000000000000000e+02
3.610108303249097662e+04,2.176999999999999886e+02
3.610238636773890903e+04,2.500000000000000000e+02
3.610368979709726409e+04,1.910999999999999943e+02
3.610499332057623542e+04,2.305000000000000000e+02
3.610629693818602391e+04,2.125999999999999943e+02
3.610760064993681590e+04,1.955999999999999943e+02
3.610890445583881228e+04,2.081999999999999886e+02
3.611020835590221395e+04,2.540999999999999943e+02
3.611151235013722180e+04,2.585000000000000000e+02
3.611281643855403672e+04,2.946999999999999886e+02
3.611412062116287416e+04,2.638999999999999773e+02
3.611542489797392773e+04,2.673000000000000114e+02
3.611672926899739832e+04,3.160000000000000000e+02
3.611803373424350866e+04,2.461999999999999886e+02
3.611933829372245964e+04,2.425999999999999943e+02
3.612064294744445942e+04,3.180000000000000000e+02
3.612194769541973801e+04,2.975000000000000000e+02
3.612325253765849629e+04,3.271999999999999886e+02
3.612455747417094244e+04,2.905000000000000000e+02
3.612586250496730645e+04,2.678999999999999773e+02
3.612716763005780376e+04,2.725000000000000000e+02
3.612847284945264983e+04,2.883000000000000114e+02
3.612977816316208191e+04,2.806999999999999886e+02
3.613108357119630091e+04,2.540999999999999943e+02
3.613238907356554409e+04,3.188000000000000114e+02
3.613369467028003419e+04,3.100000000000000000e+02
3.613500036135000119e+04,3.353999999999999773e+02
3.613630614678567508e+04,3.085000000000000000e+02
3.613761202659727860e+04,2.641999999999999886e+02
3.613891800079505629e+04,3.036999999999999886e+02
3.614022406938923086e+04,3.003000000000000114e+02
3.614153023239003960e+04,3.103999999999999773e+02
3.614283648980771977e+04,3.283999999999999773e+02
3.614414284165250865e+04,2.615000000000000000e+02
3.614544928793464351e+04,2.861999999999999886e+02
3.614675582866438344e+04,3.108000000000000114e+02
3.614806246385193663e+04,2.983999999999999773e+02
3.614936919350757671e+04,3.016000000000000227e+02
3.615067601764152641e+04,2.900000000000000000e+02
3.615198293626405211e+04,3.231000000000000227e+02
3.615328994938539108e+04,3.295000000000000000e+02
3.615459705701580242e+04,3.123000000000000114e+02
3.615590425916552340e+04,2.933999999999999773e+02
3.615721155584481312e+04,3.761000000000000227e+02
3.615851894706393068e+04,3.503000000000000114e+02
3.615982643283312063e+04,2.881999999999999886e+02
3.616113401316264935e+04,3.455000000000000000e+02
3.616244168806278321e+04,3.756999999999999886e+02
3.616374945754375949e+04,3.093999999999999773e+02
3.616505732161585911e+04,3.501000000000000227e+02
3.616636528028933390e+04,3.883999999999999773e+02
3.616767333357445023e+04,4.053000000000000114e+02
3.616898148148148175e+04,3.551000000000000227e+02
3.617028972402068757e+04,3.693000000000000114e+02
3.617159806120234862e+04,4.290000000000000000e+02
3.617290649303671671e+04,4.068000000000000114e+02
3.617421501953407278e+04,3.583000000000000114e+02
3.617552364070469775e+04,3.741000000000000227e+02
3.617683235655885801e+04,3.456999999999999886e+02
3.617814116710682720e+04,3.418000000000000114e+02
3.617945007235890080e+04,3.833000000000000114e+02
3.618075907232533791e+04,3.530000000000000000e+02
3.618206816701642674e+04,3.738000000000000114e+02
3.618337735644244822e+04,3.863000000000000114e+02
3.618468664061369054e+04,4.035000000000000000e+02
3.618599601954043465e+04,4.411000000000000227e+02
3.618730549323297600e+04,3.558000000000000114e+02
3.618861506170158827e+04,3.883000000000000114e+02
3.618992472495657421e+04,3.890000000000000000e+02
3.619123448300821474e+04,3.905000000000000000e+02
3.619254433586681262e+04,4.385000000000000000e+02
3.619385428354264877e+04,4.351000000000000227e+02
3.619516432604604051e+04,4.116000000000000227e+02
3.619647446338726877e+04,4.226000000000000227e+02
3.619778469557662902e+04,4.823999999999999773e+02
3.619909502262443129e+04,4.601999999999999886e+02
3.620040544454097835e+04,4.560000000000000000e+02
3.620171596133656567e+04,4.623999999999999773e+02
3.620302657302150328e+04,4.431999999999999886e+02
3.620433727960610122e+04,5.026000000000000227e+02
3.620564808110065496e+04,5.031999999999999886e+02
3.620695897751548182e+04,4.956000000000000227e+02
3.620826996886088455e+04,4.608000000000000114e+02
3.620958105514718773e+04,4.236999999999999886e+02
3.621089223638470139e+04,4.863000000000000114e+02
3.621220351258374285e+04,4.666000000000000227e+02
3.621351488375462213e+04,4.680000000000000000e+02
3.621482634990764927e+04,5.371000000000000227e+02
3.621613791105316341e+04,5.270000000000000000e+02
3.621744956720147457e+04,4.713000000000000114e+02
3.621876131836290733e+04,5.423999999999999773e+02
3.622007316454779357e+04,5.517000000000000455e+02
3.622138510576644330e+04,4.381000000000000227e+02
3.622269714202919567e+04,5.140000000000000000e+02
3.622400927334637527e+04,5.222999999999999545e+02
3.622532149972830666e+04,5.756000000000000227e+02
3.622663382118533627e+04,5.222000000000000455e+02
3.622794623772778868e+04,4.495000000000000000e+02
3.622925874936598848e+04,4.588999999999999773e+02
3.623057135611028934e+04,4.786999999999999886e+02
3.623188405797101586e+04,5.342000000000000455e+02
3.623319685495851445e+04,5.732999999999999545e+02
3.623450974708311696e+04,4.926000000000000227e+02
3.623582273435517709e+04,4.966000000000000227e+02
3.623713581678504124e+04,5.321000000000000227e+02
3.623844899438304128e+04,5.606000000000000227e+02
3.623976226715953089e+04,5.340000000000000000e+02
3.624107563512484921e+04,4.738999999999999773e+02
3.624238909828935721e+04,4.703999999999999773e+02
3.624370265666340129e+04,5.181000000000000227e+02
3.624501631025734241e+04,4.628999999999999773e+02
3.624633005908151972e+04,5.317999999999999545e+02
3.624764390314629418e+04,6.126000000000000227e+02
3.624895784246202675e+04,5.605000000000000000e+02
3.625027187703907839e+04,5.312000000000000455e+02
3.625158600688779552e+04,5.602999999999999545e+02
3.625290023201856820e+04,5.842000000000000455e+02
3.625421455244172103e+04,5.723999999999999773e+02
3.625552896816764405e+04,5.232999999999999545e+02
3.625684347920669825e+04,5.885000000000000000e+02
3.625815808556925185e+04,5.326000000000000227e+02
3.625947278726567311e+04,5.210000000000000000e+02
3.626078758430633752e+04,6.372000000000000455e+02
3.626210247670159879e+04,5.807000000000000455e+02
3.626341746446185425e+04,6.072999999999999545e+02
3.626473254759746487e+04,6.121000000000000227e+02
3.626604772611880617e+04,5.745000000000000000e+02
3.626736300003626820e+04,5.351000000000000227e+02
3.626867836936021922e+04,6.147000000000000455e+02
3.626999383410104929e+04,5.505000000000000000e+02
3.627130939426913392e+04,6.185000000000000000e+02
3.627262504987486318e+04,6.108999999999999773e+02
3.627394080092861259e+04,6.097000000000000455e+02
3.627525664744077949e+04,6.312000000000000455e+02
3.627657258942174667e+04,5.893999999999999773e+02
3.627788862688191875e+04,6.145000000000000000e+02
3.627920475983166398e+04,5.477999999999999545e+02
3.628052098828139424e+04,6.216000000000000227e+02
3.628183731224149233e+04,6.053999999999999773e+02
3.628315373172236286e+04,6.137999999999999545e+02
3.628447024673439591e+04,5.731000000000000227e+02
3.628578685728800338e+04,6.047000000000000455e+02
3.628710356339357531e+04,6.472999999999999545e+02
3.628842036506150907e+04,6.325000000000000000e+02
3.628973726230222383e+04,6.476000000000000227e+02
3.629105425512610964e+04,7.102000000000000455e+02
3.629237134354358568e+04,6.972999999999999545e+02
3.629368852756505657e+04,6.792999999999999545e+02
3.629500580720093421e+04,6.102000000000000455e+02
3.629632318246161594e+04,7.007000000000000455e+02
3.629764065335752821e+04,6.253999999999999773e+02
3.629895821989909018e+04,6.147999999999999545e+02
3.630027588209669921e+04,6.691000000000000227e+02
3.630159363996078901e+04,6.930000000000000000e+02
3.630291149350177875e+04,7.110000000000000000e+02
3.630422944273008034e+04,6.965000000000000000e+02
3.630554748765611293e+04,7.460000000000000000e+02
3.630686562829031027e+04,7.833999999999999773e+02
3.630818386464309151e+04,8.018999999999999773e+02
3.630950219672488311e+04,6.903999999999999773e+02
3.631082062454611878e+04,7.148999999999999773e+02
3.631213914811721770e+04,7.538999999999999773e+02
3.631345776744861359e+04,7.040000000000000000e+02
3.631477648255074746e+04,7.587000000000000455e+02
3.631609529343404574e+04,6.670000000000000000e+02
3.631741420010894944e+04,7.722000000000000455e+02
3.631873320258589956e+04,6.952000000000000455e+02
3.632005230087531527e+04,7.362000000000000455e+02
3.632137149498765211e+04,7.668999999999999773e+02
3.632269078493335110e+04,6.691000000000000227e+02
3.632401017072284594e+04,6.982000000000000455e+02
3.632532965236659220e+04,6.933999999999999773e+02
3.632664922987503815e+04,6.846000000000000227e+02
3.632796890325862478e+04,7.815000000000000000e+02
3.632928867252779310e+04,7.673999999999999773e+02
3.633060853769300593e+04,7.212999999999999545e+02
3.633192849876471155e+04,7.553999999999999773e+02
3.633324855575336551e+04,7.972000000000000455e+02
3.633456870866942336e+04,7.433999999999999773e+02
3.633588895752334793e+04,8.863999999999999773e+02
3.633720930232558021e+04,8.048999999999999773e+02
3.633852974308659759e+04,8.062999999999999545e+02
3.633985027981684834e+04,8.063999999999999773e+02
3.634117091252680257e+04,7.678999999999999773e+02
3.634249164122691582e+04,8.682999999999999545e+02
3.634381246592768002e+04,7.868999999999999773e+02
3.634513338663952891e+04,8.866000000000000227e+02
3.634645440337295440e+04,9.000000000000000000e+02
3.634777551613841206e+04,8.930000000000000000e+02
3.634909672494638653e+04,8.725000000000000000e+02
3.635041802980734064e+04,8.705000000000000000e+02
3.635173943073176633e+04,7.958999999999999773e+02
3.635306092773011915e+04,8.322999999999999545e+02
3.635438252081288374e+04,9.045000000000000000e+02
3.635570420999054477e+04,8.677000000000000455e+02
3.635702599527358689e+04,9.012999999999999545e+02
3.635834787667248020e+04,7.646000000000000227e+02
3.635966985419772391e+04,9.002000000000000455e+02
3.636099192785979540e+04,9.757999999999999545e+02
3.636231409766917932e+04,9.996000000000000227e+02
3.636363636363636033e+04,1.340900000000000091e+03
3.636495872577184491e+04,1.593400000000000091e+03
3.636628118408611044e+04,2.065800000000000182e+03
3.636760373858966341e+04,1.885099999999999909e+03
3.636892638929298846e+04,1.610900000000000091e+03
3.637024913620658481e+04,1.193599999999999909e+03
3.637157197934094438e+04,9.496000000000000227e+02
3.637289491870658094e+04,9.332999999999999545e+02
3.637421795431397913e+04,9.785000000000000000e+02
3.637554108617365273e+04,1.037200000000000045e+03
3.637686431429610820e+04,9.347000000000000455e+02
3.637818763869184477e+04,1.008000000000000000e+03
3.637951105937136163e+04,9.113999999999999773e+02
3.638083457634517981e+04,9.838999999999999773e+02
3.638215818962380581e+04,8.628999999999999773e+02
3.638348189921775338e+04,8.037000000000000455e+02
3.638480570513753628e+04,9.232000000000000455e+02
3.638612960739366099e+04,1.120599999999999909e+03
3.638745360599665582e+04,3.150099999999999909e+03
3.638877770095702726e+04,1.003100000000000000e+04
3.639010189228529634e+04,1.346479999999999927e+04
3.639142617999199138e+04,1.563920000000000073e+04
3.639275056408764067e+04,1.109729999999999927e+04
3.639407504458274343e+04,5.183199999999999818e+03
3.639539962148784252e+04,2.548699999999999818e+03
3.639672429481346626e+04,1.539900000000000091e+03
3.639804906457013567e+04,1.206799999999999955e+03
3.639937393076838634e+04,1.345200000000000045e+03
3.640069889341874659e+04,1.301400000000000091e+03
3.640202395253176655e+04,1.524400000000000091e+03
3.640334910811794543e+04,1.627099999999999909e+03
3.640467436018784792e+04,1.667200000000000045e+03
3.640599970875200233e+04,1.352200000000000045e+03
3.640732515382094425e+04,9.797000000000000455e+02
3.640865069540522381e+04,9.260000000000000000e+02
3.640997633351538389e+04,9.223999999999999773e+02
3.641130206816196005e+04,1.040000000000000000e+03
3.641262789935549517e+04,1.197099999999999909e+03
3.641395382710654667e+04,1.135900000000000091e+03
3.641527985142565740e+04,1.098500000000000000e+03
3.641660597232337750e+04,1.267000000000000000e+03
3.641793218981026439e+04,1.578900000000000091e+03
3.641925850389686093e+04,1.371799999999999955e+03
3.642058491459373181e+04,1.287000000000000000e+03
3.642191142191141989e+04,1.206299999999999955e+03
3.642323802586049715e+04,1.635700000000000045e+03
3.642456472645151371e+04,2.597800000000000182e+03
3.642589152369504882e+04,6.320399999999999636e+03
3.642721841760163079e+04,1.007300000000000000e+04
3.642854540818185342e+04,6.718500000000000000e+03
3.642987249544626684e+04,3.810699999999999818e+03
3.643119967940544302e+04,2.072699999999999818e+03
3.643252696006994665e+04,1.469799999999999955e+03
3.643385433745035698e+04,1.396500000000000000e+03
3.643518181155724596e+04,2.816599999999999909e+03
3.643650938240117102e+04,3.885599999999999909e+03
3.643783704999271140e+04,3.151900000000000091e+03
3.643916481434245361e+04,2.672800000000000182e+03
3.644049267546096962e+04,5.919100000000000364e+03
3.644182063335883868e+04,6.450100000000000364e+03
3.644314868804664729e+04,3.298000000000000000e+03
3.644447683953496744e+04,2.061599999999999909e+03
3.644580508783439291e+04,1.717599999999999909e+03
3.644713343295549566e+04,4.448800000000000182e+03
3.644846187490887678e+04,6.840600000000000364e+03
3.644979041370511550e+04,3.315599999999999909e+03
3.645111904935482016e+04,2.021400000000000091e+03
3.645244778186855547e+04,1.217700000000000045e+03
3.645377661125692975e+04,9.710000000000000000e+02
3.645510553753052955e+04,7.577000000000000455e+02
3.645643456069996319e+04,8.170000000000000000e+02
3.645776368077581719e+04,1.165500000000000000e+03
3.645909289776870719e+04,2.763400000000000091e+03
3.646042221168921242e+04,3.215500000000000000e+03
3.646175162254794850e+04,3.302300000000000182e+03
3.646308113035551651e+04,3.642800000000000182e+03
3.646441073512251751e+04,2.307599999999999909e+03
3.646574043685956713e+04,1.900599999999999909e+03
3.646707023557727371e+04,8.045300000000000182e+03
3.646840013128624560e+04,9.790500000000000000e+03
3.646973012399708387e+04,5.053800000000000182e+03
3.647106021372041141e+04,3.430800000000000182e+03
3.647239040046684386e+04,4.501000000000000000e+03
3.647372068424699683e+04,4.574800000000000182e+03
3.647505106507148594e+04,2.940800000000000182e+03
3.647638154295094137e+04,1.653500000000000000e+03
3.647771211789596418e+04,1.030700000000000045e+03
3.647904278991719184e+04,7.771000000000000227e+02
3.648037355902524723e+04,6.247999999999999545e+02
3.648170442523074598e+04,6.223999999999999773e+02
3.648303538854432554e+04,1.130500000000000000e+03
3.648436644897661608e+04,1.587299999999999955e+03
3.648569760653824051e+04,1.691000000000000000e+03
3.648702886123982898e+04,1.880900000000000091e+03
3.648836021309202624e+04,3.393300000000000182e+03
3.648969166210545518e+04,2.951599999999999909e+03
3.649102320829076052e+04,1.837799999999999955e+03
3.649235485165857972e+04,3.845699999999999818e+03
3.649368659221955022e+04,4.933199999999999818e+03
3.649501842998430948e+04,3.098800000000000182e+03
3.649635036496350222e+04,2.171900000000000091e+03
3.649768239716778044e+04,3.208500000000000000e+03
3.649901452660778159e+04,3.794000000000000000e+03
3.650034675329415040e+04,3.236599999999999909e+03
3.650167907723755343e+04,1.563299999999999955e+03
3.650301149844862084e+04,8.908999999999999773e+02
3.650434401693801919e+04,6.563999999999999773e+02
3.650567663271638594e+04,5.915000000000000000e+02
3.650700934579438763e+04,1.224299999999999955e+03
3.650834215618268354e+04,1.929400000000000091e+03
3.650967506389193295e+04,1.166200000000000045e+03
3.651100806893278786e+04,1.079900000000000091e+03
3.651234117131590756e+04,9.702000000000000455e+02
3.651367437105195859e+04,1.752500000000000000e+03
3.651500766815160750e+04,3.661699999999999818e+03
3.651634106262552086e+04,2.940199999999999818e+03
3.651767455448437249e+04,1.833299999999999955e+03
3.651900814373882167e+04,1.464599999999999909e+03
3.652034183039953496e+04,1.072500000000000000e+03
3.652167561447719345e+04,1.001600000000000023e+03
3.652300949598247098e+04,6.793999999999999773e+02
3.652434347492603411e+04,5.292999999999999545e+02
3.652567755131857848e+04,4.153999999999999773e+02
3.652701172517076338e+04,4.743999999999999773e+02
3.652834599649327720e+04,6.017000000000000455e+02
3.652968036529680103e+04,8.697000000000000455e+02
3.653101483159202326e+04,8.896000000000000227e+02
3.653234939538961771e+04,1.800599999999999909e+03
3.653368405670027278e+04,2.360099999999999909e+03
3.653501881553469138e+04,1.635900000000000091e+03
3.653635367190354737e+04,1.348799999999999955e+03
3.653768862581752910e+04,1.643299999999999955e+03
3.653902367728733952e+04,3.873800000000000182e+03
3.654035882632367429e+04,3.244599999999999909e+03
3.654169407293721451e+04,1.774400000000000091e+03
3.654302941713868495e+04,1.608500000000000000e+03
3.654436485893875215e+04,1.963799999999999955e+03
3.654570039834813360e+04,1.509400000000000091e+03
3.654703603537753224e+04,9.146000000000000227e+02
3.654837177003764373e+04,6.372000000000000455e+02
3.654970760233917827e+04,4.505000000000000000e+02
3.655104353229285334e+04,4.286999999999999886e+02
3.655237955990935006e+04,3.526999999999999886e+02
3.655371568519940047e+04,3.851000000000000227e+02
3.655505190817370749e+04,4.321999999999999886e+02
3.655638822884298861e+04,5.205000000000000000e+02
3.655772464721795404e+04,5.887000000000000455e+02
3.655906116330932855e+04,6.108999999999999773e+02
3.656039777712781506e+04,1.052799999999999955e+03
3.656173448868414562e+04,1.552200000000000045e+03
3.656307129798903043e+04,2.046099999999999909e+03
3.656440820505320153e+04,1.681799999999999955e+03
3.656574520988737640e+04,1.255700000000000045e+03
3.656708231250227982e+04,8.266000000000000227e+02
3.656841951290865836e+04,7.462000000000000455e+02
3.656975681111720769e+04,6.731000000000000227e+02
3.657109420713867439e+04,5.502000000000000455e+02
3.657243170098379778e+04,5.188999999999999773e+02
3.657376929266330262e+04,6.552000000000000455e+02
3.657510698218792095e+04,1.241200000000000045e+03
3.657644476956839935e+04,1.668099999999999909e+03
3.657778265481546987e+04,9.368999999999999773e+02
3.657912063793986454e+04,6.143999999999999773e+02
3.658045871895233722e+04,6.651000000000000227e+02
3.658179689786361996e+04,5.880000000000000000e+02
3.658313517468446662e+04,5.581000000000000227e+02
3.658447354942562379e+04,6.617999999999999545e+02
3.658581202209783078e+04,1.090900000000000091e+03
3.658715059271184145e+04,1.514099999999999909e+03
3.658848926127840241e+04,1.370299999999999955e+03
3.658982802780826751e+04,1.113900000000000091e+03
3.659116689231219061e+04,8.458999999999999773e+02
3.659250585480094014e+04,6.797000000000000455e+02
3.659384491528524813e+04,9.785000000000000000e+02
3.659518407377589028e+04,1.513599999999999909e+03
3.659652333028362045e+04,1.292799999999999955e+03
3.659786268481920706e+04,9.252000000000000455e+02
3.659920213739340397e+04,6.578999999999999773e+02
3.660054168801697961e+04,7.157999999999999545e+02
3.660188133670070965e+04,6.766000000000000227e+02
3.660322108345534798e+04,5.291000000000000227e+02
3.660456092829166300e+04,7.282000000000000455e+02
3.660590087122043769e+04,7.460000000000000000e+02
3.660724091225244047e+04,7.623999999999999773e+02
3.660858105139844702e+04,6.016000000000000227e+02
3.660992128866923304e+04,9.263999999999999773e+02
3.661126162407556694e+04,7.455000000000000000e+02
3.661260205762823898e+04,5.586000000000000227e+02
3.661394258933801757e+04,7.047000000000000455e+02
3.661528321921570023e+04,9.307000000000000455e+02
3.661662394727205537e+04,1.013100000000000023e+03
3.661796477351788781e+04,1.459900000000000091e+03
3.661930569796396594e+04,1.117400000000000091e+03
3.662064672062108730e+04,7.123999999999999773e+02
3.662198784150003485e+04,5.840000000000000000e+02
3.662332906061160611e+04,5.257000000000000455e+02
3.662467037796659861e+04,5.008000000000000114e+02
3.662601179357580259e+04,4.935000000000000000e+02
3.662735330745000829e+04,8.397000000000000455e+02
3.662869491960001324e+04,5.841000000000000227e+02
3.663003663003662950e+04,5.547000000000000455e+02
3.663137843877064734e+04,5.417999999999999545e+02
3.663272034581287880e+04,5.252000000000000455e+02
3.663406235117412143e+04,6.372000000000000455e+02
3.663540445486518729e+04,5.722000000000000455e+02
3.663674665689686663e+04,5.041000000000000227e+02
3.663808895727998606e+04,6.841000000000000227e+02
3.663943135602535040e+04,8.002000000000000455e+02
3.664077385314377898e+04,1.021600000000000023e+03
3.664211644864606933e+04,1.324700000000000045e+03
3.664345914254306263e+04,9.768999999999999773e+02
3.664480193484554184e+04,9.555000000000000000e+02
3.664614482556434814e+04,9.448999999999999773e+02
3.664748781471030088e+04,8.158999999999999773e+02
3.664883090229421214e+04,5.446000000000000227e+02
3.665017408832691581e+04,5.300000000000000000e+02
3.665151737281923852e+04,6.317000000000000455e+02
3.665286075578199234e+04,7.377999999999999545e+02
3.665420423722601117e+04,5.952999999999999545e+02
3.665554781716212892e+04,5.350000000000000000e+02
3.665689149560117221e+04,7.726000000000000227e+02
3.665823527255397494e+04,1.138799999999999955e+03
3.665957914803138556e+04,1.201599999999999909e+03
3.666092312204421614e+04,1.195400000000000091e+03
3.666226719460331515e+04,1.027900000000000091e+03
3.666361136571952375e+04,9.038999999999999773e+02
3.666495563540368312e+04,8.565000000000000000e+02
3.666630000366662716e+04,6.698999999999999773e+02
3.666764447051921161e+04,6.555000000000000000e+02
3.666898903597227763e+04,5.368999999999999773e+02
3.667033370003667369e+04,5.397000000000000455e+02
3.667167846272324095e+04,5.747000000000000455e+02
3.667302332404283516e+04,5.213999999999999773e+02
3.667436828400630475e+04,5.086000000000000227e+02
3.667571334262451273e+04,5.103000000000000114e+02
3.667705849990830757e+04,5.328999999999999773e+02
3.667840375586854498e+04,5.096999999999999886e+02
3.667974911051608797e+04,4.678999999999999773e+02
3.668109456386178499e+04,4.683999999999999773e+02
3.668244011591650633e+04,5.165000000000000000e+02
3.668378576669112226e+04,5.152999999999999545e+02
3.668513151619648852e+04,6.776000000000000227e+02
3.668647736444346810e+04,8.313999999999999773e+02
3.668782331144293130e+04,1.122599999999999909e+03
3.668916935720575566e+04,1.462099999999999909e+03
3.669051550174279691e+04,1.792700000000000045e+03
3.669186174506493990e+04,1.683000000000000000e+03
3.669320808718306944e+04,1.610900000000000091e+03
3.669455452810803399e+04,1.418700000000000045e+03
3.669590106785072567e+04,1.000100000000000023e+03
3.669724770642201474e+04,8.917999999999999545e+02
3.669859444383280061e+04,9.798999999999999773e+02
3.669994128009394626e+04,1.058299999999999955e+03
3.670128821521635109e+04,7.811000000000000227e+02
3.670263524921089265e+04,6.580000000000000000e+02
3.670398238208845578e+04,6.827999999999999545e+02
3.670532961385993258e+04,8.125000000000000000e+02
3.670667694453620788e+04,5.627999999999999545e+02
3.670802437412818108e+04,6.205000000000000000e+02
3.670937190264674427e+04,7.467000000000000455e+02
3.671071953010278958e+04,8.612999999999999545e+02
3.671206725650721637e+04,1.443799999999999955e+03
3.671341508187091677e+04,1.929200000000000045e+03
3.671476300620479742e+04,2.168099999999999909e+03
3.671611102951975045e+04,1.754400000000000091e+03
3.671745915182668978e+04,1.426700000000000045e+03
3.671880737313652207e+04,9.760000000000000000e+02
3.672015569346013945e+04,6.915000000000000000e+02
3.672150411280846311e+04,6.173999999999999773e+02
3.672285263119239244e+04,7.856000000000000227e+02
3.672420124862284138e+04,1.031599999999999909e+03
3.672554996511072386e+04,1.167099999999999909e+03
3.672689878066696110e+04,1.112900000000000091e+03
3.672824769530245976e+04,1.257799999999999955e+03
3.672959670902813377e+04,1.177299999999999955e+03
3.673094582185491163e+04,1.412200000000000045e+03
3.673229503379370726e+04,1.272299999999999955e+03
3.673364434485544916e+04,1.373000000000000000e+03
3.673499375505105854e+04,1.215400000000000091e+03
3.673634326439146389e+04,1.031900000000000091e+03
3.673769287288758642e+04,1.145900000000000091e+03
3.673904258055035461e+04,1.040299999999999955e+03
3.674039238739069697e+04,1.161099999999999909e+03
3.674174229341954924e+04,1.013700000000000045e+03
3.674309229864784720e+04,9.812999999999999545e+02
3.674444240308653389e+04,1.009500000000000000e+03
3.674579260674653051e+04,1.024299999999999955e+03
3.674714290963877284e+04,1.059000000000000000e+03
3.674849331177421845e+04,1.492000000000000000e+03
3.674984381316378858e+04,1.195500000000000000e+03
3.675119441381844808e+04,1.729099999999999909e+03
3.675254511374913272e+04,1.387500000000000000e+03
3.675389591296677827e+04,9.777000000000000455e+02
3.675524681148234231e+04,7.483999999999999773e+02
3.675659780930676789e+04,8.322999999999999545e+02
3.675794890645101987e+04,8.148999999999999773e+02
3.675930010292603401e+04,8.536000000000000227e+02
3.676065139874278975e+04,1.501000000000000000e+03
3.676200279391221557e+04,1.502500000000000000e+03
3.676335428844527632e+04,2.113199999999999818e+03
3.676470588235294417e+04,1.971299999999999955e+03
3.676605757564616215e+04,1.730500000000000000e+03
3.676740936833590240e+04,1.815599999999999909e+03
3.676876126043312979e+04,1.829500000000000000e+03
3.677011325194881647e+04,1.569599999999999909e+03
3.677146534289391275e+04,1.730000000000000000e+03
3.677281753327939805e+04,1.843099999999999909e+03
3.677416982311624452e+04,1.407000000000000000e+03
3.677552221241541702e+04,1.177500000000000000e+03
3.677687470118788769e+04,1.068099999999999909e+03
3.677822728944465052e+04,8.722000000000000455e+02
3.677957997719666309e+04,8.887999999999999545e+02
3.678093276445490483e+04,8.692999999999999545e+02
3.678228565123036969e+04,7.665000000000000000e+02
3.678363863753402256e+04,7.966000000000000227e+02
3.678499172337685741e+04,8.007999999999999545e+02
3.678634490876986820e+04,9.242999999999999545e+02
3.678769819372401980e+04,1.082799999999999955e+03
3.678905157825031347e+04,1.370799999999999955e+03
3.679040506235973589e+04,1.382700000000000045e+03
3.679175864606328105e+04,1.567400000000000091e+03
3.679311232937193563e+04,1.611099999999999909e+03
3.679446611229671544e+04,1.353000000000000000e+03
3.679581999484858534e+04,1.085400000000000091e+03
3.679717397703856113e+04,1.696799999999999955e+03
3.679852805887764407e+04,2.723900000000000091e+03
3.679988224037682812e+04,4.463000000000000000e+03
3.680123652154712181e+04,4.986300000000000182e+03
3.680259090239952639e+04,3.553400000000000091e+03
3.680394538294505764e+04,1.811200000000000045e+03
3.680529996319470229e+04,1.345299999999999955e+03
3.680665464315948338e+04,1.480900000000000091e+03
3.680800942285040946e+04,1.545500000000000000e+03
3.680936430227849633e+04,1.431900000000000091e+03
3.681071928145475977e+04,1.369099999999999909e+03
3.681207436039020831e+04,1.455599999999999909e+03
3.681342953909586504e+04,1.480500000000000000e+03
3.681478481758273847e+04,1.692299999999999955e+03
3.681614019586186623e+04,2.075199999999999818e+03
3.681749567394425685e+04,2.734699999999999818e+03
3.681885125184094068e+04,2.857800000000000182e+03
3.682020692956294806e+04,1.700299999999999955e+03
3.682156270712129481e+04,1.160200000000000045e+03
3.682291858452701126e+04,1.050400000000000091e+03
3.682427456179113506e+04,9.752999999999999545e+02
3.682563063892468926e+04,1.201599999999999909e+03
3.682698681593871879e+04,1.355900000000000091e+03
3.682834309284425399e+04,1.684299999999999955e+03
3.682969946965233248e+04,1.797799999999999955e+03
3.683105594637398463e+04,2.033500000000000000e+03
3.683241252302025532e+04,1.714400000000000091e+03
3.683376919960219675e+04,1.591299999999999955e+03
3.683512597613083926e+04,2.046599999999999909e+03
3.683648285261722776e+04,2.683699999999999818e+03
3.683783982907242898e+04,2.284199999999999818e+03
3.683919690550745872e+04,1.822099999999999909e+03
3.684055408193339099e+04,1.493000000000000000e+03
3.684191135836127069e+04,1.632599999999999909e+03
3.684326873480214999e+04,1.480000000000000000e+03
3.684462621126708109e+04,1.462799999999999955e+03
3.684598378776713798e+04,1.527900000000000091e+03
3.684734146431335103e+04,1.120500000000000000e+03
3.684869924091679422e+04,1.075000000000000000e+03
3.685005711758853431e+04,1.393599999999999909e+03
3.685141509433962347e+04,1.813900000000000091e+03
3.685277317118112842e+04,1.781200000000000045e+03
3.685413134812413045e+04,2.125099999999999909e+03
3.685548962517967448e+04,1.667099999999999909e+03
3.685684800235884177e+04,1.639000000000000000e+03
3.685820647967269906e+04,1.593500000000000000e+03
3.685956505713232764e+04,1.402400000000000091e+03
3.686092373474878696e+04,1.290099999999999909e+03
3.686228251253318012e+04,1.357400000000000091e+03
3.686364139049655932e+04,1.378700000000000045e+03
3.686500036865000584e+04,1.712299999999999955e+03
3.686635944700460823e+04,1.595200000000000045e+03
3.686771862557144777e+04,1.740700000000000045e+03
3.686907790436161304e+04,1.479200000000000045e+03
3.687043728338617802e+04,1.329900000000000091e+03
3.687179676265624585e+04,1.444000000000000000e+03
3.687315634218289051e+04,1.707000000000000000e+03
3.687451602197721513e+04,1.422799999999999955e+03
3.687587580205030099e+04,1.832200000000000045e+03
3.687723568241324392e+04,2.796400000000000091e+03
3.687859566307714704e+04,2.463599999999999909e+03
3.687995574405311345e+04,2.194599999999999909e+03
3.688131592535221716e+04,2.925400000000000091e+03
3.688267620698558312e+04,2.208599999999999909e+03
3.688403658896429260e+04,1.892400000000000091e+03
3.688539707129947055e+04,2.052699999999999818e+03
3.688675765400221280e+04,2.340800000000000182e+03
3.688811833708362974e+04,2.329699999999999818e+03
3.688947912055481720e+04,1.764500000000000000e+03
3.689084000442690012e+04,1.688500000000000000e+03
3.689220098871098890e+04,1.392700000000000045e+03
3.689356207341818663e+04,1.518900000000000091e+03
3.689492325855961826e+04,1.180099999999999909e+03
3.689628454414640873e+04,1.141299999999999955e+03
3.689764593018965388e+04,1.185900000000000091e+03
3.689900741670049320e+04,1.268000000000000000e+03
3.690036900369003706e+04,1.236599999999999909e+03
3.690173069116941770e+04,1.332000000000000000e+03
3.690309247914975276e+04,1.362099999999999909e+03
3.690445436764216720e+04,1.271000000000000000e+03
3.690581635665781505e+04,1.280799999999999955e+03
3.690717844620779215e+04,1.694500000000000000e+03
3.690854063630323799e+04,1.353500000000000000e+03
3.690990292695529934e+04,1.280599999999999909e+03
3.691126531817510840e+04,1.088500000000000000e+03
3.691262780997379014e+04,1.238500000000000000e+03
3.691399040236249857e+04,1.087500000000000000e+03
3.691535309535235865e+04,1.195599999999999909e+03
3.691671588895451714e+04,1.444299999999999955e+03
3.691807878318012081e+04,1.501799999999999955e+03
3.691944177804031642e+04,1.298000000000000000e+03
3.692080487354624347e+04,1.397700000000000045e+03
3.692216806970905600e+04,1.638000000000000000e+03
3.692353136653990077e+04,1.729799999999999955e+03
3.692489476404992456e+04,1.413900000000000091e+03
3.692625826225028868e+04,1.479799999999999955e+03
3.692762186115213990e+04,1.505400000000000091e+03
3.692898556076663954e+04,1.945500000000000000e+03
3.693034936110495619e+04,1.726099999999999909e+03
3.693171326217823662e+04,1.582599999999999909e+03
3.693307726399763487e+04,1.443099999999999909e+03
3.693444136657433410e+04,1.096299999999999955e+03
3.693580556991948106e+04,1.221099999999999909e+03
3.693716987404425163e+04,1.298000000000000000e+03
3.693853427895980712e+04,1.273000000000000000e+03
3.693989878467733070e+04,1.027599999999999909e+03
3.694126339120798366e+04,1.108500000000000000e+03
3.694262809856293461e+04,1.330299999999999955e+03
3.694399290675335942e+04,1.122099999999999909e+03
3.694535781579044124e+04,1.025200000000000045e+03
3.694672282568535593e+04,8.721000000000000227e+02
3.694808793644929392e+04,1.151200000000000045e+03
3.694945314809340925e+04,1.267400000000000091e+03
3.695081846062890691e+04,1.000899999999999977e+03
3.695218387406695547e+04,1.124900000000000091e+03
3.695354938841875264e+04,1.155099999999999909e+03
3.695491500369548885e+04,1.466599999999999909e+03
3.695628071990835451e+04,1.383500000000000000e+03
3.695764653706851823e+04,1.341000000000000000e+03
3.695901245518719952e+04,1.159299999999999955e+03
3.696037847427557426e+04,1.640200000000000045e+03
3.696174459434485470e+04,2.047200000000000045e+03
3.696311081540622399e+04,2.211199999999999818e+03
3.696447713747089438e+04,1.537000000000000000e+03
3.696584356055005628e+04,1.182400000000000091e+03
3.696721008465491468e+04,1.389099999999999909e+03
3.696857670979667455e+04,1.607099999999999909e+03
3.696994343598654086e+04,1.417400000000000091e+03
3.697131026323572587e+04,1.290700000000000045e+03
3.697267719155543455e+04,1.203599999999999909e+03
3.697404422095689370e+04,1.198200000000000045e+03
3.697541135145128646e+04,1.026099999999999909e+03
3.697677858304984693e+04,1.063599999999999909e+03
3.697814591576378007e+04,9.228999999999999773e+02
3.697951334960431996e+04,1.013600000000000023e+03
3.698088088458266429e+04,9.021000000000000227e+02
3.698224852071006171e+04,8.995000000000000000e+02
3.698361625799770991e+04,1.025700000000000045e+03
3.698498409645683569e+04,9.918999999999999773e+02
3.698635203609868040e+04,9.821000000000000227e+02
3.698772007693445630e+04,1.007399999999999977e+03
3.698908821897539747e+04,1.113200000000000045e+03
3.699045646223274525e+04,9.963999999999999773e+02
3.699182480671771918e+04,9.587000000000000455e+02
3.699319325244155334e+04,1.099000000000000000e+03
3.699456179941548908e+04,1.210799999999999955e+03
3.699593044765076047e+04,1.467799999999999955e+03
3.699729919715860160e+04,1.490200000000000045e+03
3.699866804795027565e+04,1.524500000000000000e+03
3.700003700003700214e+04,1.321000000000000000e+03
3.700140605343002971e+04,1.388000000000000000e+03
3.700277520814060699e+04,1.383099999999999909e+03
3.700414446417998988e+04,1.179500000000000000e+03
3.700551382155941246e+04,1.144900000000000091e+03
3.700688328029013064e+04,1.185200000000000045e+03
3.700825284038340760e+04,1.146200000000000045e+03
3.700962250185048470e+04,1.149000000000000000e+03
3.701099226470261783e+04,1.225700000000000045e+03
3.701236212895107019e+04,1.366200000000000045e+03
3.701373209460709768e+04,1.294299999999999955e+03
3.701510216168196348e+04,1.212099999999999909e+03
3.701647233018693805e+04,1.114500000000000000e+03
3.701784260013326275e+04,1.152400000000000091e+03
3.701921297153222258e+04,1.048599999999999909e+03
3.702058344439508073e+04,1.106799999999999955e+03
3.702195401873310766e+04,1.452500000000000000e+03
3.702332469455756654e+04,2.623500000000000000e+03
3.702469547187974968e+04,4.939100000000000364e+03
3.702606635071090568e+04,5.980100000000000364e+03
3.702743733106231957e+04,6.147800000000000182e+03
3.702880841294526908e+04,3.970800000000000182e+03
3.703017959637103922e+04,2.552800000000000182e+03
3.703155088135090773e+04,2.073400000000000091e+03
3.703292226789616689e+04,1.809799999999999955e+03
3.703429375601807260e+04,1.714900000000000091e+03
3.703566534572793898e+04,1.379000000000000000e+03
3.703703703703703650e+04,1.326299999999999955e+03
3.703840882995666470e+04,1.620799999999999955e+03
3.703978072449810861e+04,1.355299999999999955e+03
3.704115272067266051e+04,1.184000000000000000e+03
3.704252481849163451e+04,1.176900000000000091e+03
3.704389701796629379e+04,1.289000000000000000e+03
3.704526931910795247e+04,1.077599999999999909e+03
3.704664172192790284e+04,1.112299999999999955e+03
3.704801422643745900e+04,9.460000000000000000e+02
3.704938683264791325e+04,1.040299999999999955e+03
3.705075954057058698e+04,1.238000000000000000e+03
3.705213235021675791e+04,1.478599999999999909e+03
3.705350526159774745e+04,1.400099999999999909e+03
3.705487827472486970e+04,1.331200000000000045e+03
3.705625138960942422e+04,1.279299999999999955e+03
3.705762460626273241e+04,1.173900000000000091e+03
3.705899792469612294e+04,1.276000000000000000e+03
3.706037134492088080e+04,1.716099999999999909e+03
3.706174486694833467e+04,2.571300000000000182e+03
3.706311849078981322e+04,3.446300000000000182e+03
3.706449221645663056e+04,2.588199999999999818e+03
3.706586604396011535e+04,2.504400000000000091e+03
3.706723997331158898e+04,2.044699999999999818e+03
3.706861400452237285e+04,2.249800000000000182e+03
3.706998813760379562e+04,2.032699999999999818e+03
3.707136237256719323e+04,2.456699999999999818e+03
3.707273670942388708e+04,2.621599999999999909e+03
3.707411114818522037e+04,5.248300000000000182e+03
3.707548568886252178e+04,6.804899999999999636e+03
3.707686033146713453e+04,8.807200000000000728e+03
3.707823507601038000e+04,9.320899999999999636e+03
3.707960992250361596e+04,4.489899999999999636e+03
3.708098487095817109e+04,2.592300000000000182e+03
3.708235992138539586e+04,2.221699999999999818e+03
3.708373507379662624e+04,2.449000000000000000e+03
3.708511032820322725e+04,2.804099999999999909e+03
3.708648568461652758e+04,3.097300000000000182e+03
3.708786114304787770e+04,3.701000000000000000e+03
3.708923670350864268e+04,3.895199999999999818e+03
3.709061236601015844e+04,3.117300000000000182e+03
3.709198813056379731e+04,2.035000000000000000e+03
3.709336399718090979e+04,1.682099999999999909e+03
3.709473996587283909e+04,1.584599999999999909e+03
3.709611603665096482e+04,2.068699999999999818e+03
3.709749220952663745e+04,2.820300000000000182e+03
3.709886848451122205e+04,3.015599999999999909e+03
3.710024486161608365e+04,2.819199999999999818e+03
3.710162134085260186e+04,2.099099999999999909e+03
3.710299792223211989e+04,2.536400000000000091e+03
3.710437460576602462e+04,2.697099999999999909e+03
3.710575139146567381e+04,2.224599999999999909e+03
3.710712827934246161e+04,1.916800000000000182e+03
3.710850526940774580e+04,2.145599999999999909e+03
3.710988236167291325e+04,2.669000000000000000e+03
3.711125955614933628e+04,3.123099999999999909e+03
3.711263685284839448e+04,4.452000000000000000e+03
3.711401425178147474e+04,3.185400000000000091e+03
3.711539175295994937e+04,2.338300000000000182e+03
3.711676935639521980e+04,1.818500000000000000e+03
3.711814706209865835e+04,1.677400000000000091e+03
3.711952487008166645e+04,1.743200000000000045e+03
3.712090278035562369e+04,2.040099999999999909e+03
3.712228079293191695e+04,2.815199999999999818e+03
3.712365890782195493e+04,3.170400000000000091e+03
3.712503712503712450e+04,3.026000000000000000e+03
3.712641544458881981e+04,3.012400000000000091e+03
3.712779386648845684e+04,2.721000000000000000e+03
3.712917239074741519e+04,2.018400000000000091e+03
3.713055101737709629e+04,2.035800000000000182e+03
3.713192974638891610e+04,2.383500000000000000e+03
3.713330857779428334e+04,3.318199999999999818e+03
3.713468751160458487e+04,2.894500000000000000e+03
3.713606654783125850e+04,2.203400000000000091e+03
3.713744568648568384e+04,2.106699999999999818e+03
3.713882492757929140e+04,1.743700000000000045e+03
3.714020427112348989e+04,1.420200000000000045e+03
3.714158371712969529e+04,1.331000000000000000e+03
3.714296326560933085e+04,1.590900000000000091e+03
3.714434291657380527e+04,2.090300000000000182e+03
3.714572267003454908e+04,2.033800000000000182e+03
3.714710252600297099e+04,1.886699999999999818e+03
3.714848248449050880e+04,1.955000000000000000e+03
3.714986254550857848e+04,2.391000000000000000e+03
3.715124270906861784e+04,2.532800000000000182e+03
3.715262297518204286e+04,2.789400000000000091e+03
3.715400334386030590e+04,2.019099999999999909e+03
3.715538381511480839e+04,1.746500000000000000e+03
3.715676438895700994e+04,1.626400000000000091e+03
3.715814506539833383e+04,2.183300000000000182e+03
3.715952584445022512e+04,2.253400000000000091e+03
3.716090672612411436e+04,2.189699999999999818e+03
3.716228771043146116e+04,1.844300000000000182e+03
3.716366879738368152e+04,1.762300000000000182e+03
3.716504998699223506e+04,1.563400000000000091e+03
3.716643127926856687e+04,1.243200000000000045e+03
3.716781267422412202e+04,1.306900000000000091e+03
3.716919417187035287e+04,1.800199999999999818e+03
3.717057577221871907e+04,1.771099999999999909e+03
3.717195747528065112e+04,2.023800000000000182e+03
3.717333928106761596e+04,1.952800000000000182e+03
3.717472118959108047e+04,1.913599999999999909e+03
3.717610320086248248e+04,1.493799999999999955e+03
3.717748531489329616e+04,1.933800000000000182e+03
3.717886753169498115e+04,1.664299999999999955e+03
3.718024985127900436e+04,1.604400000000000091e+03
3.718163227365681814e+04,1.446700000000000045e+03
3.718301479883988941e+04,1.766300000000000182e+03
3.718439742683969962e+04,2.462400000000000091e+03
3.718578015766770841e+04,3.339599999999999909e+03
3.718716299133538996e+04,4.154500000000000000e+03
3.718854592785422574e+04,3.823699999999999818e+03
3.718992896723567537e+04,2.262000000000000000e+03
3.719131210949122033e+04,1.420799999999999955e+03
3.719269535463234934e+04,1.221099999999999909e+03
3.719407870267053659e+04,1.219099999999999909e+03
3.719546215361725626e+04,1.254799999999999955e+03
3.719684570748401165e+04,1.296400000000000091e+03
3.719822936428226240e+04,1.306299999999999955e+03
3.719961312402351177e+04,1.576799999999999955e+03
3.720099698671924125e+04,1.477299999999999955e+03
3.720238095238095411e+04,1.356599999999999909e+03
3.720376502102012455e+04,1.084900000000000091e+03
3.720514919264826312e+04,1.068400000000000091e+03
3.720653346727685857e+04,1.025099999999999909e+03
3.720791784491739963e+04,9.959000000000000909e+02
3.720930232558139687e+04,1.043200000000000045e+03
3.721068690928034630e+04,9.037999999999999545e+02
3.721207159602575121e+04,7.862000000000000455e+02
3.721345638582911488e+04,6.957999999999999545e+02
3.721484127870194789e+04,8.725999999999999091e+02
3.721622627465575351e+04,7.054000000000000909e+02
3.721761137370203505e+04,8.825999999999999091e+02
3.721899657585231762e+04,8.957000000000000455e+02
3.722038188111809723e+04,1.250299999999999955e+03
3.722176728951089899e+04,1.497299999999999955e+03
3.722315280104224803e+04,2.395199999999999818e+03
3.722453841572364763e+04,1.838300000000000182e+03
3.722592413356661564e+04,1.866500000000000000e+03
3.722730995458268444e+04,2.087000000000000000e+03
3.722869587878336461e+04,2.190000000000000000e+03
3.723008190618018853e+04,1.883599999999999909e+03
3.723146803678469587e+04,1.769900000000000091e+03
3.723285427060838992e+04,1.861199999999999818e+03
3.723424060766281036e+04,1.571599999999999909e+03
3.723562704795948957e+04,1.494099999999999909e+03
3.723701359150995995e+04,1.453200000000000045e+03
3.723840023832576117e+04,1.357299999999999955e+03
3.723978698841843288e+04,1.398500000000000000e+03
3.724117384179949295e+04,1.101000000000000000e+03
3.724256079848050285e+04,9.285999999999999091e+02
3.724394785847299499e+04,9.595000000000000000e+02
3.724533502178851631e+04,1.048900000000000091e+03
3.724672228843861376e+04,9.330999999999999091e+02
3.724810965843483427e+04,1.017400000000000091e+03
3.724949713178872480e+04,8.865999999999999091e+02
3.725088470851183229e+04,1.158599999999999909e+03
3.725227238861570368e+04,1.914599999999999909e+03
3.725366017211190774e+04,3.609500000000000000e+03
3.725504805901199143e+04,5.963600000000000364e+03
3.725643604932751623e+04,7.824000000000000000e+03
3.725782414307005092e+04,7.277899999999999636e+03
3.725921234025112790e+04,4.310399999999999636e+03
3.726060064088233048e+04,2.688400000000000091e+03
3.726198904497522017e+04,1.679300000000000182e+03
3.726337755254135845e+04,2.201300000000000182e+03
3.726476616359232139e+04,2.047400000000000091e+03
3.726615487813967775e+04,1.783400000000000091e+03
3.726754369619498902e+04,1.327000000000000000e+03
3.726893261776983127e+04,1.414700000000000045e+03
3.727032164287578053e+04,1.323500000000000000e+03
3.727171077152441285e+04,1.286400000000000091e+03
3.727310000372730428e+04,1.323400000000000091e+03
3.727448933949605271e+04,1.764500000000000000e+03
3.727587877884221234e+04,2.045900000000000091e+03
3.727726832177738106e+04,3.087400000000000091e+03
3.727865796831314219e+04,3.656300000000000182e+03
3.728004771846107906e+04,2.381800000000000182e+03
3.728143757223278226e+04,1.620700000000000045e+03
3.728282752963984240e+04,1.391500000000000000e+03
3.728421759069386462e+04,1.413700000000000045e+03
3.728560775540641771e+04,1.628200000000000045e+03
3.728699802378910681e+04,1.297700000000000045e+03
3.728838839585352980e+04,1.502099999999999909e+03
3.728977887161129183e+04,1.977800000000000182e+03
3.729116945107398351e+04,3.000699999999999818e+03
3.729256013425321726e+04,4.067699999999999818e+03
3.729395092116059095e+04,3.820000000000000000e+03
3.729534181180770247e+04,2.823000000000000000e+03
3.729673280620617879e+04,1.974900000000000091e+03
3.729812390436761052e+04,1.565900000000000091e+03
3.729951510630361736e+04,1.388599999999999909e+03
3.730090641202581901e+04,1.798099999999999909e+03
3.730229782154580607e+04,1.858300000000000182e+03
3.730368933487522008e+04,2.025900000000000091e+03
3.730508095202566619e+04,2.349199999999999818e+03
3.730647267300876410e+04,2.888800000000000182e+03
3.730786449783614080e+04,2.262500000000000000e+03
3.730925642651942326e+04,1.871099999999999909e+03
3.731064845907022391e+04,1.811800000000000182e+03
3.731204059550016973e+04,2.523199999999999818e+03
3.731343283582089498e+04,2.849400000000000091e+03
3.731482518004402664e+04,2.629900000000000091e+03
3.731621762818120624e+04,1.931400000000000091e+03
3.731761018024405348e+04,1.370000000000000000e+03
3.731900283624421718e+04,1.068599999999999909e+03
3.732039559619332431e+04,1.003799999999999955e+03
3.732178846010300913e+04,1.452200000000000045e+03
3.732318142798492045e+04,1.955300000000000182e+03
3.732457449985069979e+04,2.829900000000000091e+03
3.732596767571198870e+04,2.640599999999999909e+03
3.732736095558044326e+04,2.864800000000000182e+03
3.732875433946769044e+04,2.141699999999999818e+03
3.733014782738539361e+04,2.026300000000000182e+03
3.733154141934520158e+04,1.649800000000000182e+03
3.733293511535877042e+04,2.748000000000000000e+03
3.733432891543774167e+04,2.852800000000000182e+03
3.733572281959379325e+04,2.667400000000000091e+03
3.733711682783855940e+04,1.994500000000000000e+03
3.733851094018370350e+04,1.844000000000000000e+03
3.733990515664090344e+04,1.515900000000000091e+03
3.734129947722180805e+04,1.181799999999999955e+03
3.734269390193808067e+04,1.049599999999999909e+03
3.734408843080140650e+04,9.807000000000000455e+02
3.734548306382343435e+04,1.261500000000000000e+03
3.734687780101583485e+04,1.226200000000000045e+03
3.734827264239028591e+04,1.786400000000000091e+03
3.734966758795846545e+04,1.749099999999999909e+03
3.735106263773204410e+04,1.561900000000000091e+03
3.735245779172269249e+04,1.370900000000000091e+03
3.735385304994210310e+04,1.822900000000000091e+03
3.735524841240194655e+04,1.866599999999999909e+03
3.735664387911390077e+04,1.838900000000000091e+03
3.735803945008965820e+04,2.119500000000000000e+03
3.735943512534090405e+04,2.319699999999999818e+03
3.736083090487932350e+04,2.056599999999999909e+03
3.736222678871660901e+04,1.807599999999999909e+03
3.736362277686444577e+04,1.570500000000000000e+03
3.736501886933452624e+04,1.334099999999999909e+03
3.736641506613855745e+04,1.222599999999999909e+03
3.736781136728821730e+04,1.084799999999999955e+03
3.736920777279521280e+04,1.070200000000000045e+03
3.737060428267125099e+04,1.076000000000000000e+03
3.737200089692802430e+04,1.334599999999999909e+03
3.737339761557723250e+04,1.290099999999999909e+03
3.737479443863058987e+04,1.402500000000000000e+03
3.737619136609979614e+04,1.714400000000000091e+03
3.737758839799655834e+04,1.572900000000000091e+03
3.737898553433260531e+04,1.334400000000000091e+03
3.738038277511962224e+04,1.623400000000000091e+03
3.738178012036933069e+04,1.751599999999999909e+03
3.738317757009345951e+04,1.101799999999999955e+03
3.738457512430370844e+04,1.217900000000000091e+03
3.738597278301181359e+04,1.103900000000000091e+03
3.738737054622948199e+04,9.352000000000000455e+02
3.738876841396844975e+04,8.458999999999999773e+02
3.739016638624042389e+04,7.088999999999999773e+02
3.739156446305713325e+04,7.630000000000000000e+02
3.739296264443031396e+04,7.505000000000000000e+02
3.739436093037169485e+04,7.903999999999999773e+02
3.739575932089300477e+04,7.777000000000000455e+02
3.739715781600598712e+04,9.562000000000000455e+02
3.739855641572235618e+04,1.000700000000000045e+03
3.739995512005385535e+04,9.920000000000000000e+02
3.740135392901222804e+04,1.157799999999999955e+03
3.740275284260921762e+04,1.196799999999999955e+03
3.740415186085655296e+04,1.095400000000000091e+03
3.740555098376599199e+04,1.064299999999999955e+03
3.740695021134927083e+04,1.102200000000000045e+03
3.740834954361814016e+04,1.153400000000000091e+03
3.740974898058434337e+04,1.355099999999999909e+03
3.741114852225963114e+04,1.116099999999999909e+03
3.741254816865576140e+04,9.756000000000000227e+02
3.741394791978449939e+04,1.025400000000000091e+03
3.741534777565757395e+04,1.005799999999999955e+03
3.741674773628676485e+04,9.037999999999999545e+02
3.741814780168381549e+04,9.046000000000000227e+02
3.741954797186049836e+04,1.018200000000000045e+03
3.742094824682857143e+04,9.720000000000000000e+02
3.742234862659979990e+04,9.105000000000000000e+02
3.742374911118596356e+04,1.004500000000000000e+03
3.742514970059880579e+04,1.065700000000000045e+03
3.742655039485010639e+04,1.168400000000000091e+03
3.742795119395164511e+04,1.158200000000000045e+03
3.742935209791517991e+04,1.116700000000000045e+03
3.743075310675250512e+04,1.202299999999999955e+03
3.743215422047539323e+04,1.258599999999999909e+03
3.743355543909560947e+04,1.379900000000000091e+03
3.743495676262494089e+04,1.586000000000000000e+03
3.743635819107517455e+04,1.714200000000000045e+03
3.743775972445808293e+04,1.829400000000000091e+03
3.743916136278546765e+04,1.984500000000000000e+03
3.744056310606911575e+04,2.190500000000000000e+03
3.744196495432080701e+04,2.065800000000000182e+03
3.744336690755232848e+04,1.705500000000000000e+03
3.744476896577548177e+04,1.409200000000000045e+03
3.744617112900206121e+04,1.342000000000000000e+03
3.744757339724385383e+04,1.388700000000000045e+03
3.744897577051268308e+04,1.463000000000000000e+03
3.745037824882031418e+04,1.423900000000000091e+03
3.745178083217857056e+04,1.687799999999999955e+03
3.745318352059925382e+04,2.189599999999999909e+03
3.745458631409415830e+04,2.122400000000000091e+03
3.745598921267510741e+04,2.450800000000000182e+03
3.745739221635389549e+04,2.821599999999999909e+03
3.745879532514234597e+04,4.104899999999999636e+03
3.746019853905226046e+04,5.357800000000000182e+03
3.746160185809545510e+04,4.923699999999999818e+03
3.746300528228374606e+04,3.250699999999999818e+03
3.746440881162894948e+04,2.321000000000000000e+03
3.746581244614288880e+04,2.136500000000000000e+03
3.746721618583739473e+04,2.028299999999999955e+03
3.746862003072426887e+04,1.662000000000000000e+03
3.747002398081534920e+04,1.736200000000000045e+03
3.747142803612245916e+04,2.089800000000000182e+03
3.747283219665742217e+04,2.501599999999999909e+03
3.747423646243207622e+04,2.970199999999999818e+03
3.747564083345825202e+04,3.433199999999999818e+03
3.747704530974778027e+04,4.615600000000000364e+03
3.747844989131249895e+04,5.051500000000000000e+03
3.747985457816423877e+04,4.477899999999999636e+03
3.748125937031483772e+04,2.787800000000000182e+03
3.748266426777614834e+04,2.327599999999999909e+03
3.748406927056001587e+04,2.031099999999999909e+03
3.748547437867826375e+04,2.552300000000000182e+03
3.748687959214275179e+04,2.723300000000000182e+03
3.748828491096532525e+04,2.944599999999999909e+03
3.748969033515782940e+04,2.934500000000000000e+03
3.749109586473212403e+04,2.760699999999999818e+03
3.749250149970005441e+04,2.559599999999999909e+03
3.749390724007348763e+04,2.764699999999999818e+03
3.749531308586426894e+04,3.424199999999999818e+03
3.749671903708425816e+04,3.180900000000000091e+03
3.749812509374531510e+04,3.056500000000000000e+03
3.749953125585929956e+04,2.200500000000000000e+03
3.750093752343808592e+04,2.122800000000000182e+03
3.750234389649353398e+04,1.743900000000000091e+03
3.750375037503750355e+04,2.201300000000000182e+03
3.750515695908187627e+04,2.233900000000000091e+03
3.750656364863851195e+04,2.685599999999999909e+03
3.750797044371928496e+04,2.384099999999999909e+03
3.750937734433608421e+04,2.613300000000000182e+03
3.751078435050076951e+04,2.445199999999999818e+03
3.751219146222522249e+04,3.157900000000000091e+03
3.751359867952132481e+04,3.945199999999999818e+03
3.751500600240095810e+04,3.418400000000000091e+03
3.751641343087600399e+04,3.239099999999999909e+03
3.751782096495835140e+04,2.787300000000000182e+03
3.751922860465988924e+04,2.548800000000000182e+03
3.752063634999249916e+04,2.122300000000000182e+03
3.752204420096807007e+04,2.258400000000000091e+03
3.752345215759849816e+04,2.489800000000000182e+03
3.752486021989567962e+04,2.654599999999999909e+03
3.752626838787151064e+04,2.423500000000000000e+03
3.752767666153788014e+04,2.566599999999999909e+03
3.752908504090670613e+04,2.551000000000000000e+03
3.753049352598987025e+04,2.420199999999999818e+03
3.753190211679928325e+04,2.420699999999999818e+03
3.753331081334684131e+04,2.490400000000000091e+03
3.753471961564446974e+04,2.842400000000000091e+03
3.753612852370406472e+04,3.156800000000000182e+03
3.753753753753754427e+04,2.906199999999999818e+03
3.753894665715680458e+04,2.541199999999999818e+03
3.754035588257377094e+04,2.305300000000000182e+03
3.754176521380035410e+04,2.427900000000000091e+03
3.754317465084847208e+04,2.195800000000000182e+03
3.754458419373005017e+04,2.324800000000000182e+03
3.754599384245701367e+04,2.275199999999999818e+03
3.754740359704126604e+04,2.358599999999999909e+03
3.754881345749474713e+04,2.100699999999999818e+03
3.755022342382937495e+04,2.473099999999999909e+03
3.755163349605707481e+04,2.115099999999999909e+03
3.755304367418979382e+04,2.758900000000000091e+03
3.755445395823945000e+04,3.047199999999999818e+03
3.755586434821797593e+04,3.137800000000000182e+03
3.755727484413731145e+04,3.404400000000000091e+03
3.755868544600938912e+04,4.138000000000000000e+03
3.756009615384615608e+04,4.658899999999999636e+03
3.756150696765953762e+04,3.311599999999999909e+03
3.756291788746149541e+04,2.795199999999999818e+03
3.756432891326396930e+04,2.520500000000000000e+03
3.756574004507889185e+04,2.609300000000000182e+03
3.756715128291821748e+04,2.216000000000000000e+03
3.756856262679390056e+04,2.495500000000000000e+03
3.756997407671788824e+04,2.183099999999999909e+03
3.757138563270212762e+04,2.546800000000000182e+03
3.757279729475859494e+04,2.229599999999999909e+03
3.757420906289923005e+04,2.228000000000000000e+03
3.757562093713598733e+04,2.178900000000000091e+03
3.757703291748083575e+04,2.270199999999999818e+03
3.757844500394573697e+04,2.301599999999999909e+03
3.757985719654265267e+04,2.382400000000000091e+03
3.758126949528355181e+04,2.554900000000000091e+03
3.758268190018039604e+04,2.875300000000000182e+03
3.758409441124516161e+04,3.031800000000000182e+03
3.758550702848981746e+04,2.758400000000000091e+03
3.758691975192632526e+04,2.335900000000000091e+03
3.758833258156667580e+04,2.126699999999999818e+03
3.758974551742285257e+04,1.960400000000000091e+03
3.759115855950680998e+04,1.900099999999999909e+03
3.759257170783053152e+04,2.021700000000000045e+03
3.759398496240601526e+04,2.732599999999999909e+03
3.759539832324523013e+04,3.383400000000000091e+03
3.759681179036017420e+04,3.287500000000000000e+03
3.759822536376282369e+04,2.977900000000000091e+03
3.759963904346518393e+04,2.724099999999999909e+03
3.760105282947922387e+04,2.625199999999999818e+03
3.760246672181694885e+04,2.666199999999999818e+03
3.760388072049035691e+04,2.531000000000000000e+03
3.760529482551143155e+04,2.320400000000000091e+03
3.760670903689217812e+04,2.368500000000000000e+03
3.760812335464460921e+04,2.237199999999999818e+03
3.760953777878070105e+04,2.588900000000000091e+03
3.761095230931247352e+04,2.104000000000000000e+03
3.761236694625192467e+04,2.390300000000000182e+03
3.761378168961107440e+04,2.267699999999999818e+03
3.761519653940191347e+04,2.614199999999999818e+03
3.761661149563647632e+04,3.049400000000000091e+03
3.761802655832675373e+04,4.245300000000000182e+03
3.761944172748476558e+04,5.527100000000000364e+03
3.762085700312253175e+04,9.012799999999999272e+03
3.762227238525206485e+04,1.138829999999999927e+04
3.762368787388539204e+04,1.153989999999999964e+04
3.762510346903454047e+04,1.099900000000000000e+04
3.762651917071152275e+04,9.033000000000000000e+03
3.762793497892835876e+04,7.737699999999999818e+03
3.762935089369708294e+04,6.123000000000000000e+03
3.763076691502972972e+04,4.688000000000000000e+03
3.763218304293831898e+04,3.952300000000000182e+03
3.763359927743489243e+04,3.373300000000000182e+03
3.763501561853148451e+04,3.431699999999999818e+03
3.763643206624012237e+04,2.863099999999999909e+03
3.763784862057284772e+04,2.537800000000000182e+03
3.763926528154170228e+04,2.264000000000000000e+03
3.764068204915872775e+04,2.508300000000000182e+03
3.764209892343596584e+04,2.367900000000000091e+03
3.764351590438547282e+04,2.253699999999999818e+03
3.764493299201927584e+04,2.086099999999999909e+03
3.764635018634943117e+04,2.162699999999999818e+03
3.764776748738799506e+04,2.437099999999999909e+03
3.764918489514701650e+04,2.182400000000000091e+03
3.765060240963855176e+04,2.218099999999999909e+03
3.765202003087465710e+04,2.137000000000000000e+03
3.765343775886738877e+04,2.526900000000000091e+03
3.765485559362880304e+04,2.637400000000000091e+03
3.765627353517095617e+04,4.199300000000000182e+03
3.765769158350592625e+04,5.260899999999999636e+03
3.765910973864577682e+04,5.521199999999999818e+03
3.766052800060257141e+04,4.946300000000000182e+03
3.766194636938837357e+04,4.600699999999999818e+03
3.766336484501525410e+04,3.883400000000000091e+03
3.766478342749529111e+04,3.662000000000000000e+03
3.766620211684055539e+04,3.720699999999999818e+03
3.766762091306312504e+04,3.579599999999999909e+03
3.766903981617508543e+04,3.295800000000000182e+03
3.767045882618850737e+04,3.286099999999999909e+03
3.767187794311546895e+04,3.404099999999999909e+03
3.767329716696805554e+04,3.918300000000000182e+03
3.767471649775835249e+04,3.338199999999999818e+03
3.767613593549845245e+04,3.550800000000000182e+03
3.767755548020044080e+04,3.363199999999999818e+03
3.767897513187641744e+04,3.960699999999999818e+03
3.768039489053845318e+04,3.180099999999999909e+03
3.768181475619866251e+04,2.962300000000000182e+03
3.768323472886912350e+04,2.505400000000000091e+03
3.768465480856195063e+04,2.518699999999999818e+03
3.768607499528923654e+04,2.210800000000000182e+03
3.768749528906309570e+04,1.980500000000000000e+03
3.768891568989560619e+04,1.794599999999999909e+03
3.769033619779888249e+04,1.979700000000000045e+03
3.769175681278504635e+04,2.227900000000000091e+03
3.769317753486619040e+04,2.460199999999999818e+03
3.769459836405442911e+04,2.449300000000000182e+03
3.769601930036188423e+04,2.765500000000000000e+03
3.769744034380065568e+04,3.264400000000000091e+03
3.769886149438287248e+04,4.320199999999999818e+03
3.770028275212064182e+04,3.548800000000000182e+03
3.770170411702608544e+04,3.024300000000000182e+03
3.770312558911133237e+04,2.948199999999999818e+03
3.770454716838850436e+04,3.280300000000000182e+03
3.770596885486973042e+04,2.914199999999999818e+03
3.770739064856711775e+04,2.631599999999999909e+03
3.770881254949281720e+04,2.116300000000000182e+03
3.771023455765895051e+04,2.120699999999999818e+03
3.771165667307764670e+04,2.162599999999999909e+03
3.771307889576104935e+04,1.946599999999999909e+03
3.771450122572129476e+04,1.798900000000000091e+03
3.771592366297050467e+04,1.678700000000000045e+03
3.771734620752083720e+04,1.672500000000000000e+03
3.771876885938442865e+04,1.738000000000000000e+03
3.772019161857342260e+04,1.802400000000000091e+03
3.772161448509996262e+04,1.817500000000000000e+03
3.772303745897619956e+04,1.876000000000000000e+03
3.772446054021427699e+04,2.220599999999999909e+03
3.772588372882634576e+04,1.868099999999999909e+03
3.772730702482457127e+04,1.918799999999999955e+03
3.772873042822108982e+04,1.839599999999999909e+03
3.773015393902806682e+04,2.056300000000000182e+03
3.773157755725767493e+04,2.004500000000000000e+03
3.773300128292204317e+04,1.971099999999999909e+03
3.773442511603335879e+04,1.908099999999999909e+03
3.773584905660377262e+04,1.833599999999999909e+03
3.773727310464545735e+04,1.548299999999999955e+03
3.773869726017057837e+04,1.357799999999999955e+03
3.774012152319130109e+04,1.220000000000000000e+03
3.774154589371981274e+04,1.164900000000000091e+03
3.774297037176825688e+04,1.128400000000000091e+03
3.774439495734883531e+04,1.667000000000000000e+03
3.774581965047370613e+04,1.881299999999999955e+03
3.774724445115506387e+04,2.039400000000000091e+03
3.774866935940507392e+04,1.790700000000000045e+03
3.775009437523593806e+04,1.718000000000000000e+03
3.775151949865982169e+04,1.544599999999999909e+03
3.775294472968891932e+04,1.484400000000000091e+03
3.775437006833541091e+04,1.233500000000000000e+03
3.775579551461149094e+04,1.279799999999999955e+03
3.775722106852935394e+04,1.405299999999999955e+03
3.775864673010119441e+04,1.603799999999999955e+03
3.776007249933919957e+04,1.689900000000000091e+03
3.776149837625557120e+04,1.715500000000000000e+03
3.776292436086250382e+04,1.618900000000000091e+03
3.776435045317220647e+04,1.555200000000000045e+03
3.776577665319687367e+04,1.362299999999999955e+03
3.776720296094871446e+04,1.339000000000000000e+03
3.776862937643993064e+04,1.276799999999999955e+03
3.777005589968273125e+04,1.648299999999999955e+03
3.777148253068933263e+04,1.467099999999999909e+03
3.777290926947193657e+04,1.366400000000000091e+03
3.777433611604275939e+04,1.227299999999999955e+03
3.777576307041401742e+04,1.244900000000000091e+03
3.777719013259794156e+04,1.181400000000000091e+03
3.777861730260672630e+04,1.168500000000000000e+03
3.778004458045260253e+04,1.163099999999999909e+03
3.778147196614780114e+04,1.287099999999999909e+03
3.778289945970453846e+04,1.487599999999999909e+03
3.778432706113503809e+04,1.562700000000000045e+03
3.778575477045154548e+04,1.330700000000000045e+03
3.778718258766626241e+04,1.246700000000000045e+03
3.778861051279144885e+04,1.138200000000000045e+03
3.779003854583931388e+04,1.185799999999999955e+03
3.779146668682211020e+04,1.192000000000000000e+03
3.779289493575207598e+04,1.617000000000000000e+03
3.779432329264144937e+04,1.519599999999999909e+03
3.779575175750246126e+04,1.471700000000000045e+03
3.779718033034735708e+04,1.443700000000000045e+03
3.779860901118838956e+04,1.352500000000000000e+03
3.780003780003779684e+04,1.391799999999999955e+03
3.780146669690783892e+04,1.183500000000000000e+03
3.780289570181076124e+04,1.206200000000000045e+03
3.780432481475880923e+04,1.239200000000000045e+03
3.780575403576424287e+04,1.304400000000000091e+03
3.780718336483932217e+04,1.495099999999999909e+03
3.780861280199629255e+04,1.639900000000000091e+03
3.781004234724742855e+04,1.933299999999999955e+03
3.781147200060498290e+04,1.548900000000000091e+03
3.781290176208122284e+04,1.568900000000000091e+03
3.781433163168840838e+04,1.301099999999999909e+03
3.781576160943881405e+04,1.311299999999999955e+03
3.781719169534469984e+04,1.269200000000000045e+03
3.781862188941834756e+04,1.205700000000000045e+03
3.782005219167202449e+04,1.127799999999999955e+03
3.782148260211800516e+04,1.121099999999999909e+03
3.782291312076856411e+04,1.162200000000000045e+03
3.782434374763597589e+04,1.234000000000000000e+03
3.782577448273253685e+04,1.203599999999999909e+03
3.782720532607050700e+04,1.279299999999999955e+03
3.782863627766218997e+04,1.281500000000000000e+03
3.783006733751986758e+04,1.380700000000000045e+03
3.783149850565581437e+04,1.113099999999999909e+03
3.783292978208232671e+04,1.222500000000000000e+03
3.783436116681170097e+04,1.128700000000000045e+03
3.783579265985621896e+04,1.280099999999999909e+03
3.783722426122819161e+04,1.178299999999999955e+03
3.783865597093991528e+04,1.256700000000000045e+03
3.784008778900367179e+04,1.289400000000000091e+03
3.784151971543177206e+04,1.256000000000000000e+03
3.784295175023651973e+04,1.114299999999999955e+03
3.784438389343021117e+04,1.056099999999999909e+03
3.784581614502516459e+04,1.004600000000000023e+03
3.784724850503368361e+04,1.036500000000000000e+03
3.784868097346807917e+04,9.922000000000000455e+02
3.785011355034065491e+04,1.121200000000000045e+03
3.785154623566372902e+04,9.336000000000000227e+02
3.785297902944961970e+04,1.143299999999999955e+03
3.785441193171063787e+04,1.132000000000000000e+03
3.785584494245910901e+04,1.248700000000000045e+03
3.785727806170736585e+04,1.078000000000000000e+03
3.785871128946771205e+04,1.140200000000000045e+03
3.786014462575247308e+04,1.080200000000000045e+03
3.786157807057398168e+04,1.057299999999999955e+03
3.786301162394456333e+04,1.137299999999999955e+03
3.786444528587655805e+04,1.177299999999999955e+03
3.786587905638229859e+04,1.216000000000000000e+03
3.786731293547410314e+04,1.314299999999999955e+03
3.786874692316431174e+04,1.167500000000000000e+03
3.787018101946527167e+04,1.308599999999999909e+03
3.787161522438931570e+04,1.342099999999999909e+03
3.787304953794879111e+04,1.397200000000000045e+03
3.787448396015604521e+04,1.329099999999999909e+03
3.787591849102341075e+04,1.240599999999999909e+03
3.787735313056323503e+04,1.227299999999999955e+03
3.787878787878787989e+04,1.110000000000000000e+03
3.788022273570968537e+04,1.254099999999999909e+03
3.788165770134100603e+04,1.084000000000000000e+03
3.788309277569420374e+04,1.183299999999999955e+03
3.788452795878163306e+04,1.156900000000000091e+03
3.788596325061564858e+04,1.264099999999999909e+03
3.788739865120860486e+04,1.388900000000000091e+03
3.788883416057287832e+04,1.416500000000000000e+03
3.789026977872082352e+04,1.617200000000000045e+03
3.789170550566480961e+04,1.741000000000000000e+03
3.789314134141720569e+04,1.783099999999999909e+03
3.789457728599037364e+04,1.683099999999999909e+03
3.789601333939669712e+04,1.473700000000000045e+03
3.789744950164853799e+04,1.275400000000000091e+03
3.789888577275827993e+04,1.063500000000000000e+03
3.790032215273829206e+04,1.188099999999999909e+03
3.790175864160097262e+04,1.019000000000000000e+03
3.790319523935868347e+04,1.185099999999999909e+03
3.790463194602380827e+04,1.051900000000000091e+03
3.790606876160873071e+04,1.116299999999999955e+03
3.790750568612584902e+04,1.046500000000000000e+03
3.790894271958754689e+04,1.039500000000000000e+03
3.791037986200622254e+04,1.035700000000000045e+03
3.791181711339424510e+04,1.093500000000000000e+03
3.791325447376402735e+04,1.098000000000000000e+03
3.791469194312796026e+04,1.145400000000000091e+03
3.791612952149844205e+04,1.002600000000000023e+03
3.791756720888787822e+04,1.220700000000000045e+03
3.791900500530865975e+04,1.153299999999999955e+03
3.792044291077319940e+04,1.267299999999999955e+03
3.792188092529389542e+04,1.301599999999999909e+03
3.792331904888316058e+04,1.395000000000000000e+03
3.792475728155340039e+04,1.344900000000000091e+03
3.792619562331702036e+04,1.433799999999999955e+03
3.792763407418644783e+04,1.413099999999999909e+03
3.792907263417409558e+04,1.427799999999999955e+03
3.793051130329236912e+04,1.463000000000000000e+03
3.793195008155369578e+04,1.398500000000000000e+03
3.793338896897048835e+04,1.379200000000000045e+03
3.793482796555517416e+04,1.346400000000000091e+03
3.793626707132018055e+04,1.242400000000000091e+03
3.793770628627793485e+04,1.365099999999999909e+03
3.793914561044085713e+04,1.354400000000000091e+03
3.794058504382137471e+04,1.475400000000000091e+03
3.794202458643192949e+04,1.593799999999999955e+03
3.794346423828495608e+04,1.513500000000000000e+03
3.794490399939288181e+04,1.422200000000000045e+03
3.794634386976814858e+04,1.172400000000000091e+03
3.794778384942319826e+04,1.364299999999999955e+03
3.794922393837045820e+04,1.208900000000000091e+03
3.795066413662239211e+04,1.306500000000000000e+03
3.795210444419142732e+04,1.216500000000000000e+03
3.795354486109002028e+04,1.169500000000000000e+03
3.795498538733062014e+04,1.218099999999999909e+03
3.795642602292568336e+04,1.382200000000000045e+03
3.795786676788764453e+04,1.344500000000000000e+03
3.795930762222896738e+04,1.365200000000000045e+03
3.796074858596211561e+04,1.189500000000000000e+03
3.796218965909953113e+04,1.325799999999999955e+03
3.796363084165369219e+04,1.235700000000000045e+03
3.796507213363705523e+04,1.404500000000000000e+03
3.796651353506207670e+04,1.265700000000000045e+03
3.796795504594122758e+04,1.313099999999999909e+03
3.796939666628697159e+04,1.353799999999999955e+03
3.797083839611178701e+04,1.354299999999999955e+03
3.797228023542813753e+04,1.322799999999999955e+03
3.797372218424850143e+04,1.219000000000000000e+03
3.797516424258534971e+04,1.215000000000000000e+03
3.797660641045116063e+04,1.220900000000000091e+03
3.797804868785841973e+04,1.219700000000000045e+03
3.797949107481959800e+04,1.174599999999999909e+03
3.798093357134718099e+04,1.059799999999999955e+03
3.798237617745366879e+04,1.050299999999999955e+03
3.798381889315151784e+04,1.099299999999999955e+03
3.798526171845324279e+04,1.086700000000000045e+03
3.798670465337132191e+04,1.076200000000000045e+03
3.798814769791824801e+04,9.582999999999999545e+02
3.798959085210652120e+04,1.137900000000000091e+03
3.799103411594863428e+04,1.150500000000000000e+03
3.799247748945708736e+04,1.356200000000000045e+03
3.799392097264438053e+04,1.326700000000000045e+03
3.799536456552300660e+04,1.330299999999999955e+03
3.799680826810548024e+04,1.332599999999999909e+03
3.799825208040430152e+04,1.252200000000000045e+03
3.799969600243197783e+04,1.194400000000000091e+03
3.800114003420103109e+04,1.207799999999999955e+03
3.800258417572395410e+04,1.112400000000000091e+03
3.800402842701326153e+04,1.196700000000000045e+03
3.800547278808148258e+04,1.033700000000000045e+03
3.800691725894112460e+04,1.107099999999999909e+03
3.800836183960470953e+04,1.073799999999999955e+03
3.800980653008476656e+04,1.187799999999999955e+03
3.801125133039379580e+04,1.135700000000000045e+03
3.801269624054434098e+04,1.041299999999999955e+03
3.801414126054892404e+04,1.140500000000000000e+03
3.801558639042007417e+04,1.077200000000000045e+03
3.801703163017031329e+04,1.087799999999999955e+03
3.801847697981219244e+04,1.095599999999999909e+03
3.801992243935822626e+04,1.081900000000000091e+03
3.802136800882095849e+04,1.113700000000000045e+03
3.802281368821292563e+04,1.092400000000000091e+03
3.802425947754667141e+04,9.722999999999999545e+02
3.802570537683473958e+04,9.837999999999999545e+02
3.802715138608966663e+04,1.011899999999999977e+03
3.802859750532400358e+04,1.286400000000000091e+03
3.803004373455029418e+04,1.184400000000000091e+03
3.803149007378108945e+04,1.459000000000000000e+03
3.803293652302894043e+04,1.437599999999999909e+03
3.803438308230640541e+04,1.522500000000000000e+03
3.803582975162602816e+04,1.503200000000000045e+03
3.803727653100038151e+04,1.316500000000000000e+03
3.803872342044200923e+04,1.231500000000000000e+03
3.804017041996348416e+04,1.090400000000000091e+03
3.804161752957735735e+04,1.173000000000000000e+03
3.804306474929620163e+04,1.118400000000000091e+03
3.804451207913258258e+04,1.114200000000000045e+03
3.804595951909907308e+04,1.177400000000000091e+03
3.804740706920823868e+04,1.184400000000000091e+03
3.804885472947264498e+04,1.187299999999999955e+03
3.805030249990487209e+04,1.158500000000000000e+03
3.805175038051750016e+04,1.040400000000000091e+03
3.805319837132310931e+04,1.117599999999999909e+03
3.805464647233427240e+04,1.010100000000000023e+03
3.805609468356357684e+04,1.075599999999999909e+03
3.805754300502359547e+04,9.292999999999999545e+02
3.805899143672693026e+04,9.367000000000000455e+02
3.806043997868615406e+04,9.907999999999999545e+02
3.806188863091386156e+04,1.013100000000000023e+03
3.806333739342265471e+04,1.039900000000000091e+03
3.806478626622512093e+04,9.573999999999999773e+02
3.806623524933384033e+04,1.070099999999999909e+03
3.806768434276142943e+04,1.191099999999999909e+03
3.806913354652048292e+04,1.082299999999999955e+03
3.807058286062359548e+04,1.115200000000000045e+03
3.807203228508337634e+04,1.076799999999999955e+03
3.807348181991243473e+04,1.188799999999999955e+03
3.807493146512336534e+04,1.084200000000000045e+03
3.807638122072878468e+04,1.028799999999999955e+03
3.807783108674130199e+04,1.059599999999999909e+03
3.807928106317352649e+04,9.811000000000000227e+02
3.808073115003807470e+04,1.077599999999999909e+03
3.808218134734757768e+04,1.049400000000000091e+03
3.808363165511463740e+04,1.075500000000000000e+03
3.808508207335187035e+04,1.049000000000000000e+03
3.808653260207190760e+04,1.165599999999999909e+03
3.808798324128737295e+04,1.124799999999999955e+03
3.808943399101089017e+04,1.159799999999999955e+03
3.809088485125509760e+04,1.012100000000000023e+03
3.809233582203261176e+04,1.190900000000000091e+03
3.809378690335606370e+04,1.188599999999999909e+03
3.809523809523809177e+04,1.320299999999999955e+03
