3.571428571428571740e+04,4.099999999999999645e+00
3.571556127004535665e+04,4.179999999999999716e+01
3.571683691692263528e+04,-4.500000000000000000e+00
3.571811265492731036e+04,2.160000000000000142e+01
3.571938848406915349e+04,2.910000000000000142e+01
3.572066440435792174e+04,2.400000000000000000e+01
3.572194041580338671e+04,1.739999999999999858e+01
3.572321651841532002e+04,2.719999999999999929e+01
3.572449271220348601e+04,6.470000000000000284e+01
3.572576899717766355e+04,4.000000000000000000e+01
3.572704537334762426e+04,7.040000000000000568e+01
3.572832184072313976e+04,1.699999999999999956e+00
3.572959839931398892e+04,1.100000000000000089e+00
3.573087504912995064e+04,3.550000000000000000e+01
3.573215179018080380e+04,4.500000000000000000e+01
3.573342862247632729e+04,4.310000000000000142e+01
3.573470554602630727e+04,2.380000000000000071e+01
3.573598256084051536e+04,3.300000000000000000e+01
3.573725966692873772e+04,7.400000000000000355e+00
3.573853686430077505e+04,3.810000000000000142e+01
3.573981415296640625e+04,2.539999999999999858e+01
3.574109153293541021e+04,3.789999999999999858e+01
3.574236900421760220e+04,5.460000000000000142e+01
3.574364656682274654e+04,6.440000000000000568e+01
3.574492422076065122e+04,8.029999999999999716e+01
3.574620196604110970e+04,4.900000000000000000e+01
3.574747980267390813e+04,5.620000000000000284e+01
3.574875773066885449e+04,7.170000000000000284e+01
3.575003575003574952e+04,2.680000000000000071e+01
3.575131386078438663e+04,2.980000000000000071e+01
3.575259206292456656e+04,3.479999999999999716e+01
3.575387035646609002e+04,-2.450000000000000000e+01
3.575514874141876498e+04,-1.280000000000000071e+01
3.575642721779239946e+04,-5.799999999999999822e+00
3.575770578559679416e+04,3.360000000000000142e+01
3.575898444484177162e+04,-1.939999999999999858e+01
3.576026319553711801e+04,8.209999999999999432e+01
3.576154203769266314e+04,3.900000000000000000e+01
3.576282097131821502e+04,6.500000000000000000e+01
3.576409999642358889e+04,5.370000000000000284e+01
3.576537911301859276e+04,2.339999999999999858e+01
3.576665832111306372e+04,3.100000000000000000e+01
3.576793762071678793e+04,3.130000000000000071e+01
3.576921701183960977e+04,-1.450000000000000000e+01
3.577049649449134449e+04,3.200000000000000000e+01
3.577177606868180737e+04,6.110000000000000142e+01
3.577305573442082823e+04,4.950000000000000000e+01
3.577433549171824416e+04,5.829999999999999716e+01
3.577561534058386314e+04,6.840000000000000568e+01
3.577689528102751501e+04,6.759999999999999432e+01
3.577817531305903685e+04,6.709999999999999432e+01
3.577945543668825121e+04,5.320000000000000284e+01
3.578073565192500246e+04,2.269999999999999929e+01
3.578201595877911313e+04,3.960000000000000142e+01
3.578329635726043489e+04,1.000000000000000056e-01
3.578457684737878299e+04,4.960000000000000142e+01
3.578585742914400180e+04,-8.800000000000000711e+00
3.578713810256593570e+04,3.089999999999999858e+01
3.578841886765442177e+04,2.039999999999999858e+01
3.578969972441931168e+04,5.810000000000000142e+01
3.579098067287044250e+04,4.710000000000000142e+01
3.579226171301764407e+04,2.330000000000000071e+01
3.579354284487078257e+04,4.370000000000000284e+01
3.579482406843970239e+04,3.689999999999999858e+01
3.579610538373424788e+04,5.050000000000000000e+01
3.579738679076427070e+04,7.809999999999999432e+01
3.579866828953962977e+04,8.259999999999999432e+01
3.579994988007016946e+04,7.050000000000000000e+01
3.580123156236574869e+04,5.270000000000000284e+01
3.580251333643621911e+04,6.350000000000000000e+01
3.580379520229143964e+04,6.840000000000000568e+01
3.580507715994127648e+04,2.519999999999999929e+01
3.580635920939558855e+04,6.400000000000000355e+00
3.580764135066423478e+04,2.819999999999999929e+01
3.580892358375707408e+04,2.439999999999999858e+01
3.581020590868397267e+04,4.220000000000000284e+01
3.581148832545480400e+04,5.850000000000000000e+01
3.581277083407942700e+04,-4.299999999999999822e+00
3.581405343456772243e+04,1.880000000000000071e+01
3.581533612692955649e+04,3.080000000000000071e+01
3.581661891117478808e+04,3.700000000000000000e+01
3.581790178731329797e+04,7.609999999999999432e+01
3.581918475535496691e+04,8.420000000000000284e+01
3.582046781530966837e+04,7.540000000000000568e+01
3.582175096718727582e+04,5.429999999999999716e+01
3.582303421099767729e+04,4.770000000000000284e+01
3.582431754675073898e+04,1.680000000000000071e+01
3.582560097445634892e+04,5.729999999999999716e+01
3.582688449412438786e+04,3.030000000000000071e+01
3.582816810576475109e+04,8.220000000000000284e+01
3.582945180938731210e+04,2.280000000000000071e+01
3.583073560500197345e+04,3.950000000000000000e+01
3.583201949261860864e+04,8.609999999999999432e+01
3.583330347224710567e+04,8.679999999999999716e+01
3.583458754389736714e+04,5.860000000000000142e+01
3.583587170757928834e+04,6.210000000000000142e+01
3.583715596330275002e+04,7.790000000000000568e+01
3.583844031107766205e+04,8.290000000000000568e+01
3.583972475091391243e+04,7.429999999999999716e+01
3.584100928282140376e+04,1.034000000000000057e+02
3.584229390681003861e+04,8.159999999999999432e+01
3.584357862288970500e+04,1.040999999999999943e+02
3.584486343107032735e+04,5.939999999999999858e+01
3.584614833136179368e+04,7.900000000000000000e+01
3.584743332377402112e+04,7.500000000000000000e+00
3.584871840831690497e+04,8.450000000000000000e+01
3.585000358500036236e+04,4.489999999999999858e+01
3.585128885383429588e+04,4.389999999999999858e+01
3.585257421482862264e+04,3.889999999999999858e+01
3.585385966799325979e+04,8.070000000000000284e+01
3.585514521333811717e+04,9.459999999999999432e+01
3.585643085087310465e+04,7.629999999999999716e+01
3.585771658060814661e+04,5.860000000000000142e+01
3.585900240255316021e+04,6.360000000000000142e+01
3.586028831671806256e+04,6.770000000000000284e+01
3.586157432311278535e+04,8.720000000000000284e+01
3.586286042174723843e+04,5.660000000000000142e+01
3.586414661263135349e+04,8.320000000000000284e+01
3.586543289577505493e+04,1.087000000000000028e+02
3.586671927118826716e+04,4.739999999999999858e+01
3.586800573888091458e+04,4.889999999999999858e+01
3.586929229886294343e+04,5.110000000000000142e+01
3.587057895114427811e+04,1.065999999999999943e+02
3.587186569573483575e+04,9.950000000000000000e+01
3.587315253264456987e+04,6.370000000000000284e+01
3.587443946188340487e+04,2.500000000000000000e+01
3.587572648346128699e+04,4.429999999999999716e+01
3.587701359738814790e+04,8.820000000000000284e+01
3.587830080367393384e+04,5.820000000000000284e+01
3.587958810232859105e+04,6.400000000000000000e+01
3.588087549336203665e+04,5.960000000000000142e+01
3.588216297678423871e+04,6.770000000000000284e+01
3.588345055260513618e+04,6.879999999999999716e+01
3.588473822083467530e+04,5.310000000000000142e+01
3.588602598148280958e+04,8.050000000000000000e+01
3.588731383455948526e+04,4.660000000000000142e+01
3.588860178007464856e+04,7.400000000000000000e+01
3.588988981803826027e+04,7.929999999999999716e+01
3.589117794846026663e+04,9.270000000000000284e+01
3.589246617135062843e+04,5.970000000000000284e+01
3.589375448671930644e+04,8.309999999999999432e+01
3.589504289457626146e+04,6.520000000000000284e+01
3.589633139493143972e+04,6.260000000000000142e+01
3.589761998779480928e+04,6.840000000000000568e+01
3.589890867317633820e+04,3.889999999999999858e+01
3.590019745108597999e+04,6.970000000000000284e+01
3.590148632153371000e+04,4.300000000000000000e+01
3.590277528452949628e+04,6.990000000000000568e+01
3.590406434008329961e+04,6.729999999999999716e+01
3.590535348820509535e+04,8.140000000000000568e+01
3.590664272890484426e+04,1.135000000000000000e+02
3.590793206219253625e+04,8.259999999999999432e+01
3.590922148807813937e+04,6.850000000000000000e+01
3.591051100657162169e+04,3.450000000000000000e+01
3.591180061768297310e+04,6.659999999999999432e+01
3.591309032142216165e+04,1.102999999999999972e+02
3.591438011779916997e+04,8.070000000000000284e+01
3.591567000682397338e+04,5.800000000000000000e+01
3.591695998850656906e+04,9.590000000000000568e+01
3.591825006285693235e+04,1.025999999999999943e+02
3.591954022988506040e+04,1.195000000000000000e+02
3.592083048960092128e+04,1.272999999999999972e+02
3.592212084201451216e+04,1.145000000000000000e+02
3.592341128713582293e+04,1.349000000000000057e+02
3.592470182497485075e+04,1.129000000000000057e+02
3.592599245554157824e+04,1.087000000000000028e+02
3.592728317884601711e+04,1.373000000000000114e+02
3.592857399489814270e+04,5.050000000000000000e+01
3.592986490370795946e+04,1.556999999999999886e+02
3.593115590528547182e+04,1.485999999999999943e+02
3.593244699964067695e+04,1.481999999999999886e+02
3.593373818678357202e+04,1.290999999999999943e+02
3.593502946672416874e+04,1.445999999999999943e+02
3.593632083947245701e+04,1.085999999999999943e+02
3.593761230503845582e+04,9.990000000000000568e+01
3.593890386343216232e+04,1.405000000000000000e+02
3.594019551466359553e+04,1.496999999999999886e+02
3.594148725874276715e+04,1.180000000000000000e+02
3.594277909567967436e+04,1.207999999999999972e+02
3.594407102548435068e+04,1.040999999999999943e+02
3.594536304816678603e+04,1.608000000000000114e+02
3.594665516373701394e+04,6.609999999999999432e+01
3.594794737220504612e+04,9.620000000000000284e+01
3.594923967358090158e+04,1.142999999999999972e+02
3.595053206787459931e+04,8.959999999999999432e+01
3.595182455509617284e+04,9.950000000000000000e+01
3.595311713525562664e+04,1.589000000000000057e+02
3.595440980836299423e+04,1.209000000000000057e+02
3.595570257442830189e+04,6.350000000000000000e+01
3.595699543346157589e+04,5.629999999999999716e+01
3.595828838547284977e+04,1.110000000000000000e+02
3.595958143047214980e+04,8.670000000000000284e+01
3.596087456846950954e+04,1.385999999999999943e+02
3.596216779947495525e+04,1.333000000000000114e+02
3.596346112349852774e+04,8.229999999999999716e+01
3.596475454055026057e+04,1.197999999999999972e+02
3.596604805064019456e+04,1.393000000000000114e+02
3.596734165377837053e+04,1.147999999999999972e+02
3.596863534997482202e+04,1.298000000000000114e+02
3.596992913923959713e+04,1.510000000000000000e+02
3.597122302158273669e+04,1.661999999999999886e+02
3.597251699701428151e+04,1.137999999999999972e+02
3.597381106554427970e+04,1.217000000000000028e+02
3.597510522718278662e+04,1.269000000000000057e+02
3.597639948193985038e+04,1.668000000000000114e+02
3.597769382982551178e+04,1.285000000000000000e+02
3.597898827084982622e+04,1.300999999999999943e+02
3.598028280502284906e+04,1.200999999999999943e+02
3.598157743235463568e+04,1.080000000000000000e+02
3.598287215285523416e+04,9.540000000000000568e+01
3.598416696653472900e+04,1.267999999999999972e+02
3.598546187340314646e+04,1.057999999999999972e+02
3.598675687347056373e+04,1.299000000000000057e+02
3.598805196674703620e+04,1.283000000000000114e+02
3.598934715324264107e+04,1.510000000000000000e+02
3.599064243296742643e+04,1.400000000000000000e+02
3.599193780593147676e+04,1.370000000000000000e+02
3.599323327214484016e+04,1.436999999999999886e+02
3.599452883161759382e+04,9.309999999999999432e+01
3.599582448435981496e+04,1.520000000000000000e+02
3.599712023038156622e+04,1.441999999999999886e+02
3.599841606969293207e+04,9.720000000000000284e+01
3.599971200230398244e+04,1.368000000000000114e+02
3.600100802822479454e+04,1.172000000000000028e+02
3.600230414746543829e+04,1.399000000000000057e+02
3.600360036003600544e+04,1.648000000000000114e+02
3.600489666594656592e+04,1.359000000000000057e+02
3.600619306520721148e+04,1.461999999999999886e+02
3.600748955782802659e+04,1.285999999999999943e+02
3.600878614381909574e+04,1.480999999999999943e+02
3.601008282319049613e+04,1.155999999999999943e+02
3.601137959595231951e+04,1.230000000000000000e+02
3.601267646211466490e+04,1.254000000000000057e+02
3.601397342168760952e+04,1.605999999999999943e+02
3.601527047468125966e+04,1.999000000000000057e+02
3.601656762110571435e+04,1.575000000000000000e+02
3.601786486097104353e+04,1.590999999999999943e+02
3.601916219428736076e+04,8.590000000000000568e+01
3.602045962106476509e+04,1.087999999999999972e+02
3.602175714131334826e+04,1.855000000000000000e+02
3.602305475504322385e+04,1.127000000000000028e+02
3.602435246226449090e+04,1.670000000000000000e+02
3.602565026298724842e+04,1.560999999999999943e+02
3.602694815722160274e+04,1.325000000000000000e+02
3.602824614497766015e+04,1.340000000000000000e+02
3.602954422626553423e+04,1.405999999999999943e+02
3.603084240109533857e+04,1.389000000000000057e+02
3.603214066947717947e+04,1.670999999999999943e+02
3.603343903142116324e+04,1.518000000000000114e+02
3.603473748693741072e+04,1.518000000000000114e+02
3.603603603603603551e+04,1.435999999999999943e+02
3.603733467872715846e+04,1.455000000000000000e+02
3.603863341502090043e+04,1.409000000000000057e+02
3.603993224492737500e+04,1.075999999999999943e+02
3.604123116845671757e+04,1.515999999999999943e+02
3.604253018561903446e+04,1.649000000000000057e+02
3.604382929642445379e+04,1.934000000000000057e+02
3.604512850088310370e+04,1.710999999999999943e+02
3.604642779900511960e+04,1.314000000000000057e+02
3.604772719080061506e+04,1.725000000000000000e+02
3.604902667627974006e+04,1.604000000000000057e+02
3.605032625545261544e+04,2.169000000000000057e+02
3.605162592832936934e+04,2.014000000000000057e+02
3.605292569492014445e+04,1.516999999999999886e+02
3.605422555523506890e+04,1.879000000000000057e+02
3.605552550928429264e+04,1.195999999999999943e+02
3.605682555707795836e+04,1.155999999999999943e+02
3.605812569862618693e+04,1.535000000000000000e+02
3.605942593393913558e+04,1.971999999999999886e+02
3.606072626302693971e+04,2.404000000000000057e+02
3.606202668589974928e+04,2.521999999999999886e+02
3.606332720256770699e+04,2.530000000000000000e+02
3.606462781304097007e+04,2.566000000000000227e+02
3.606592851732968120e+04,1.956999999999999886e+02
3.606722931544399034e+04,1.930000000000000000e+02
3.606853020739404747e+04,1.999000000000000057e+02
3.606983119319001707e+04,2.191999999999999886e+02
3.607113227284204186e+04,1.503000000000000114e+02
3.607243344636028633e+04,2.035000000000000000e+02
3.607373471375491499e+04,1.515999999999999943e+02
3.607503607503607782e+04,1.826999999999999886e+02
3.607633753021393204e+04,1.731999999999999886e+02
3.607763907929864945e+04,1.354000000000000057e+02
3.607894072230039455e+04,2.286999999999999886e+02
3.608024245922932460e+04,1.704000000000000057e+02
3.608154429009561863e+04,1.895000000000000000e+02
3.608284621490943391e+04,2.400000000000000000e+02
3.608414823368094221e+04,2.135999999999999943e+02
3.608545034642032260e+04,2.329000000000000057e+02
3.608675255313773960e+04,2.213000000000000114e+02
3.608805485384337226e+04,2.394000000000000057e+02
3.608935724854740693e+04,2.433000000000000114e+02
3.609065973726000084e+04,2.603000000000000114e+02
3.609196231999134034e+04,2.475000000000000000e+02
3.609326499675160449e+04,1.591999999999999886e+02
3.609456776755097962e+04,1.455000000000000000e+02
3.609587063239965210e+04,1.873000000000000114e+02
3.609717359130780096e+04,1.931999999999999886e+02
3.609847664428561256e+04,2.180999999999999943e+02
3.609977979134327325e+04,2.105000000000000000e+02
3.610108303249097662e+04,2.176999999999999886e+02
3.610238636773890903e+04,2.500000000000000000e+02
3.610368979709726409e+04,1.910999999999999943e+02
3.610499332057623542e+04,2.305000000000000000e+02
3.610629693818602391e+04,2.125999999999999943e+02
3.610760064993681590e+04,1.955999999999999943e+02
3.610890445583881228e+04,2.081999999999999886e+02
3.611020835590221395e+04,2.540999999999999943e+02
3.611151235013722180e+04,2.585000000000000000e+02
3.611281643855403672e+04,2.946999999999999886e+02
3.611412062116287416e+04,2.638999999999999773e+02
3.611542489797392773e+04,2.673000000000000114e+02
3.611672926899739832e+04,3.160000000000000000e+02
3.611803373424350866e+04,2.461999999999999886e+02
3.611933829372245964e+04,2.425999999999999943e+02
3.612064294744445942e+04,3.180000000000000000e+02
3.612194769541973801e+04,2.975000000000000000e+02
3.612325253765849629e+04,3.271999999999999886e+02
3.612455747417094244e+04,2.905000000000000000e+02
3.612586250496730645e+04,2.678999999999999773e+02
3.612716763005780376e+04,2.725000000000000000e+02
3.612847284945264983e+04,2.883000000000000114e+02
3.612977816316208191e+04,2.806999999999999886e+02
3.613108357119630091e+04,2.540999999999999943e+02
3.613238907356554409e+04,3.188000000000000114e+02
3.613369467028003419e+04,3.100000000000000000e+02
3.613500036135000119e+04,3.353999999999999773e+02
3.613630614678567508e+04,3.085000000000000000e+02
3.613761202659727860e+04,2.641999999999999886e+02
3.613891800079505629e+04,3.036999999999999886e+02
3.614022406938923086e+04,3.003000000000000114e+02
3.614153023239003960e+04,3.103999999999999773e+02
3.614283648980771977e+04,3.283999999999999773e+02
3.614414284165250865e+04,2.615000000000000000e+02
3.614544928793464351e+04,2.861999999999999886e+02
3.614675582866438344e+04,3.108000000000000114e+02
3.614806246385193663e+04,2.983999999999999773e+02
3.614936919350757671e+04,3.016000000000000227e+02
3.615067601764152641e+04,2.900000000000000000e+02
3.615198293626405211e+04,3.231000000000000227e+02
3.615328994938539108e+04,3.295000000000000000e+02
3.615459705701580242e+04,3.123000000000000114e+02
3.615590425916552340e+04,2.933999999999999773e+02
3.615721155584481312e+04,3.761000000000000227e+02
3.615851894706393068e+04,3.503000000000000114e+02
3.615982643283312063e+04,2.881999999999999886e+02
3.616113401316264935e+04,3.455000000000000000e+02
3.616244168806278321e+04,3.756999999999999886e+02
3.616374945754375949e+04,3.093999999999999773e+02
3.616505732161585911e+04,3.501000000000000227e+02
3.616636528028933390e+04,3.883999999999999773e+02
3.616767333357445023e+04,4.053000000000000114e+02
3.616898148148148175e+04,3.551000000000000227e+02
3.617028972402068757e+04,3.693000000000000114e+02
3.617159806120234862e+04,4.290000000000000000e+02
3.617290649303671671e+04,4.068000000000000114e+02
3.617421501953407278e+04,3.583000000000000114e+02
3.617552364070469775e+04,3.741000000000000227e+02
3.617683235655885801e+04,3.456999999999999886e+02
3.617814116710682720e+04,3.418000000000000114e+02
3.617945007235890080e+04,3.833000000000000114e+02
3.618075907232533791e+04,3.530000000000000000e+02
3.618206816701642674e+04,3.738000000000000114e+02
3.618337735644244822e+04,3.863000000000000114e+02
3.618468664061369054e+04,4.035000000000000000e+02
3.618599601954043465e+04,4.411000000000000227e+02
3.618730549323297600e+04,3.558000000000000114e+02
3.618861506170158827e+04,3.883000000000000114e+02
3.618992472495657421e+04,3.890000000000000000e+02
3.619123448300821474e+04,3.905000000000000000e+02
3.619254433586681262e+04,4.385000000000000000e+02
3.619385428354264877e+04,4.351000000000000227e+02
3.619516432604604051e+04,4.116000000000000227e+02
3.619647446338726877e+04,4.226000000000000227e+02
3.619778469557662902e+04,4.823999999999999773e+02
3.619909502262443129e+04,4.601999999999999886e+02
3.620040544454097835e+04,4.560000000000000000e+02
3.620171596133656567e+04,4.623999999999999773e+02
3.620302657302150328e+04,4.431999999999999886e+02
3.620433727960610122e+04,5.026000000000000227e+02
3.620564808110065496e+04,5.031999999999999886e+02
3.620695897751548182e+04,4.956000000000000227e+02
3.620826996886088455e+04,4.608000000000000114e+02
3.620958105514718773e+04,4.236999999999999886e+02
3.621089223638470139e+04,4.863000000000000114e+02
3.621220351258374285e+04,4.666000000000000227e+02
3.621351488375462213e+04,4.680000000000000000e+02
3.621482634990764927e+04,5.371000000000000227e+02
3.621613791105316341e+04,5.270000000000000000e+02
3.621744956720147457e+04,4.713000000000000114e+02
3.621876131836290733e+04,5.423999999999999773e+02
3.622007316454779357e+04,5.517000000000000455e+02
3.622138510576644330e+04,4.381000000000000227e+02
3.622269714202919567e+04,5.140000000000000000e+02
3.622400927334637527e+04,5.222999999999999545e+02
3.622532149972830666e+04,5.756000000000000227e+02
3.622663382118533627e+04,5.222000000000000455e+02
3.622794623772778868e+04,4.495000000000000000e+02
3.622925874936598848e+04,4.588999999999999773e+02
3.623057135611028934e+04,4.786999999999999886e+02
3.623188405797101586e+04,5.342000000000000455e+02
3.623319685495851445e+04,5.732999999999999545e+02
3.623450974708311696e+04,4.926000000000000227e+02
3.623582273435517709e+04,4.966000000000000227e+02
3.623713581678504124e+04,5.321000000000000227e+02
3.623844899438304128e+04,5.606000000000000227e+02
3.623976226715953089e+04,5.340000000000000000e+02
3.624107563512484921e+04,4.738999999999999773e+02
3.624238909828935721e+04,4.703999999999999773e+02
3.624370265666340129e+04,5.181000000000000227e+02
3.624501631025734241e+04,4.628999999999999773e+02
3.624633005908151972e+04,5.317999999999999545e+02
3.624764390314629418e+04,6.126000000000000227e+02
3.624895784246202675e+04,5.605000000000000000e+02
3.625027187703907839e+04,5.312000000000000455e+02
3.625158600688779552e+04,5.602999999999999545e+02
3.625290023201856820e+04,5.842000000000000455e+02
3.625421455244172103e+04,5.723999999999999773e+02
3.625552896816764405e+04,5.232999999999999545e+02
3.625684347920669825e+04,5.885000000000000000e+02
3.625815808556925185e+04,5.326000000000000227e+02
3.625947278726567311e+04,5.210000000000000000e+02
3.626078758430633752e+04,6.372000000000000455e+02
3.626210247670159879e+04,5.807000000000000455e+02
3.626341746446185425e+04,6.072999999999999545e+02
3.626473254759746487e+04,6.121000000000000227e+02
3.626604772611880617e+04,5.745000000000000000e+02
3.626736300003626820e+04,5.351000000000000227e+02
3.626867836936021922e+04,6.147000000000000455e+02
3.626999383410104929e+04,5.505000000000000000e+02
3.627130939426913392e+04,6.185000000000000000e+02
3.627262504987486318e+04,6.108999999999999773e+02
3.627394080092861259e+04,6.097000000000000455e+02
3.627525664744077949e+04,6.312000000000000455e+02
3.627657258942174667e+04,5.893999999999999773e+02
3.627788862688191875e+04,6.145000000000000000e+02
3.627920475983166398e+04,5.477999999999999545e+02
3.628052098828139424e+04,6.216000000000000227e+02
3.628183731224149233e+04,6.053999999999999773e+02
3.628315373172236286e+04,6.137999999999999545e+02
3.628447024673439591e+04,5.731000000000000227e+02
3.628578685728800338e+04,6.047000000000000455e+02
3.628710356339357531e+04,6.472999999999999545e+02
3.628842036506150907e+04,6.325000000000000000e+02
3.628973726230222383e+04,6.476000000000000227e+02
3.629105425512610964e+04,7.102000000000000455e+02
3.629237134354358568e+04,6.972999999999999545e+02
3.629368852756505657e+04,6.792999999999999545e+02
3.629500580720093421e+04,6.102000000000000455e+02
3.629632318246161594e+04,7.007000000000000455e+02
3.629764065335752821e+04,6.253999999999999773e+02
3.629895821989909018e+04,6.147999999999999545e+02
3.630027588209669921e+04,6.691000000000000227e+02
3.630159363996078901e+04,6.930000000000000000e+02
3.630291149350177875e+04,7.110000000000000000e+02
3.630422944273008034e+04,6.965000000000000000e+02
3.630554748765611293e+04,7.460000000000000000e+02
3.630686562829031027e+04,7.833999999999999773e+02
3.630818386464309151e+04,8.018999999999999773e+02
3.630950219672488311e+04,6.903999999999999773e+02
3.631082062454611878e+04,7.148999999999999773e+02
3.631213914811721770e+04,7.538999999999999773e+02
3.631345776744861359e+04,7.040000000000000000e+02
3.631477648255074746e+04,7.587000000000000455e+02
3.631609529343404574e+04,6.670000000000000000e+02
3.631741420010894944e+04,7.722000000000000455e+02
3.631873320258589956e+04,6.952000000000000455e+02
3.632005230087531527e+04,7.362000000000000455e+02
3.632137149498765211e+04,7.668999999999999773e+02
3.632269078493335110e+04,6.691000000000000227e+02
3.632401017072284594e+04,6.982000000000000455e+02
3.632532965236659220e+04,6.933999999999999773e+02
3.632664922987503815e+04,6.846000000000000227e+02
3.632796890325862478e+04,7.815000000000000000e+02
3.632928867252779310e+04,7.673999999999999773e+02
3.633060853769300593e+04,7.212999999999999545e+02
3.633192849876471155e+04,7.553999999999999773e+02
3.633324855575336551e+04,7.972000000000000455e+02
3.633456870866942336e+04,7.433999999999999773e+02
3.633588895752334793e+04,8.863999999999999773e+02
3.633720930232558021e+04,8.048999999999999773e+02
3.633852974308659759e+04,8.062999999999999545e+02
3.633985027981684834e+04,8.063999999999999773e+02
3.634117091252680257e+04,7.678999999999999773e+02
3.634249164122691582e+04,8.682999999999999545e+02
3.634381246592768002e+04,7.868999999999999773e+02
3.634513338663952891e+04,8.866000000000000227e+02
3.634645440337295440e+04,9.000000000000000000e+02
3.634777551613841206e+04,8.930000000000000000e+02
3.634909672494638653e+04,8.725000000000000000e+02
3.635041802980734064e+04,8.705000000000000000e+02
3.635173943073176633e+04,7.958999999999999773e+02
3.635306092773011915e+04,8.322999999999999545e+02
3.635438252081288374e+04,9.045000000000000000e+02
3.635570420999054477e+04,8.677000000000000455e+02
3.635702599527358689e+04,9.012999999999999545e+02
3.635834787667248020e+04,7.646000000000000227e+02
3.635966985419772391e+04,9.002000000000000455e+02
3.636099192785979540e+04,8.643616077958581627e+02
3.636231409766917932e+04,8.993135766859343221e+02
3.636363636363636033e+04,1.251766356628232188e+03
3.636495872577184491e+04,1.515419947711370241e+03
3.636628118408611044e+04,1.998974350023720490e+03
3.636760373858966341e+04,1.829429563653900686e+03
3.636892638929298846e+04,1.566385588690345458e+03
3.637024913620658481e+04,1.160242425221610574e+03
3.637157197934094438e+04,9.274000733361917810e+02
3.637289491870658094e+04,9.222585331227680854e+02
3.637421795431397913e+04,9.786178046697734771e+02
3.637554108617365273e+04,1.048477888065887328e+03
3.637686431429610820e+04,9.571387833997273447e+02
3.637818763869184477e+04,1.041600490759850345e+03
3.637951105937136163e+04,9.561630102348125320e+02
3.638083457634517981e+04,1.039826341913355009e+03
3.638215818962380581e+04,9.299904858840956194e+02
3.638348189921775338e+04,8.819554422357135763e+02
3.638480570513753628e+04,1.012621211056888228e+03
3.638612960739366099e+04,1.221187792436237260e+03
3.638745360599665582e+04,3.261855186462563324e+03
3.638877770095702726e+04,1.015392339322448424e+04
3.639010189228529634e+04,1.359889241281073919e+04
3.639142617999199138e+04,1.575743887282768446e+04
3.639275056408764067e+04,1.119966580930230884e+04
3.639407504458274343e+04,5.269691590406182513e+03
3.639539962148784252e+04,2.619316216012945915e+03
3.639672429481346626e+04,1.594639685996413618e+03
3.639804906457013567e+04,1.245662000230488957e+03
3.639937393076838634e+04,1.368183158588900369e+03
3.640069889341874659e+04,1.308503160945463605e+03
3.640202395253176655e+04,1.515622007173732300e+03
3.640334910811794543e+04,1.602439697147871357e+03
3.640467436018784792e+04,1.626656230741260288e+03
3.640599970875200233e+04,1.295771607827714661e+03
3.640732515382094425e+04,9.073858282809630964e+02
3.640865069540522381e+04,8.377988919745594103e+02
3.640997633351538389e+04,8.183107987821448432e+02
3.641130206816196005e+04,9.337456124816418424e+02
3.641262789935549517e+04,1.088689602784531417e+03
3.641395382710654667e+04,1.025333436069738582e+03
3.641527985142565740e+04,9.857771123201187038e+02
3.641660597232337750e+04,1.152120631518515438e+03
3.641793218981026439e+04,1.461863993647761163e+03
3.641925850389686093e+04,1.252607198690710902e+03
3.642058491459373181e+04,1.165650246630185848e+03
3.642191142191141989e+04,1.082793137449040387e+03
3.642323802586049715e+04,1.510035871130083933e+03
3.642456472645151371e+04,2.469978447656159915e+03
3.642589152369504882e+04,6.190420867010064285e+03
3.642721841760163079e+04,9.940863129174676942e+03
3.642854540818185342e+04,6.584205234132770784e+03
3.642987249544626684e+04,3.674247181867189283e+03
3.643119967940544302e+04,1.943624734061303798e+03
3.643252696006994665e+04,1.348109313019856472e+03
3.643385433745035698e+04,1.282194430075789796e+03
3.643518181155724596e+04,2.709680085287923248e+03
3.643650938240117102e+04,3.786066278714995406e+03
3.643783704999271140e+04,3.059753010415865901e+03
3.643916481434245361e+04,2.588040280449434249e+03
3.644049267546096962e+04,5.841728088874519926e+03
3.644182063335883868e+04,6.380116435749982884e+03
3.644314868804664729e+04,3.235405321134721817e+03
3.644447683953496744e+04,2.006394745087557567e+03
3.644580508783439291e+04,1.669784707667430212e+03
3.644713343295549566e+04,4.408375208933159229e+03
3.644846187490887678e+04,6.807566248943724531e+03
3.644979041370511550e+04,3.289957827757986252e+03
3.645111904935482016e+04,2.010352706575482898e+03
3.645244778186855547e+04,1.221253553677052878e+03
3.645377661125692975e+04,9.891554652906876299e+02
3.645510553753052955e+04,7.904584415327178704e+02
3.645643456069996319e+04,8.643624825197136943e+02
3.645776368077581719e+04,1.227467588368005863e+03
3.645909289776870719e+04,2.839973759194244849e+03
3.646042221168921242e+04,3.306680995114680627e+03
3.646175162254794850e+04,3.408089296245963851e+03
3.646308113035551651e+04,3.763198662704584876e+03
3.646441073512251751e+04,2.442609094607034422e+03
3.646574043685956713e+04,2.050220592069962095e+03
3.646707023557727371e+04,8.209533155209939650e+03
3.646840013128624560e+04,9.969346784143535842e+03
3.646973012399708387e+04,5.247261478987242299e+03
3.647106021372041141e+04,3.625971877001770736e+03
3.647239040046684386e+04,4.697873607913206797e+03
3.647372068424699683e+04,4.773375462961559606e+03
3.647505106507148594e+04,3.141077442160409646e+03
3.647638154295094137e+04,1.855479545523356819e+03
3.647771211789596418e+04,1.234381773063963465e+03
3.647904278991719184e+04,9.824841247958379427e+02
3.648037355902524723e+04,8.318866007325702867e+02
3.648170442523074598e+04,8.311892008877414355e+02
3.648303538854432554e+04,1.340991925274960067e+03
3.648436644897661608e+04,1.799494773907825220e+03
3.648569760653824051e+04,1.904897746799927063e+03
3.648702886123982898e+04,2.096500843964865453e+03
3.648836021309202624e+04,3.610604065416257527e+03
3.648969166210545518e+04,3.170607411167693499e+03
3.649102320829076052e+04,2.065112948867481919e+03
3.649235485165857972e+04,4.081323592912396180e+03
3.649368659221955022e+04,5.177134843529388490e+03
3.649501842998430948e+04,3.351046700784845598e+03
3.649635036496350222e+04,2.432459164745199359e+03
3.649768239716778044e+04,3.477372235476928381e+03
3.649901452660778159e+04,4.071185913046420410e+03
3.650034675329415040e+04,3.522100197520107031e+03
3.650167907723755343e+04,1.857115088964557799e+03
3.650301149844862084e+04,1.193030587446114168e+03
3.650434401693801919e+04,9.668466930313452394e+02
3.650567663271638594e+04,9.102634057866379180e+02
3.650700934579438763e+04,1.551380725778561100e+03
3.650834215618268354e+04,2.264798653073637979e+03
3.650967506389193295e+04,1.509917187738392386e+03
3.651100806893278786e+04,1.431520857138117663e+03
3.651234117131590756e+04,1.329724820346874822e+03
3.651367437105195859e+04,2.119929360761102089e+03
3.651500766815160750e+04,4.037034478444041270e+03
3.651634106262552086e+04,3.323440173458934169e+03
3.651767455448437249e+04,2.224446445869066338e+03
3.651900814373882167e+04,1.863653295737636427e+03
3.652034183039953496e+04,1.479460723127886467e+03
3.652167561447719345e+04,1.416468728103144485e+03
3.652300949598247098e+04,1.102177310726695850e+03
3.652434347492603411e+04,9.599864710617824812e+02
3.652567755131857848e+04,8.539962091718190322e+02
3.652701172517076338e+04,9.209065251200042894e+02
3.652834599649327720e+04,1.056117418969709661e+03
3.652968036529680103e+04,1.332028890784263240e+03
3.653101483159202326e+04,1.354235536990104947e+03
3.653234939538961771e+04,2.267538526728467332e+03
3.653368405670027278e+04,2.829341684740223172e+03
3.653501881553469138e+04,2.107445011043840623e+03
3.653635367190354737e+04,1.822648505657739634e+03
3.653768862581752910e+04,2.119452168600364530e+03
3.653902367728733952e+04,4.352255999890185194e+03
3.654035882632367429e+04,3.725359999545657047e+03
3.654169407293721451e+04,2.257464167585214454e+03
3.654302941713868495e+04,2.093868504027362178e+03
3.654436485893875215e+04,2.451473008890508481e+03
3.654570039834813360e+04,1.999377682193147621e+03
3.654703603537753224e+04,1.406882523953748887e+03
3.654837177003764373e+04,1.131787534190769293e+03
3.654970760233917827e+04,9.473927129226910893e+02
3.655104353229285334e+04,9.195848961260114720e+02
3.655237955990935006e+04,8.375709643001810036e+02
3.655371568519940047e+04,8.639565928112133406e+02
3.655505190817370749e+04,9.050417816109310252e+02
3.655638822884298861e+04,9.873265306510908204e+02
3.655772464721795404e+04,1.049510839883482276e+03
3.655906116330932855e+04,1.065694709259829324e+03
3.656039777712781506e+04,1.501578138731954596e+03
3.656173448868414562e+04,1.994961128251549326e+03
3.656307129798903043e+04,2.482843677770402792e+03
3.656440820505320153e+04,2.112525787240206228e+03
3.656574520988737640e+04,1.680407456612717397e+03
3.656708231250227982e+04,1.245288685839659365e+03
3.656841951290865836e+04,1.158869474872658202e+03
3.656975681111720769e+04,1.079749823663569032e+03
3.657109420713867439e+04,9.518845989666235710e+02
3.657243170098379778e+04,9.156197316967200095e+02
3.657376929266330262e+04,1.046954501259000835e+03
3.657510698218792095e+04,1.627988907613627816e+03
3.657644476956839935e+04,2.049922950720708741e+03
3.657778265481546987e+04,1.313756630540406150e+03
3.657912063793986454e+04,9.862899470328811731e+02
3.658045871895233722e+04,1.032022900158215407e+03
3.658179689786361996e+04,9.499554898765703683e+02
3.658313517468446662e+04,9.150877161480273116e+02
3.658447354942562379e+04,1.013819578932693958e+03
3.658581202209783078e+04,1.437951078190705630e+03
3.658715059271184145e+04,1.856182213882142378e+03
3.658848926127840241e+04,1.707412985967112945e+03
3.658982802780826751e+04,1.446043394405698336e+03
3.659116689231219061e+04,1.180052639664244452e+03
3.659250585480094014e+04,1.015866802266739001e+03
3.659384491528524813e+04,1.316681112281122068e+03
3.659518407377589028e+04,1.853795569723602966e+03
3.659652333028362045e+04,1.635010174610358945e+03
3.659786268481920706e+04,1.269424926957588468e+03
3.659920213739340397e+04,1.004139826781467605e+03
3.660054168801697961e+04,1.064054874098195796e+03
3.660188133670070965e+04,1.026870068923982217e+03
3.660322108345534798e+04,8.813854112750036620e+02
3.660456092829166300e+04,1.082500901167458778e+03
3.660590087122043769e+04,1.102316538617567858e+03
3.660724091225244047e+04,1.120732323641530002e+03
3.660858105139844702e+04,9.619482562555544973e+02
3.660992128866923304e+04,1.288764336475850541e+03
3.661126162407556694e+04,1.108715173610616830e+03
3.661260205762823898e+04,9.226652760635377035e+02
3.661394258933801757e+04,1.069615440767658583e+03
3.661528321921570023e+04,1.296465667729826691e+03
3.661662394727205537e+04,1.379715956956872105e+03
3.661796477351788781e+04,1.827366308455647186e+03
3.661930569796396594e+04,1.485716722232980828e+03
3.662064672062108730e+04,1.081567198295720573e+03
3.662198784150003485e+04,9.540177366507059560e+02
3.662332906061160611e+04,8.965683373047839950e+02
3.662467037796659861e+04,8.725190002648027985e+02
3.662601179357580259e+04,8.660697255376052226e+02
3.662735330745000829e+04,1.213120513130034851e+03
3.662869491960001324e+04,9.583713630489389743e+02
3.663003663003662950e+04,9.298222753011750683e+02
3.663137843877064734e+04,9.178101753256266875e+02
3.663272034581287880e+04,9.020981656688288695e+02
3.663406235117412143e+04,1.014986221073417255e+03
3.663540445486518729e+04,9.508743415465467024e+02
3.663674665689686663e+04,8.836625270953575182e+02
3.663808895727998606e+04,1.064550777727014065e+03
3.663943135602535040e+04,1.181539093448666335e+03
3.664077385314377898e+04,1.403827474267473917e+03
3.664211644864606933e+04,1.707815920190581892e+03
3.664345914254306263e+04,1.360904431225164217e+03
3.664480193484554184e+04,1.340393007378356515e+03
3.664614482556434814e+04,1.330681648657332516e+03
3.664748781471030088e+04,1.202570355069252400e+03
3.664883090229421214e+04,9.321591266212702749e+02
3.665017408832691581e+04,9.184479633205555729e+02
3.665151737281923852e+04,1.021647917482387129e+03
3.665286075578199234e+04,1.129248399944205630e+03
3.665420423722601117e+04,9.882489924040032747e+02
3.665554781716212892e+04,9.294496948738808442e+02
3.665689149560117221e+04,1.168550507365931026e+03
3.665823527255397494e+04,1.536251429892254464e+03
3.665957914803138556e+04,1.600552462464968585e+03
3.666092312204421614e+04,1.595853605096149977e+03
3.666226719460331515e+04,1.429854857797915201e+03
3.666361136571952375e+04,1.307356220582373680e+03
3.666495563540368312e+04,1.261457693461634108e+03
3.666630000366662716e+04,1.076359276447797583e+03
3.666764447051921161e+04,1.063460969552989354e+03
3.666898903597227763e+04,9.463627727893181145e+02
3.667033370003667369e+04,9.506646861689014258e+02
3.667167846272324095e+04,9.854320896516974244e+02
3.667302332404283516e+04,9.318982878477501117e+02
3.667436828400630475e+04,9.188644688947365466e+02
3.667571334262451273e+04,9.203306327907682771e+02
3.667705849990830757e+04,9.426967795339588747e+02
3.667840375586854498e+04,9.192629091224214335e+02
3.667974911051608797e+04,8.772290215542675469e+02
3.668109456386178499e+04,8.774951168276109001e+02
3.668244011591650633e+04,9.253611949405618589e+02
3.668378576669112226e+04,9.239272558912306295e+02
3.668513151619648852e+04,1.085993299677730192e+03
3.668647736444346810e+04,1.239559326298171527e+03
3.668782331144293130e+04,1.530525335750665363e+03
3.668916935720575566e+04,1.869791328033320269e+03
3.669051550174279691e+04,2.200157303144249454e+03
3.669186174506493990e+04,2.086539366868391426e+03
3.669320808718306944e+04,2.010518618186371896e+03
3.669455452810803399e+04,1.814397581764139204e+03
3.669590106785072567e+04,1.391876257569973859e+03
3.669724770642201474e+04,1.279654645572219806e+03
3.669859444383280061e+04,1.363832745739136726e+03
3.669994128009394626e+04,1.438310558039089756e+03
3.670128821521635109e+04,1.157188082440338349e+03
3.670263524921089265e+04,1.030165318911205304e+03
3.670398238208845578e+04,1.051042267419992640e+03
3.670532961385993258e+04,1.176818927934980366e+03
3.670667694453620788e+04,9.231953004244708154e+02
3.670802437412818108e+04,9.769713848567231480e+02
3.670937190264674427e+04,1.099247181200018076e+03
3.671071953010278958e+04,1.209922689422635585e+03
3.671206725650721637e+04,1.786201179190151834e+03
3.671341508187091677e+04,2.265377637121850512e+03
3.671476300620479742e+04,2.498053638061792753e+03
3.671611102951975045e+04,2.078129181959684502e+03
3.671745915182668978e+04,1.744204268765131246e+03
3.671880737313652207e+04,1.287278898427771310e+03
3.672015569346013945e+04,9.965530708973112723e+02
3.672150411280846311e+04,9.162267861233224266e+02
3.672285263119239244e+04,1.078200044055477292e+03
3.672420124862284138e+04,1.317972844643380995e+03
3.672554996511072386e+04,1.447245187836639161e+03
3.672689878066696110e+04,1.386817073584822992e+03
3.672824769530245976e+04,1.525488501837571675e+03
3.672959670902813377e+04,1.438759472544489881e+03
3.673094582185491163e+04,1.667429985655116525e+03
3.673229503379370726e+04,1.519234339183912880e+03
3.673364434485544916e+04,1.611636665893368900e+03
3.673499375505105854e+04,1.445738382972867839e+03
3.673634326439146389e+04,1.253939490355204725e+03
3.673769287288758642e+04,1.359639987973218467e+03
3.673904258055035461e+04,1.245739875759703864e+03
3.674039238739069697e+04,1.358239153647455169e+03
3.674174229341954924e+04,1.202537821569222842e+03
3.674309229864784720e+04,1.161835879457756164e+03
3.674444240308653389e+04,1.181733327245760393e+03
3.674579260674653051e+04,1.188230164866075029e+03
3.674714290963877284e+04,1.214626392251449488e+03
3.674849331177421845e+04,1.639322009334499853e+03
3.674984381316378858e+04,1.334517016048064988e+03
3.675119441381844808e+04,1.859811412324716002e+03
3.675254511374913272e+04,1.516210397767277527e+03
3.675389591296677827e+04,1.104413564755855759e+03
3.675524681148234231e+04,8.731165849562515859e+02
3.675659780930676789e+04,9.550194583522886660e+02
3.675794890645101987e+04,9.356221849277580986e+02
3.675930010292603401e+04,9.723247646664938202e+02
3.676065139874278975e+04,1.617727197552265352e+03
3.676200279391221557e+04,1.617229483568917658e+03
3.676335428844527632e+04,2.225931622700241860e+03
3.676470588235294417e+04,2.082033614930018302e+03
3.676605757564616215e+04,1.839235460242070076e+03
3.676740936833590240e+04,1.922337158620177433e+03
3.676876126043312979e+04,1.934238710048131907e+03
3.677011325194881647e+04,1.672340114509713658e+03
3.677146534289391275e+04,1.830741371988734954e+03
3.677281753327939805e+04,1.935108974037019379e+03
3.677416982311624452e+04,1.490271308602329327e+03
3.677552221241541702e+04,1.252033000503245603e+03
3.677687470118788769e+04,1.133894049668872412e+03
3.677822728944465052e+04,9.292544560281744452e+02
3.677957997719666309e+04,9.371142195103495851e+02
3.678093276445490483e+04,9.088733400444559720e+02
3.678228565123036969e+04,7.973318175594572494e+02
3.678363863753402256e+04,8.186896519845051898e+02
3.678499172337685741e+04,8.141468432485634139e+02
3.678634490876986820e+04,9.289033912805957698e+02
3.678769819372401980e+04,1.078659296009754144e+03
3.678905157825031347e+04,1.357914557364954817e+03
3.679040506235973589e+04,1.361069175275209091e+03
3.679175864606328105e+04,1.537023149669480063e+03
3.679311232937193563e+04,1.575811235264644893e+03
3.679446611229671544e+04,1.312801594935172034e+03
3.679581999484858534e+04,1.040291593297271447e+03
3.679717397703856113e+04,1.646781230310993806e+03
3.679852805887764407e+04,2.668970505936441896e+03
3.679988224037682812e+04,4.403159420133744788e+03
3.680123652154712181e+04,4.921547972862977986e+03
3.680259090239952639e+04,3.483736164084245502e+03
3.680394538294505764e+04,1.736623993757596509e+03
3.680529996319470229e+04,1.265811461843187317e+03
3.680665464315948338e+04,1.396498568301041360e+03
3.680800942285040946e+04,1.456185313091234548e+03
3.680936430227849633e+04,1.337671696173817281e+03
3.681071928145475977e+04,1.269957717508839323e+03
3.681207436039020831e+04,1.351543377056377267e+03
3.681342953909586504e+04,1.372023982184459555e+03
3.681478481758273847e+04,1.579404602515816350e+03
3.681614019586186623e+04,1.957884897438141252e+03
3.681749567394425685e+04,2.612964866915537641e+03
3.681885125184094068e+04,2.731644510912036822e+03
3.682020692956294806e+04,1.569723829391669824e+03
3.682156270712129481e+04,1.025202822318516382e+03
3.682291858452701126e+04,9.109814896566074367e+02
3.682427456179113506e+04,8.314598313699507344e+02
3.682563063892468926e+04,1.053337847422601953e+03
3.682698681593871879e+04,1.203215537778545013e+03
3.682834309284425399e+04,1.527192902401811125e+03
3.682969946965233248e+04,1.636269941256408401e+03
3.683105594637398463e+04,1.867546654306368509e+03
3.683241252302025532e+04,1.544023041515675004e+03
3.683376919960219675e+04,1.417268017334703472e+03
3.683512597613083926e+04,1.868913252928622342e+03
3.683648285261722776e+04,2.502358219265221123e+03
3.683783982907242898e+04,2.099202916314688991e+03
3.683919690550745872e+04,1.633447344047353226e+03
3.684055408193339099e+04,1.300691502433382993e+03
3.684191135836127069e+04,1.436635391443026492e+03
3.684326873480214999e+04,1.280379011046512687e+03
3.684462621126708109e+04,1.259522361214069861e+03
3.684598378776713798e+04,1.320965441915868041e+03
3.684734146431335103e+04,9.099082531221947647e+02
3.684869924091679422e+04,8.607507948032193781e+02
3.685005711758853431e+04,1.175693066929131874e+03
3.685141509433962347e+04,1.592335069470160761e+03
3.685277317118112842e+04,1.555976802396495032e+03
3.685413134812413045e+04,1.892297511135148852e+03
3.685548962517967448e+04,1.426714962081329759e+03
3.685684800235884177e+04,1.391031854089787657e+03
3.685820647967269906e+04,1.337948187098742437e+03
3.685956505713232764e+04,1.139263961046333179e+03
3.686092373474878696e+04,1.019379175870820745e+03
3.686228251253318012e+04,1.079093831510222799e+03
3.686364139049655932e+04,1.092807927902839992e+03
3.686500036865000584e+04,1.418821464986811634e+03
3.686635944700460823e+04,1.294134442700236377e+03
3.686771862557144777e+04,1.432046860981253076e+03
3.686907790436161304e+04,1.162958719767960019e+03
3.687043728338617802e+04,1.006070018998536852e+03
3.687179676265624585e+04,1.112580758611000647e+03
3.687315634218289051e+04,1.367990938543531001e+03
3.687451602197721513e+04,1.085521526197420371e+03
3.687587580205030099e+04,1.496658661752780745e+03
3.687723568241324392e+04,2.462595925429651288e+03
3.687859566307714704e+04,2.131533317242216071e+03
3.687995574405311345e+04,1.864270837204659983e+03
3.688131592535221716e+04,2.596808485331130214e+03
3.688267620698558312e+04,1.881746261635838664e+03
3.688403658896429260e+04,1.567284166132942346e+03
3.688539707129947055e+04,1.729322198836652660e+03
3.688675765400221280e+04,2.019160359761145628e+03
3.688811833708362974e+04,2.009798648920613687e+03
3.688947912055481720e+04,1.446337066329233267e+03
3.689084000442690012e+04,1.372075612001215859e+03
3.689220098871098890e+04,1.078014285950755266e+03
3.689356207341818663e+04,1.205953088192035693e+03
3.689492325855961826e+04,8.751347536559776472e+02
3.689628454414640873e+04,8.443213104748122078e+02
3.689764593018965388e+04,8.969084566638648539e+02
3.689900741670049320e+04,9.869961922884897376e+02
3.690036900369003706e+04,9.635845174138710263e+02
3.690173069116941770e+04,1.066973432105320626e+03
3.690309247914975276e+04,1.105062936428064631e+03
3.690445436764216720e+04,1.021953030447372839e+03
3.690581635665781505e+04,1.039743714228684439e+03
3.690717844620779215e+04,1.461434987837098106e+03
3.690854063630323799e+04,1.128426851337968628e+03
3.690990292695529934e+04,1.063519304796692722e+03
3.691126531817510840e+04,8.794123482785828401e+02
3.691262780997379014e+04,1.037405981848907686e+03
3.691399040236249857e+04,8.944002055731070868e+02
3.691535309535235865e+04,1.008301195180057675e+03
3.691671588895451714e+04,1.262801100316612974e+03
3.691807878318012081e+04,1.326101433695886726e+03
3.691944177804031642e+04,1.128102195365318039e+03
3.692080487354624347e+04,1.233603385372315415e+03
3.692216806970905600e+04,1.479705003764349385e+03
3.692353136653990077e+04,1.577307050588859511e+03
3.692489476404992456e+04,1.267209525893285218e+03
3.692625826225028868e+04,1.338912429725127595e+03
3.692762186115213990e+04,1.370315762131826432e+03
3.692898556076663954e+04,1.816219523160883000e+03
3.693034936110495619e+04,1.602623712859829539e+03
3.693171326217823662e+04,1.464928331276105837e+03
3.693307726399763487e+04,1.331233378457181971e+03
3.693444136657433410e+04,9.902388544506525250e+02
3.693580556991948106e+04,1.120844802541286754e+03
3.693716987404425163e+04,1.203551179572343472e+03
3.693853427895980712e+04,1.184357985561495298e+03
3.693989878467733070e+04,9.447652205563367716e+02
3.694126339120798366e+04,1.031472884604369938e+03
3.694262809856293461e+04,1.259080977753127399e+03
3.694399290675335942e+04,1.056689500050172683e+03
3.694535781579044124e+04,9.655984515431005093e+02
3.694672282568535593e+04,8.183078322794744963e+02
3.694808793644929392e+04,1.103217642306920425e+03
3.694945314809340925e+04,1.225227881672909007e+03
3.695081846062890691e+04,9.645385504251274824e+02
3.695218387406695547e+04,1.094349648611109160e+03
3.695354938841875264e+04,1.130361176278509902e+03
3.695491500369548885e+04,1.447673133474955875e+03
3.695628071990835451e+04,1.366060683531164841e+03
3.695764653706851823e+04,1.325045357989389686e+03
3.695901245518719952e+04,1.144830142191829964e+03
3.696037847427557426e+04,1.627215036150633978e+03
3.696174459434485470e+04,2.035700039877989639e+03
3.696311081540622399e+04,2.201185153386052662e+03
3.696447713747089438e+04,1.528470376687012504e+03
3.696584356055005628e+04,1.175355709793032020e+03
3.696721008465491468e+04,1.383541152716291890e+03
3.696857670979667455e+04,1.603026705468971841e+03
3.696994343598654086e+04,1.414812368063252507e+03
3.697131026323572587e+04,1.289598140511321390e+03
3.697267719155543455e+04,1.203984022825358579e+03
3.697404422095689370e+04,1.200070015017568267e+03
3.697541135145128646e+04,1.029456117100105985e+03
3.697677858304984693e+04,1.061642615932222725e+03
3.697814591576378007e+04,9.156240251680223992e+02
3.697951334960431996e+04,1.001005041045986673e+03
3.698088088458266429e+04,8.841856635225591390e+02
3.698224852071006171e+04,8.762658925539852817e+02
3.698361625799770991e+04,9.971457280967091492e+02
3.698498409645683569e+04,9.580251701070608306e+02
3.698635203609868040e+04,9.429042185413144352e+02
3.698772007693445630e+04,9.628828733558568729e+02
3.698908821897539747e+04,1.063361134506990538e+03
3.699045646223274525e+04,9.412390019509889498e+02
3.699182480671771918e+04,8.982164756442114140e+02
3.699319325244155334e+04,1.033193555542959530e+03
3.699456179941548908e+04,1.139670241603507520e+03
3.699593044765076047e+04,1.391346533782157621e+03
3.699729919715860160e+04,1.408227053463741186e+03
3.699866804795027565e+04,1.437007029693555296e+03
3.700003700003700214e+04,1.227986597441231879e+03
3.700140605343002971e+04,1.289465756661410069e+03
3.700277520814060699e+04,1.279044507308728043e+03
3.700414446417998988e+04,1.069922849337795924e+03
3.700551382155941246e+04,1.029800782703310688e+03
3.700688328029013064e+04,1.064578307359881819e+03
3.700825284038340760e+04,1.020055423262089789e+03
3.700962250185048470e+04,1.017332130364602449e+03
3.701099226470261783e+04,1.088508428622029442e+03
3.701236212895107019e+04,1.223484317988950806e+03
3.701373209460709768e+04,1.146059798419975778e+03
3.701510216168196348e+04,1.058334869869685008e+03
3.701647233018693805e+04,9.552095322926290919e+02
3.701784260013326275e+04,9.996598764953218961e+02
3.701921297153222258e+04,9.024190560207214276e+02
3.702058344439508073e+04,9.671787211954310806e+02
3.702195401873310766e+04,1.319438872073395942e+03
3.702332469455756654e+04,2.496999508708526264e+03
3.702469547187974968e+04,4.819160631154873045e+03
3.702606635071090568e+04,5.866722239466274914e+03
3.702743733106231957e+04,6.040984333696746944e+03
3.702880841294526908e+04,3.870546913900270738e+03
3.703017959637103922e+04,2.459109980130860095e+03
3.703155088135090773e+04,1.986273532442495252e+03
3.703292226789616689e+04,1.729237570889225708e+03
3.703429375601807260e+04,1.640902095524927518e+03
3.703566534572793898e+04,1.311567106403754224e+03
3.703703703703703650e+04,1.265432603579651186e+03
3.703840882995666470e+04,1.536678072736386639e+03
3.703978072449810861e+04,1.247901187527825641e+03
3.704115272067266051e+04,1.053322577913986606e+03
3.704252481849163451e+04,1.022942243702903625e+03
3.704389701796629379e+04,1.111760184703474351e+03
3.704526931910795247e+04,8.770764007237326041e+02
3.704664172192790284e+04,8.884908915720832283e+02
3.704801422643745900e+04,6.989036570565594957e+02
3.704938683264791325e+04,7.699146969855655698e+02
3.705075954057058698e+04,9.443240111670120314e+02
3.705213235021675791e+04,1.161631599409549835e+03
3.705350526159774745e+04,1.059837461521089608e+03
3.705487827472486970e+04,9.676415973096650305e+02
3.705625138960942422e+04,8.924440065835565292e+02
3.705762460626273241e+04,7.637446891506751854e+02
3.705899792469612294e+04,8.446121846626745082e+02
3.706037134492088080e+04,1.263479538346063237e+03
3.706174486694833467e+04,2.097445318191671504e+03
3.706311849078981322e+04,2.951209524024361599e+03
3.706449221645663056e+04,2.071872155669220774e+03
3.706586604396011535e+04,1.966833212951111364e+03
3.706723997331158898e+04,1.485892695695007887e+03
3.706861400452237285e+04,1.669750603725886094e+03
3.706998813760379562e+04,1.431406936868607318e+03
3.707136237256719323e+04,1.834161694947922342e+03
3.707273670942388708e+04,1.977814877788805461e+03
3.707411114818522037e+04,4.583266485215895045e+03
3.707548568886252178e+04,6.118616517054051656e+03
3.707686033146713453e+04,8.099664973127914891e+03
3.707823507601038000e+04,8.592111853262456862e+03
3.707960992250361596e+04,3.745934002865166804e+03
3.708098487095817109e+04,1.833159235867096868e+03
3.708235992138539586e+04,1.447383343436652922e+03
3.708373507379662624e+04,1.659506325448725875e+03
3.708511032820322725e+04,1.999428181777883538e+03
3.708648568461652758e+04,2.277448912299096719e+03
3.708786114304787770e+04,2.865968516887092846e+03
3.708923670350864268e+04,3.044986995416441914e+03
3.709061236601015844e+04,2.251904347762033467e+03
3.709198813056379731e+04,1.154420573798354553e+03
3.709336399718090979e+04,7.863356734001351924e+02
3.709473996587283909e+04,6.736496464421843484e+02
3.709611603665096482e+04,1.142562492798909716e+03
3.709749220952663745e+04,1.878974212345041224e+03
3.709886848451122205e+04,2.059084804955145955e+03
3.710024486161608365e+04,1.883512055511954941e+03
3.710162134085260186e+04,1.184265812486210280e+03
3.710299792223211989e+04,1.642421116934076736e+03
3.710437460576602462e+04,1.823977969028066127e+03
3.710575139146567381e+04,1.372336368940249940e+03
3.710712827934246161e+04,1.085396316843250133e+03
3.710850526940774580e+04,1.335057812909137283e+03
3.710988236167291325e+04,1.879320857310424117e+03
3.711125955614933628e+04,2.354285450219401355e+03
3.711263685284839448e+04,3.704051591808471130e+03
3.711401425178147474e+04,2.458319282250145989e+03
3.711539175295994937e+04,1.632088521716715832e+03
3.711676935639521980e+04,1.133159310380914121e+03
3.711814706209865835e+04,1.012931648415032214e+03
3.711952487008166645e+04,1.099605535991802526e+03
3.712090278035562369e+04,1.406065176416501345e+03
3.712228079293191695e+04,2.190717680173779172e+03
3.712365890782195493e+04,2.555470893178888218e+03
3.712503712503712450e+04,2.420624815510762801e+03
3.712641544458881981e+04,2.416579447248388533e+03
3.712779386648845684e+04,2.134734788470901549e+03
3.712917239074741519e+04,1.441690839257187008e+03
3.713055101737709629e+04,1.468647599686280046e+03
3.713192974638891610e+04,1.825905069837317114e+03
3.713330857779428334e+04,2.770163249789384281e+03
3.713468751160458487e+04,2.356022139621417409e+03
3.713606654783125850e+04,1.674481739412703064e+03
3.713744568648568384e+04,1.587342049242125768e+03
3.713882492757929140e+04,1.233903069188923837e+03
3.714020427112348989e+04,9.199647993321825652e+02
3.714158371712969529e+04,8.343723887905164247e+02
3.714296326560933085e+04,1.097876114822535328e+03
3.714434291657380527e+04,1.600880108570612947e+03
3.714572267003454908e+04,1.547984370064608584e+03
3.714710252600297099e+04,1.404488899334324287e+03
3.714848248449050880e+04,1.476393696409639233e+03
3.714986254550857848e+04,1.915998761320374342e+03
3.715124270906861784e+04,2.061404094096408699e+03
3.715262297518204286e+04,2.321609694767562360e+03
3.715400334386030590e+04,1.554915563363752426e+03
3.715538381511480839e+04,1.285921699914762712e+03
3.715676438895700994e+04,1.169428104450528281e+03
3.715814506539833383e+04,1.729934777000889426e+03
3.715952584445022512e+04,1.803641717595743557e+03
3.716090672612411436e+04,1.743548926264950069e+03
3.716228771043146116e+04,1.406406540578997237e+03
3.716366879738368152e+04,1.332667996680697343e+03
3.716504998699223506e+04,1.142030066857267229e+03
3.716643127926856687e+04,8.300927511771694753e+02
3.716781267422412202e+04,9.020560497088670218e+02
3.716919417187035287e+04,1.403619962520865556e+03
3.717057577221871907e+04,1.382784489681715968e+03
3.717195747528065112e+04,1.643749631259793659e+03
3.717333928106761596e+04,1.581015387323691129e+03
3.717472118959108047e+04,1.550081757942002241e+03
3.717610320086248248e+04,1.138548743183146598e+03
3.717748531489329616e+04,1.586816343115760901e+03
3.717886753169498115e+04,1.325584557808394266e+03
3.718024985127900436e+04,1.273953387329641146e+03
3.718163227365681814e+04,1.124522831748006865e+03
3.718301479883988941e+04,1.463249705174380551e+03
3.718439742683969962e+04,2.178485541806691799e+03
3.718578015766770841e+04,3.074822801600987987e+03
3.718716299133538996e+04,3.908861484716075211e+03
3.718854592785422574e+04,3.597201591310857566e+03
3.718992896723567537e+04,2.054643121543939742e+03
3.719131210949122033e+04,1.232586075574226697e+03
3.719269535463234934e+04,1.052030453560725164e+03
3.719407870267053659e+04,1.069176255662240010e+03
3.719546215361725626e+04,1.124023482037575832e+03
3.719684570748401165e+04,1.184772132845940860e+03
3.719822936428226240e+04,1.213822208245938100e+03
3.719961312402351177e+04,1.503473708396775464e+03
3.720099698671924125e+04,1.423126633457358821e+03
3.720238095238095411e+04,1.321580983586895400e+03
3.720376502102012455e+04,1.066245062231907241e+03
3.720514919264826312e+04,1.066108418435270096e+03
3.720653346727685857e+04,1.039172992286163435e+03
3.720791784491739963e+04,1.026338783920404921e+03
3.720930232558139687e+04,1.090005793474069151e+03
3.721068690928034630e+04,9.669740210830595970e+02
3.721207159602575121e+04,8.657434668833657270e+02
3.721345638582911488e+04,7.917141310109764163e+02
3.721484127870194789e+04,9.848860136019668516e+02
3.721622627465575351e+04,8.340591147923267954e+02
3.721761137370203505e+04,1.027633434718044555e+03
3.721899657585231762e+04,1.057108973515368234e+03
3.722038188111809723e+04,1.428085731320200694e+03
3.722176728951089899e+04,1.691463708268789105e+03
3.722315280104224803e+04,2.605742904497380550e+03
3.722453841572364763e+04,2.032062723479946499e+03
3.722592413356661564e+04,2.043458235217575293e+03
3.722730995458268444e+04,2.247152495783351696e+03
3.722869587878336461e+04,2.333345505037686962e+03
3.723008190618018853e+04,2.010137262840729136e+03
3.723146803678469587e+04,1.879627769052537815e+03
3.723285427060838992e+04,1.954117023533613065e+03
3.723424060766281036e+04,1.647705026144014482e+03
3.723562704795948957e+04,1.553391776743889977e+03
3.723701359150995995e+04,1.495677275193386777e+03
3.723840023832576117e+04,1.382961521352564432e+03
3.723978698841843288e+04,1.407344515081482086e+03
3.724117384179949295e+04,1.093026256240463908e+03
3.724256079848050285e+04,9.038067446893045371e+02
3.724394785847299499e+04,9.178859802881519272e+02
3.724533502178851631e+04,9.897331715418758904e+02
3.724672228843861376e+04,8.563785467929495780e+02
3.724810965843483427e+04,9.231226142908172960e+02
3.724949713178872480e+04,7.747653738893619675e+02
3.725088470851183229e+04,1.029206825442467789e+03
3.725227238861570368e+04,1.767646968804018343e+03
3.725366017211190774e+04,3.444985803827621567e+03
3.725504805901199143e+04,5.781523330367160270e+03
3.725643604932751623e+04,7.624359548276333953e+03
3.725782414307005092e+04,7.060694457408751077e+03
3.725921234025112790e+04,4.075628057618478579e+03
3.726060064088233048e+04,2.436060348758941018e+03
3.726198904497522017e+04,1.409391330683836486e+03
3.726337755254135845e+04,1.913821003246865303e+03
3.726476616359232139e+04,1.742349366301542432e+03
3.726615487813967775e+04,1.465662111281498710e+03
3.726754369619498902e+04,9.965773116392545035e+02
3.726893261776983127e+04,1.071591566499143255e+03
3.727032164287578053e+04,9.677048757554346139e+02
3.727171077152441285e+04,9.179172393023984569e+02
3.727310000372730428e+04,9.422286570343048879e+02
3.727448933949605271e+04,1.370639128845223922e+03
3.727587877884221234e+04,1.639348654629625571e+03
3.727726832177738106e+04,2.668157234281579804e+03
3.727865796831314219e+04,3.224364867695290286e+03
3.728004771846107906e+04,1.937171554764960547e+03
3.728143757223278226e+04,1.163377295384727404e+03
3.728282752963984240e+04,9.214820894487279475e+02
3.728421759069386462e+04,9.309859368509664819e+02
3.728560775540641771e+04,1.132788837485779140e+03
3.728699802378910681e+04,8.100168530268865652e+02
3.728838839585352980e+04,1.022159671829112767e+03
3.728977887161129183e+04,1.505603068087371412e+03
3.729116945107398351e+04,2.536247041866207837e+03
3.729256013425321726e+04,3.610991593230291983e+03
3.729395092116059095e+04,3.371036722244210068e+03
3.729534181180770247e+04,2.381782428972549042e+03
3.729673280620617879e+04,1.541428713480059059e+03
3.729812390436761052e+04,1.140175575831285869e+03
3.729951510630361736e+04,9.706230160909387905e+02
3.730090641202581901e+04,1.387871034323726690e+03
3.730229782154580607e+04,1.455819630594196269e+03
3.730368933487522008e+04,1.631168804967177266e+03
3.730508095202566619e+04,1.962218557507297646e+03
3.730647267300876410e+04,2.509568888279266957e+03
3.730786449783614080e+04,1.894746766945048648e+03
3.730925642651942326e+04,1.514828099393767161e+03
3.731064845907022391e+04,1.467010288594359281e+03
3.731204059550016973e+04,2.189893334642729315e+03
3.731343283582089498e+04,2.527577237634844096e+03
3.731482518004402664e+04,2.319561997666607567e+03
3.731621762818120624e+04,1.632547614834044907e+03
3.731761018024405348e+04,1.082634089233001987e+03
3.731900283624421718e+04,7.927214209595638295e+02
3.732039559619332431e+04,7.394096101096356506e+02
3.732178846010300913e+04,1.199298656779182693e+03
3.732318142798492045e+04,1.713888561064290343e+03
3.732457449985069979e+04,2.599979323060983461e+03
3.732596767571198870e+04,2.422170942865287543e+03
3.732736095558044326e+04,2.657863420573348321e+03
3.732875433946769044e+04,1.940716743411584275e+03
3.733014782738539361e+04,1.831266647735057859e+03
3.733154141934520158e+04,1.460716996296734351e+03
3.733293511535877042e+04,2.564867789146383529e+03
3.733432891543774167e+04,2.675619026333712100e+03
3.733572281959379325e+04,2.496170707908582699e+03
3.733711682783855940e+04,1.829222833920670382e+03
3.733851094018370350e+04,1.684675404419776214e+03
3.733990515664090344e+04,1.362528419455762105e+03
3.734129947722180805e+04,1.034381879078365500e+03
3.734269390193808067e+04,9.081357833373872381e+02
3.734408843080140650e+04,8.451901322827206968e+02
3.734548306382343435e+04,1.131944925964103277e+03
3.734687780101583485e+04,1.102600164431366693e+03
3.734827264239028591e+04,1.668755847734372765e+03
3.734966758795846545e+04,1.636257189098711933e+03
3.735106263773204410e+04,1.453858083461543174e+03
3.735245779172269249e+04,1.267659336474762767e+03
3.735385304994210310e+04,1.724460948178608305e+03
3.735524841240194655e+04,1.772962918613242891e+03
3.735664387911390077e+04,1.750065247818855596e+03
3.735803945008965820e+04,2.035467935835683420e+03
3.735943512534090405e+04,2.240470982703940081e+03
3.736083090487932350e+04,1.982174388463839023e+03
3.736222678871660901e+04,1.737978153155617974e+03
3.736362277686444577e+04,1.505682276819490198e+03
3.736501886933452624e+04,1.274086759495693968e+03
3.736641506613855745e+04,1.167391601224517444e+03
3.736781136728821730e+04,1.034396802046148878e+03
3.736920777279521280e+04,1.024602362000876383e+03
3.737060428267125099e+04,1.035504436408308266e+03
3.737200089692802430e+04,1.299207098902775670e+03
3.737339761557723250e+04,1.259810142804893303e+03
3.737479443863058987e+04,1.377313568157460850e+03
3.737619136609979614e+04,1.694317375003223788e+03
3.737758839799655834e+04,1.557921563384955334e+03
3.737898553433260531e+04,1.324526133345507787e+03
3.738038277511962224e+04,1.618631084927574193e+03
3.738178012036933069e+04,1.751936418173979973e+03
3.738317757009345951e+04,1.107242133127578199e+03
3.738457512430370844e+04,1.228448229831114531e+03
3.738597278301181359e+04,1.119554708327468234e+03
3.738737054622948199e+04,9.559615686594116823e+02
3.738876841396844975e+04,8.717688108698241649e+02
3.739016638624042389e+04,7.398764350014783986e+02
3.739156446305713325e+04,7.987454118481508658e+02
3.739296264443031396e+04,7.910145085476676741e+02
3.739436093037169485e+04,8.356839619218389998e+02
3.739575932089300477e+04,8.277537720106713550e+02
3.739715781600598712e+04,1.011023938854220319e+03
3.739855641572235618e+04,1.060294462492442563e+03
3.739995512005385535e+04,1.056365342965394348e+03
3.740135392901222804e+04,1.226936580313130889e+03
3.740275284260921762e+04,1.270708174575708654e+03
3.740415186085655296e+04,1.174080125793133902e+03
3.740555098376599199e+04,1.147752434005511532e+03
3.740695021134927083e+04,1.190425099252873224e+03
3.740834954361814016e+04,1.246398121575299683e+03
3.740974898058434337e+04,1.452871501012846238e+03
3.741114852225963114e+04,1.218645237605593820e+03
3.741254816865576140e+04,1.063395951615499143e+03
3.741394791978449939e+04,1.098431917943439885e+03
3.741534777565757395e+04,1.064066779468618961e+03
3.741674773628676485e+04,9.473005360667885952e+02
3.741814780168381549e+04,9.333331876140837267e+02
3.741954797186049836e+04,1.032164733986332521e+03
3.742094824682857143e+04,9.711951750595166004e+02
3.742234862659979990e+04,8.949245107095410958e+02
3.742374911118596356e+04,9.741527408121575036e+02
3.742514970059880579e+04,1.020579865243501104e+03
3.742655039485010639e+04,1.108505883879323164e+03
3.742795119395164511e+04,1.083530796595375250e+03
3.742935209791517991e+04,1.027254603267639141e+03
3.743075310675250512e+04,1.098077303771712650e+03
3.743215422047539323e+04,1.139598897983424195e+03
3.743355543909560947e+04,1.241054752502193651e+03
3.743495676262494089e+04,1.427305579855307997e+03
3.743635819107517455e+04,1.535654921046905201e+03
3.743775972445808293e+04,1.631002775910232231e+03
3.743916136278546765e+04,1.766249144278124504e+03
3.744056310606911575e+04,1.952394025983623123e+03
3.744196495432080701e+04,1.807837420859872736e+03
3.744336690755232848e+04,1.427679328739913899e+03
3.744476896577548177e+04,1.111519749456582531e+03
3.744617112900206121e+04,1.024458682842816415e+03
3.744757339724385383e+04,1.051296128731656836e+03
3.744897577051268308e+04,1.105732086955629711e+03
3.745037824882031418e+04,1.046766557348085598e+03
3.745178083217857056e+04,1.290799539741550234e+03
3.745318352059925382e+04,1.772731033968859037e+03
3.745458631409415830e+04,1.685645288925075192e+03
3.745598921267510741e+04,1.994158043180656705e+03
3.745739221635389549e+04,2.345069307587592448e+03
3.745879532514234597e+04,3.608479081978275644e+03
3.746019853905226046e+04,4.841487366185408973e+03
3.746160185809545510e+04,4.387494160041488612e+03
3.746300528228374606e+04,2.694599463379010558e+03
3.746440881162894948e+04,1.745003276030471625e+03
3.746581244614288880e+04,1.540605597828264308e+03
3.746721618583739473e+04,1.412506428604678831e+03
3.746862003072426887e+04,1.026305768192417645e+03
3.747002398081534920e+04,1.080603616423667518e+03
3.747142803612245916e+04,1.414299973130821854e+03
3.747283219665742217e+04,1.806194838146273014e+03
3.747423646243207622e+04,2.254888211302208674e+03
3.747564083345825202e+04,2.702163822451289889e+03
3.747704530974778027e+04,3.868841183750579603e+03
3.747844989131249895e+04,4.289017366529593346e+03
3.747985457816423877e+04,3.699692370655890954e+03
3.748125937031483772e+04,1.993866195996951319e+03
3.748266426777614834e+04,1.517938842420087440e+03
3.748406927056001587e+04,1.205710309792696535e+03
3.748547437867826375e+04,1.711180597982419613e+03
3.748687959214275179e+04,1.866449706856489456e+03
3.748828491096532525e+04,2.072017636282302192e+03
3.748969033515782940e+04,2.046184386127255038e+03
3.749109586473212403e+04,1.856649956258580460e+03
3.749250149970005441e+04,1.639814346543675583e+03
3.749390724007348763e+04,1.829177556849691882e+03
3.749531308586426894e+04,2.472939587044025757e+03
3.749671903708425816e+04,2.215126542161229281e+03
3.749812509374531510e+04,2.076213267654130050e+03
3.749953125585929956e+04,1.205698904665089231e+03
3.750093752343808592e+04,1.113483453071539543e+03
3.750234389649353398e+04,7.200669127510645922e+02
3.750375037503750355e+04,1.162949283581247983e+03
3.750515695908187627e+04,1.181030565439447173e+03
3.750656364863851195e+04,1.618210758203245859e+03
3.750797044371928496e+04,1.302189861750077625e+03
3.750937734433608421e+04,1.516867875957225351e+03
3.751078435050076951e+04,1.334244800702271505e+03
3.751219146222522249e+04,2.032420635862575409e+03
3.751359867952132481e+04,2.805195381315494160e+03
3.751500600240095810e+04,2.263869036938387126e+03
3.751641343087600399e+04,2.070041602608610901e+03
3.751782096495835140e+04,1.609053544625043287e+03
3.751922860465988924e+04,1.361368539907939066e+03
3.752063634999249916e+04,9.256828459364082846e+02
3.752204420096807007e+04,1.052596462632874591e+03
3.752345215759849816e+04,1.274809389919713794e+03
3.752486021989567962e+04,1.430421627719301341e+03
3.752626838787151064e+04,1.190133175954014860e+03
3.752767666153788014e+04,1.324044034546276635e+03
3.752908504090670613e+04,1.299254203418320685e+03
3.753049352598987025e+04,1.159263682492618045e+03
3.753190211679928325e+04,1.150572471691449664e+03
3.753331081334684131e+04,1.211080570937191624e+03
3.753471961564446974e+04,1.553887980152030195e+03
3.753612852370406472e+04,1.859094699258340825e+03
3.753753753753754427e+04,1.599300728178357531e+03
3.753894665715680458e+04,1.240710410338029305e+03
3.754035588257377094e+04,1.011231515793374456e+03
3.754176521380035410e+04,1.140253103367973381e+03
3.754317465084847208e+04,9.145751731161317366e+02
3.754458419373005017e+04,1.049997725092185647e+03
3.754599384245701367e+04,1.006820759350473509e+03
3.754740359704126604e+04,1.096644275945232494e+03
3.754881345749474713e+04,8.451682749308670282e+02
3.755022342382937495e+04,1.223992756361680676e+03
3.755163349605707481e+04,8.724177202920109266e+02
3.755304367418979382e+04,1.522643166776294493e+03
3.755445395823945000e+04,1.817369095868835757e+03
3.755586434821797593e+04,1.914395507624005404e+03
3.755727484413731145e+04,2.187422402096206497e+03
3.755868544600938912e+04,2.927449779339809993e+03
3.756009615384615608e+04,3.458956883422777082e+03
3.756150696765953762e+04,2.122267716558190386e+03
3.756291788746149541e+04,1.616479346841381812e+03
3.756432891326396930e+04,1.352391774362151864e+03
3.756574004507889185e+04,1.451804999210246478e+03
3.756715128291821748e+04,1.069119021475574982e+03
3.756856262679390056e+04,1.359233841248048066e+03
3.756997407671788824e+04,1.057449458617520349e+03
3.757138563270212762e+04,1.431765873673847636e+03
3.757279729475859494e+04,1.125183086507103098e+03
3.757420906289923005e+04,1.134201097207087969e+03
3.757562093713598733e+04,1.095719905863711801e+03
3.757703291748083575e+04,1.197639512566993517e+03
3.757844500394573697e+04,1.239659917406898558e+03
3.757985719654265267e+04,1.331081120473391366e+03
3.758126949528355181e+04,1.498770491982033946e+03
3.758268190018039604e+04,1.814348668045272689e+03
3.758409441124516161e+04,1.966026481660727768e+03
3.758550702848981746e+04,1.687803932787538088e+03
3.758691975192632526e+04,1.260481021384868200e+03
3.758833258156667580e+04,1.046457747411781611e+03
3.758974551742285257e+04,8.753341108273691589e+02
3.759115855950680998e+04,8.102101115908183147e+02
3.759257170783053152e+04,9.269857496612194154e+02
3.759398496240601526e+04,1.633061024997611185e+03
3.759539832324523013e+04,2.279035937559133799e+03
3.759681179036017420e+04,2.178310487304825983e+03
3.759822536376282369e+04,1.863884674193802766e+03
3.759963904346518393e+04,1.605258498185078452e+03
3.760105282947922387e+04,1.501531959237792307e+03
3.760246672181694885e+04,1.538507990978947646e+03
3.760388072049035691e+04,1.399284284071661205e+03
3.760529482551143155e+04,1.184660274539026659e+03
3.760670903689217812e+04,1.228735962346881479e+03
3.760812335464460921e+04,1.093411347461041942e+03
3.760953777878070105e+04,1.441086429847429145e+03
3.761095230931247352e+04,9.521612094718382195e+02
3.761236694625192467e+04,1.234435686300127600e+03
3.761378168961107440e+04,1.107809860298092644e+03
3.761519653940191347e+04,1.450283731431612978e+03
3.761661149563647632e+04,1.881457299666442850e+03
3.761802655832675373e+04,3.073330564968461204e+03
3.761944172748476558e+04,4.351103527303463125e+03
3.762085700312253175e+04,7.832776186637244791e+03
3.762227238525206485e+04,1.020424854293562385e+04
3.762368787388539204e+04,1.033558701765942897e+04
3.762510346903454047e+04,9.774412558700842055e+03
3.762651917071152275e+04,7.788136574027648749e+03
3.762793497892835876e+04,6.472559063467699161e+03
3.762935089369708294e+04,4.837580026848631860e+03
3.763076691502972972e+04,3.382299463998087504e+03
3.763218304293831898e+04,2.626317374743915479e+03
3.763359927743489243e+04,2.027033758913650672e+03
3.763501561853148451e+04,2.065148616334933649e+03
3.763643206624012237e+04,1.476261946835509207e+03
3.763784862057284772e+04,1.130673750242913684e+03
3.763926528154170228e+04,8.365840263846826019e+02
3.764068204915872775e+04,1.060592775088352028e+03
3.764209892343596584e+04,8.998999961814579365e+02
3.764351590438547282e+04,7.654056894913278484e+02
3.764493299201927584e+04,6.047489597575722655e+02
3.764635018634943117e+04,6.883119073278576252e+02
3.764776748738799506e+04,9.696753791770215685e+02
3.764918489514701650e+04,7.219393753642630145e+02
3.765060240963855176e+04,7.646038959488164437e+02
3.765202003087465710e+04,6.904689409899174279e+02
3.765343775886738877e+04,1.087334510546799720e+03
3.765485559362880304e+04,1.204800604678698619e+03
3.765627353517095617e+04,2.773667223444848787e+03
3.765769158350592625e+04,3.842234366904591752e+03
3.765910973864577682e+04,4.109502035117198830e+03
3.766052800060257141e+04,3.541570228141940333e+03
3.766194636938837357e+04,3.202938946038085760e+03
3.766336484501525410e+04,2.492608188864942349e+03
3.766478342749529111e+04,2.278177956681851356e+03
3.766620211684055539e+04,2.351509224261915278e+03
3.766762091306312504e+04,2.225046984331971998e+03
3.766903981617508543e+04,1.955885847182844827e+03
3.767045882618850737e+04,1.960825812939067873e+03
3.767187794311546895e+04,2.093466881725251824e+03
3.767329716696805554e+04,2.622309053666081581e+03
3.767471649775835249e+04,2.056852328886241594e+03
3.767613593549845245e+04,2.284096707510492706e+03
3.767755548020044080e+04,2.111142189663519275e+03
3.767897513187641744e+04,2.723288775470157361e+03
3.768039489053845318e+04,1.957336465054941527e+03
3.768181475619866251e+04,1.754185258542856900e+03
3.768323472886912350e+04,1.311935156058513712e+03
3.768465480856195063e+04,1.339886157726896272e+03
3.768607499528923654e+04,1.046638263672766698e+03
3.768749528906309570e+04,8.485591641304381483e+02
3.768891568989560619e+04,6.948948608984931070e+02
3.769033619779888249e+04,9.122329876149549364e+02
3.769175681278504635e+04,1.192673544554923183e+03
3.769317753486619040e+04,1.457216531992837872e+03
3.769459836405442911e+04,1.478561950203635206e+03
3.769601930036188423e+04,1.827009799462414549e+03
3.769744034380065568e+04,2.358160080043781818e+03
3.769886149438287248e+04,3.446212792223001543e+03
3.770028275212064182e+04,2.707067936274845579e+03
3.770170411702608544e+04,2.214825512474412790e+03
3.770312558911133237e+04,2.170985521096969023e+03
3.770454716838850436e+04,2.535347962417616145e+03
3.770596885486973042e+04,2.201512836711617638e+03
3.770739064856711775e+04,1.951180144253745084e+03
3.770881254949281720e+04,1.449492957765556412e+03
3.771023455765895051e+04,1.467493656140696430e+03
3.771165667307764670e+04,1.522995380325528231e+03
3.771307889576104935e+04,1.320598130436197380e+03
3.771450122572129476e+04,1.186501906588780912e+03
3.771592366297050467e+04,1.079906708899216255e+03
3.771734620752083720e+04,1.087312537483789129e+03
3.771876885938442865e+04,1.166419392458576112e+03
3.772019161857342260e+04,1.244427273939723818e+03
3.772161448509996262e+04,1.273136182043378312e+03
3.772303745897619956e+04,1.345246116885755782e+03
3.772446054021427699e+04,1.703457078583002385e+03
3.772588372882634576e+04,1.364569067251334445e+03
3.772730702482457127e+04,1.428882083007106758e+03
3.772873042822108982e+04,1.363296125966396175e+03
3.773015393902806682e+04,1.592977901065286233e+03
3.773157755725767493e+04,1.554160209468263020e+03
3.773300128292204317e+04,1.533743497594005703e+03
3.773442511603335879e+04,1.483727765553652489e+03
3.773584905660377262e+04,1.422213013458009527e+03
3.773727310464545735e+04,1.149899241418082738e+03
3.773869726017057837e+04,9.723864495448108300e+02
3.774012152319130109e+04,8.475746379491331481e+02
3.774154589371981274e+04,8.054638067421881260e+02
3.774297037176825688e+04,7.819539560347152474e+02
3.774439495734883531e+04,1.333545085937985732e+03
3.774581965047370613e+04,1.560837196562872577e+03
3.774724445115506387e+04,1.731930288020580292e+03
3.774866935940507392e+04,1.496224360422047766e+03
3.775009437523593806e+04,1.436519413878545947e+03
3.775151949865982169e+04,1.265918080461020054e+03
3.775294472968891932e+04,1.208509767257214207e+03
3.775437006833541091e+04,9.604016648501499276e+02
3.775579551461149094e+04,1.009493773263714274e+03
3.775722106852935394e+04,1.137786092521792852e+03
3.775864673010119441e+04,1.339078622648271903e+03
3.776007249933919957e+04,1.427971363667023752e+03
3.776149837625557120e+04,1.456364315601947737e+03
3.776292436086250382e+04,1.362557478476931010e+03
3.776435045317220647e+04,1.301650852315887505e+03
3.776577665319687367e+04,1.111544437142703600e+03
3.776720296094871446e+04,1.091038232981293959e+03
3.776862937643993064e+04,1.031632239855558964e+03
3.777005589968273125e+04,1.405926457789413234e+03
3.777148253068933263e+04,1.227520886806785484e+03
3.777290926947193657e+04,1.125252225589342970e+03
3.777433611604275939e+04,9.845803671519422551e+02
3.777576307041401742e+04,1.000608389958239059e+03
3.777719013259794156e+04,9.355362939947588075e+02
3.777861730260672630e+04,9.210640792480678556e+02
3.778004458045260253e+04,9.140917457046921299e+02
3.778147196614780114e+04,1.036519293351157785e+03
3.778289945970453846e+04,1.235446722174007164e+03
3.778432706113503809e+04,1.308974032159774197e+03
3.778575477045154548e+04,1.075401223294968986e+03
3.778718258766626241e+04,9.898282955661493361e+02
3.778861051279144885e+04,8.797552489598097054e+02
3.779003854583931388e+04,9.257820834624997133e+02
3.779146668682211020e+04,9.304087990607220036e+02
3.779289493575207598e+04,1.353835395740994272e+03
3.779432329264144937e+04,1.260008154865253800e+03
3.779575175750246126e+04,1.215684817293755032e+03
3.779718033034735708e+04,1.191261750097755566e+03
3.779860901118838956e+04,1.103638953307934798e+03
3.780003780003779684e+04,1.146516426954935241e+03
3.780146669690783892e+04,9.417941710694542508e+02
3.780289570181076124e+04,9.680721856821521669e+02
3.780432481475880923e+04,1.004650470823689830e+03
3.780575403576424287e+04,1.073429026524764595e+03
3.780718336483932217e+04,1.267707852816073228e+03
3.780861280199629255e+04,1.416086949728277204e+03
3.781004234724742855e+04,1.713066317292109261e+03
3.781147200060498290e+04,1.332245955538249291e+03
3.781290176208122284e+04,1.355825864497411885e+03
3.781433163168840838e+04,1.091606044200294491e+03
3.781576160943881405e+04,1.108303778233736921e+03
3.781719169534469984e+04,1.072704064467525313e+03
3.781862188941834756e+04,1.015704842365073546e+03
3.782005219167202449e+04,9.443061119821413740e+02
3.782148260211800516e+04,9.441078733745212048e+02
3.782291312076856411e+04,9.917101265980058997e+02
3.782434374763597589e+04,1.070012871708387138e+03
3.782577448273253685e+04,1.046116108761557143e+03
3.782720532607050700e+04,1.128319837813242430e+03
3.782863627766218997e+04,1.137024058919367235e+03
3.783006733751986758e+04,1.242728772135757481e+03
3.783149850565581437e+04,9.816339775182053700e+02
3.783292978208232671e+04,1.097539675122602830e+03
3.783436116681170097e+04,1.010245865004841448e+03
3.783579265985621896e+04,1.168152547220746555e+03
3.783722426122819161e+04,1.067410886786990886e+03
3.783865597093991528e+04,1.146865455241301333e+03
3.784008778900367179e+04,1.180620103505530551e+03
3.784151971543177206e+04,1.148274831588746565e+03
3.784295175023651973e+04,1.007629639500011876e+03
3.784438389343021117e+04,9.504845272483837562e+02
3.784581614502516459e+04,9.000394948429357100e+02
3.784724850503368361e+04,9.329945422927302161e+02
3.784868097346807917e+04,8.897496696068352549e+02
3.785011355034065491e+04,1.019804876794313486e+03
3.785154623566372902e+04,8.332601638642380522e+02
3.785297902944961970e+04,1.044015530825682617e+03
3.785441193171063787e+04,1.033770977687715003e+03
3.785584494245910901e+04,1.151526504459413673e+03
3.785727806170736585e+04,9.818821111498630216e+02
3.785871128946771205e+04,1.041565021592025005e+03
3.786014462575247308e+04,9.790452147874748334e+02
3.786157807057398168e+04,9.536252171751997366e+02
3.786301162394456333e+04,1.031105028733531981e+03
3.786444528587655805e+04,1.068584649440777639e+03
3.786587905638229859e+04,1.104764079275255881e+03
3.786731293547410314e+04,1.200543318215311047e+03
3.786874692316431174e+04,1.051222366239249368e+03
3.787018101946527167e+04,1.189801223325364390e+03
3.787161522438931570e+04,1.220779889451975123e+03
3.787304953794879111e+04,1.273358364597375385e+03
3.787448396015604521e+04,1.202736648739857628e+03
3.787591849102341075e+04,1.111714741857741956e+03
3.787735313056323503e+04,1.095892643929321139e+03
3.787878787878787989e+04,9.760703549328632107e+02
3.788022273570968537e+04,1.119758983507979110e+03
3.788165770134100603e+04,9.492490747321276103e+02
3.788309277569420374e+04,1.048139134899050077e+03
3.788452795878163306e+04,1.021329164005217763e+03
3.788596325061564858e+04,1.128119162047101099e+03
3.788739865120860486e+04,1.252509129021171475e+03
3.788883416057287832e+04,1.279699064923893047e+03
3.789026977872082352e+04,1.479988969751736704e+03
3.789170550566480961e+04,1.603378843501169285e+03
3.789314134141720569e+04,1.645068686168657223e+03
3.789457728599037364e+04,1.544658497750669312e+03
3.789601333939669712e+04,1.334848278243668346e+03
3.789744950164853799e+04,1.136138027644122985e+03
3.789888577275827993e+04,9.238277459484952487e+02
3.790032215273829206e+04,1.048017433153252114e+03
3.790175864160097262e+04,8.780937823033200402e+02
3.790319523935868347e+04,1.043369776393904885e+03
3.790463194602380827e+04,9.093457080172111091e+02
3.790606876160873071e+04,9.729215771661351937e+02
3.790750568612584902e+04,9.022973838335663004e+02
3.790894271958754689e+04,8.944731280124008208e+02
3.791037986200622254e+04,8.898488096955277342e+02
3.791181711339424510e+04,9.468244288758521634e+02
3.791325447376402735e+04,9.504999855462544929e+02
3.791469194312796026e+04,9.970754796996277491e+02
3.791612952149844205e+04,8.534509113288596609e+02
3.791756720888787822e+04,1.070726280426835729e+03
3.791900500530865975e+04,1.002501586986447819e+03
3.792044291077319940e+04,1.115676831000576840e+03
3.792188092529389542e+04,1.149152012462110861e+03
3.792331904888316058e+04,1.235381081814874506e+03
3.792475728155340039e+04,1.178105111692762648e+03
3.792619562331702036e+04,1.259828597256192552e+03
3.792763407418644783e+04,1.231951538443159052e+03
3.792907263417409558e+04,1.239473935191729424e+03
3.793051130329236912e+04,1.267495787440006779e+03
3.793195008155369578e+04,1.195817095125986043e+03
3.793338896897048835e+04,1.169337858187734355e+03
3.793482796555517416e+04,1.129358076563246186e+03
3.793626707132018055e+04,1.018177750190516235e+03
3.793770628627793485e+04,1.133696879007538882e+03
3.793914561044085713e+04,1.115815462952345797e+03
3.794058504382137471e+04,1.229633501962930723e+03
3.794202458643192949e+04,1.340850995977215916e+03
3.794346423828495608e+04,1.253367944933159833e+03
3.794490399939288181e+04,1.163220658728632316e+03
3.794634386976814858e+04,9.145793688408612070e+02
3.794778384942319826e+04,1.107638166894054621e+03
3.794922393837045820e+04,9.533970528982131327e+02
3.795066413662239211e+04,1.052156026863366833e+03
3.795210444419142732e+04,9.633150887995161611e+02
3.795354486109002028e+04,9.174742387166857043e+02
3.795498538733062014e+04,9.672334766248930009e+02
3.795642602292568336e+04,1.132492802534162820e+03
3.795786676788764453e+04,1.095952216454501240e+03
3.795930762222896738e+04,1.117811718395938442e+03
3.796074858596211561e+04,9.432713083685043784e+02
3.796218965909953113e+04,1.080730986382211313e+03
3.796363084165369219e+04,9.917907524471008855e+02
3.796507213363705523e+04,1.161750606573197274e+03
3.796651353506207670e+04,1.028852864263427591e+03
3.796795504594122758e+04,1.082158933448688458e+03
3.796939666628697159e+04,1.128765451133701845e+03
3.797083839611178701e+04,1.135172417369592949e+03
3.797228023542813753e+04,1.109579832207427444e+03
3.797372218424850143e+04,1.011687695698330117e+03
3.797516424258534971e+04,1.013596007893396745e+03
3.797660641045116063e+04,1.025404768843752436e+03
3.797804868785841973e+04,1.030113978600551945e+03
3.797949107481959800e+04,9.909236372148907321e+02
3.798093357134718099e+04,8.820337447379238256e+02
3.798237617745366879e+04,8.784443012208660093e+02
3.798381889315151784e+04,9.333553067147529418e+02
3.798526171845324279e+04,9.266667612708588422e+02
3.798670465337132191e+04,9.220786649403087267e+02
3.798814769791824801e+04,8.082927996504072325e+02
3.798959085210652120e+04,9.920059709060440127e+02
3.799103411594863428e+04,1.008719454688939095e+03
3.799247748945708736e+04,1.218533251034720024e+03
3.799392097264438053e+04,1.193147359979013345e+03
3.799536456552300660e+04,1.200861781557425047e+03
3.799680826810548024e+04,1.207276515805623603e+03
3.799825208040430152e+04,1.130991562759235876e+03
3.799969600243197783e+04,1.077306922453909465e+03
3.800114003420103109e+04,1.094822594925333306e+03
3.800258417572395410e+04,1.003538580209113547e+03
3.800402842701326153e+04,1.091954878340918413e+03
3.800547278808148258e+04,9.330714893564579597e+02
3.800691725894112460e+04,1.010588413291379538e+03
3.800836183960470953e+04,9.814056501813723798e+02
3.800980653008476656e+04,1.095495510995140648e+03
3.801125133039379580e+04,1.043482518899917295e+03
3.801269624054434098e+04,9.491695334195042051e+02
3.801414126054892404e+04,1.048456554554655668e+03
3.801558639042007417e+04,9.852435823061264273e+02
3.801703163017031329e+04,9.959306166746700910e+02
3.801847697981219244e+04,1.003817657661042745e+03
3.801992243935822626e+04,9.902047052659982000e+02
3.802136800882095849e+04,1.022091759490291565e+03
3.802281368821292563e+04,1.000878820334677926e+03
3.802425947754667141e+04,8.808658877999125707e+02
3.802570537683473958e+04,8.924529618867511545e+02
3.802715138608966663e+04,9.206400425959484437e+02
3.802859750532400358e+04,1.195227129928260410e+03
3.803004373455029418e+04,1.093314223884442526e+03
3.803149007378108945e+04,1.371752369986238136e+03
3.803293652302894043e+04,1.354193472878292141e+03
3.803438308230640541e+04,1.442934867958316318e+03
3.803582975162602816e+04,1.427476555259619772e+03
3.803727653100038151e+04,1.244618534815590920e+03
3.803872342044200923e+04,1.163460806659540140e+03
3.804017041996348416e+04,1.026203370824855028e+03
3.804161752957735735e+04,1.112646227344865110e+03
3.804306474929620163e+04,1.061889376252958300e+03
3.804451207913258258e+04,1.061532817582503185e+03
3.804595951909907308e+04,1.128576551366887315e+03
3.804740706920823868e+04,1.139420577639479006e+03
3.804885472947264498e+04,1.146164896433646618e+03
3.805030249990487209e+04,1.121209507782797345e+03
3.805175038051750016e+04,1.006954411720338157e+03
3.805319837132310931e+04,1.081798648879669145e+03
3.805464647233427240e+04,9.719382989075633077e+02
3.805609468356357684e+04,1.035077769284048372e+03
3.805754300502359547e+04,8.864170599886315358e+02
3.805899143672693026e+04,8.914561710007717465e+02
3.806043997868615406e+04,9.431951022999757015e+02
3.806188863091386156e+04,9.631338538657147410e+02
3.806333739342265471e+04,9.875724256774481091e+02
3.806478626622512093e+04,9.027108177146586740e+02
3.806623524933384033e+04,1.013049029956841309e+03
3.806768434276142943e+04,1.131687062383431567e+03
3.806913354652048292e+04,1.020524914973900991e+03
3.807058286062359548e+04,1.051062587707720468e+03
3.807203228508337634e+04,1.010300080564337009e+03
3.807348181991243473e+04,1.119937393523198580e+03
3.807493146512336534e+04,1.012974526563776067e+03
3.807638122072878468e+04,9.552114796655050668e+02
3.807783108674130199e+04,9.836482528078330461e+02
3.807928106317352649e+04,9.027848459702075843e+02
3.808073115003807470e+04,9.969212591320638239e+02
3.808218134734757768e+04,9.663574922728142838e+02
3.808363165511463740e+04,9.900935453719174575e+02
3.808508207335187035e+04,9.612294184088093516e+02
3.808653260207190760e+04,1.075465111362901553e+03
3.808798324128737295e+04,1.032300624213618448e+03
3.808943399101089017e+04,1.064935956940382766e+03
3.809088485125509760e+04,9.148711095225953613e+02
3.809233582203261176e+04,1.091306081939691239e+03
3.809378690335606370e+04,1.086640874171082260e+03
3.809523809523809177e+04,1.215975486196168731e+03
