0.000000	15.399000	81.764764	0.000971
1.000000	15.409000	81.873960	0.000812
2.000000	15.419000	81.983229	0.001124
3.000000	15.429000	82.092571	0.001032
4.000000	15.439000	82.201985	0.001032
5.000000	15.449000	82.311473	0.001038
6.000000	15.459000	82.421033	0.001020
7.000000	15.469000	82.530667	0.000873
8.000000	15.479000	82.640373	0.000916
9.000000	15.489000	82.750152	0.000635
10.000000	15.499000	82.860004	0.000275
11.000000	15.509000	82.969929	-0.000488
12.000000	15.519000	83.079926	-0.001611
13.000000	15.529000	83.189997	-0.000891
14.000000	15.539000	83.300140	-0.000158
15.000000	15.549000	83.410356	0.000770
16.000000	15.559000	83.520646	0.000672
17.000000	15.569000	83.631008	0.000763
18.000000	15.579000	83.741442	0.000788
19.000000	15.589000	83.851950	0.001124
20.000000	15.599000	83.962531	0.000849
21.000000	15.609000	84.073184	0.000855
22.000000	15.619000	84.183911	0.000776
23.000000	15.629000	84.294710	0.000855
24.000000	15.639000	84.405582	0.000910
25.000000	15.649000	84.516527	0.000947
26.000000	15.659000	84.627545	0.000910
27.000000	15.669000	84.738635	0.000892
28.000000	15.679000	84.849799	0.000983
29.000000	15.689000	84.961035	0.000953
30.000000	15.699000	85.072344	0.001026
31.000000	15.709000	85.183727	0.000995
32.000000	15.719000	85.295182	0.000916
33.000000	15.729000	85.406709	0.001044
34.000000	15.739000	85.518310	0.001014
35.000000	15.749000	85.629984	0.000892
36.000000	15.759000	85.741730	0.000989
37.000000	15.769000	85.853550	0.000892
38.000000	15.779000	85.965442	0.000934
39.000000	15.789000	86.077407	0.000892
40.000000	15.799000	86.189445	0.001014
41.000000	15.809000	86.301556	0.000953
42.000000	15.819000	86.413739	0.000849
43.000000	15.829000	86.525996	0.001020
44.000000	15.839000	86.638325	0.000989
45.000000	15.849000	86.750727	0.000855
46.000000	15.859000	86.863202	0.000898
47.000000	15.869000	86.975751	0.000904
48.000000	15.879000	87.088371	0.001032
49.000000	15.889000	87.201065	0.000904
50.000000	15.899000	87.313832	0.001178
51.000000	15.909000	87.426671	0.001014
52.000000	15.919000	87.539583	0.000928
53.000000	15.929000	87.652568	0.000831
54.000000	15.939000	87.765626	0.001001
55.000000	15.949000	87.878758	0.000818
56.000000	15.959000	87.991962	0.000892
57.000000	15.969000	88.105238	0.000928
58.000000	15.979000	88.218588	0.001081
59.000000	15.989000	88.332010	0.000940
60.000000	15.999000	88.445505	0.000922
61.000000	16.009000	88.559074	0.000953
62.000000	16.019000	88.672715	0.000916
63.000000	16.029000	88.786428	0.000849
64.000000	16.039000	88.900215	0.000757
65.000000	16.049000	89.014074	0.000794
66.000000	16.059000	89.128007	0.000947
67.000000	16.069000	89.242012	0.000928
68.000000	16.079000	89.356091	0.000898
69.000000	16.089000	89.470242	0.000910
70.000000	16.099000	89.584466	0.000928
71.000000	16.109000	89.698762	0.001142
72.000000	16.119000	89.813132	0.000910
73.000000	16.129000	89.927574	0.000745
74.000000	16.139000	90.042090	0.000818
75.000000	16.149000	90.156678	0.000922
76.000000	16.159000	90.271339	0.000776
77.000000	16.169000	90.386073	0.000824
78.000000	16.179000	90.500880	0.000708
79.000000	16.189000	90.615760	-0.000170
80.000000	16.199000	90.730712	-0.003656
81.000000	16.209000	90.845738	-0.012921
82.000000	16.219000	90.960836	-0.030908
83.000000	16.229000	91.076007	-0.032952
84.000000	16.239000	91.191251	-0.019476
85.000000	16.249000	91.306568	-0.008496
86.000000	16.259000	91.421958	-0.002960
87.000000	16.269000	91.537421	-0.002490
88.000000	16.279000	91.652957	-0.007684
89.000000	16.289000	91.768565	-0.025177
90.000000	16.299000	91.884246	-0.063940
91.000000	16.309000	92.000000	-0.122515
92.000000	16.319000	92.115827	-0.112890
93.000000	16.329000	92.231727	-0.064257
94.000000	16.339000	92.347700	-0.025567
95.000000	16.349000	92.463745	-0.008105
96.000000	16.359000	92.579864	-0.002630
97.000000	16.369000	92.696055	-0.001483
98.000000	16.379000	92.812319	-0.003326
99.000000	16.389000	92.928656	-0.006408
100.000000	16.399000	93.045067	-0.009887
101.000000	16.409000	93.161549	-0.008209
102.000000	16.419000	93.278105	-0.005011
103.000000	16.429000	93.394733	-0.002093
104.000000	16.439000	93.511434	-0.000805
105.000000	16.449000	93.628209	-0.000341
106.000000	16.459000	93.745056	0.000196
107.000000	16.469000	93.861975	-0.000018
108.000000	16.479000	93.978968	-0.000177
109.000000	16.489000	94.096035	-0.000061
110.000000	16.499000	94.213174	0.000031
111.000000	16.509000	94.330385	-0.000030
112.000000	16.519000	94.447669	0.000092
113.000000	16.529000	94.565026	0.000287
114.000000	16.539000	94.682456	0.000287
115.000000	16.549000	94.799959	0.000153
116.000000	16.559000	94.917535	0.000330
117.000000	16.569000	95.035183	0.000251
118.000000	16.579000	95.152905	0.000165
119.000000	16.589000	95.270699	0.000165
120.000000	16.599000	95.388566	0.000354
121.000000	16.609000	95.506506	0.000525
122.000000	16.619000	95.624521	0.000525
123.000000	16.629000	95.742606	0.000593
124.000000	16.639000	95.860765	0.000635
125.000000	16.649000	95.978996	0.000672
126.000000	16.659000	96.097301	0.000666
127.000000	16.669000	96.215678	0.000672
128.000000	16.679000	96.334128	0.000708
129.000000	16.689000	96.452651	0.000458
130.000000	16.699000	96.571247	0.000544
131.000000	16.709000	96.689915	0.000586
132.000000	16.719000	96.808657	0.000434
133.000000	16.729000	96.927471	0.000434
134.000000	16.739000	97.046359	0.000324
135.000000	16.749000	97.165320	0.000312
136.000000	16.759000	97.284353	0.000605
137.000000	16.769000	97.403459	0.000672
138.000000	16.779000	97.522638	0.000696
139.000000	16.789000	97.641889	0.000776
140.000000	16.799000	97.761214	0.000892
141.000000	16.809000	97.880611	0.000861
142.000000	16.819000	98.000081	0.000837
143.000000	16.829000	98.119625	0.000739
144.000000	16.839000	98.239240	0.000922
145.000000	16.849000	98.358929	0.000812
146.000000	16.859000	98.478691	0.000806
147.000000	16.869000	98.598526	0.000751
148.000000	16.879000	98.718434	0.000696
149.000000	16.889000	98.838415	0.000831
150.000000	16.899000	98.958468	0.000745
151.000000	16.909000	99.078594	0.000739
152.000000	16.919000	99.198793	0.000806
153.000000	16.929000	99.319064	0.000971
154.000000	16.939000	99.439409	0.001081
155.000000	16.949000	99.559826	0.000904
156.000000	16.959000	99.680317	0.000788
157.000000	16.969000	99.800880	0.000751
158.000000	16.979000	99.921516	0.000861
159.000000	16.989000	100.042225	0.000983
160.000000	16.999000	100.163007	0.000910
161.000000	17.009000	100.283863	0.000794
162.000000	17.019000	100.404790	0.000684
163.000000	17.029000	100.525791	0.000873
164.000000	17.039000	100.646864	0.000898
165.000000	17.049000	100.768010	0.000629
166.000000	17.059000	100.889229	0.000342
167.000000	17.069000	101.010521	0.000141
168.000000	17.079000	101.131886	0.000159
169.000000	17.089000	101.253324	0.000281
170.000000	17.099000	101.374834	0.000617
171.000000	17.109000	101.496417	0.000776
172.000000	17.119000	101.618074	0.000727
173.000000	17.129000	101.739804	0.000971
174.000000	17.139000	101.861606	0.000861
175.000000	17.149000	101.983481	0.000879
176.000000	17.159000	102.105428	0.000794
177.000000	17.169000	102.227449	0.000904
178.000000	17.179000	102.349542	0.000800
179.000000	17.189000	102.471709	0.000910
180.000000	17.199000	102.593948	0.000782
181.000000	17.209000	102.716260	0.000788
182.000000	17.219000	102.838645	0.000885
183.000000	17.229000	102.961102	0.000818
184.000000	17.239000	103.083633	0.000800
185.000000	17.249000	103.206237	0.000623
186.000000	17.259000	103.328914	0.000843
187.000000	17.269000	103.451664	0.000867
188.000000	17.279000	103.574486	0.000989
189.000000	17.289000	103.697381	0.000855
190.000000	17.299000	103.820348	0.000898
191.000000	17.309000	103.943389	0.000806
192.000000	17.319000	104.066503	0.000837
193.000000	17.329000	104.189689	0.000721
194.000000	17.339000	104.312948	0.000879
195.000000	17.349000	104.436280	0.000831
196.000000	17.359000	104.559685	0.000867
197.000000	17.369000	104.683163	0.000721
198.000000	17.379000	104.806714	0.000739
199.000000	17.389000	104.930339	0.000971
200.000000	17.399000	105.054036	0.000953
201.000000	17.409000	105.177805	0.000904
202.000000	17.419000	105.301647	0.000892
203.000000	17.429000	105.425562	0.000794
204.000000	17.439000	105.549550	0.000922
205.000000	17.449000	105.673611	0.000818
206.000000	17.459000	105.797745	0.000947
207.000000	17.469000	105.921951	0.000959
208.000000	17.479000	106.046230	0.000763
209.000000	17.489000	106.170583	0.000660
210.000000	17.499000	106.295008	0.000788
211.000000	17.509000	106.419506	0.000788
212.000000	17.519000	106.544077	0.000721
213.000000	17.529000	106.668720	0.000818
214.000000	17.539000	106.793437	0.000708
215.000000	17.549000	106.918227	0.000550
216.000000	17.559000	107.043089	0.000159
217.000000	17.569000	107.168024	0.000190
218.000000	17.579000	107.293035	0.000232
219.000000	17.589000	107.418116	0.000574
220.000000	17.599000	107.543270	0.000568
221.000000	17.609000	107.668496	0.000696
222.000000	17.619000	107.793796	0.000684
223.000000	17.629000	107.919168	0.000641
224.000000	17.639000	108.044614	0.000770
225.000000	17.649000	108.170132	0.000544
226.000000	17.659000	108.295723	0.000989
227.000000	17.669000	108.421387	0.000794
228.000000	17.679000	108.547123	0.001020
229.000000	17.689000	108.672933	0.000831
230.000000	17.699000	108.798815	0.000812
231.000000	17.709000	108.924771	0.000812
232.000000	17.719000	109.050799	0.000770
233.000000	17.729000	109.176900	0.001056
234.000000	17.739000	109.303074	0.000916
235.000000	17.749000	109.429321	0.000733
236.000000	17.759000	109.555640	0.000452
237.000000	17.769000	109.682033	-0.000238
238.000000	17.779000	109.808498	-0.002856
239.000000	17.789000	109.935037	-0.007959
240.000000	17.799000	110.061648	-0.010443
241.000000	17.809000	110.188332	-0.006256
242.000000	17.819000	110.315089	-0.002264
243.000000	17.829000	110.441918	-0.000323
244.000000	17.839000	110.568824	0.000385
245.000000	17.849000	110.695799	0.000428
246.000000	17.859000	110.822848	0.000129
247.000000	17.869000	110.949969	-0.000988
248.000000	17.879000	111.077163	-0.001739
249.000000	17.889000	111.204430	-0.001080
250.000000	17.899000	111.331770	-0.000274
251.000000	17.909000	111.459182	0.000275
252.000000	17.919000	111.586668	0.000721
253.000000	17.929000	111.714226	0.000623
254.000000	17.939000	111.841858	0.000684
255.000000	17.949000	111.969562	0.000690
256.000000	17.959000	112.097339	0.000593
257.000000	17.969000	112.225189	0.000696
258.000000	17.979000	112.353111	0.000538
259.000000	17.989000	112.481107	0.000837
260.000000	17.999000	112.609175	0.000708
261.000000	18.009000	112.737317	0.000757
262.000000	18.019000	112.865531	0.000751
263.000000	18.029000	112.993818	0.000477
264.000000	18.039000	113.122178	0.000599
265.000000	18.049000	113.250611	0.000641
266.000000	18.059000	113.379116	0.000745
267.000000	18.069000	113.507695	0.000873
268.000000	18.079000	113.636346	0.000696
269.000000	18.089000	113.765074	0.000690
270.000000	18.099000	113.893871	0.000812
271.000000	18.109000	114.022741	0.000770
272.000000	18.119000	114.151684	0.000739
273.000000	18.129000	114.280699	0.000849
274.000000	18.139000	114.409788	0.000745
275.000000	18.149000	114.538949	0.000818
276.000000	18.159000	114.668184	0.000654
277.000000	18.169000	114.797491	0.000824
278.000000	18.179000	114.926871	0.000708
279.000000	18.189000	115.056324	0.000770
280.000000	18.199000	115.185850	0.000855
281.000000	18.209000	115.315448	0.000727
282.000000	18.219000	115.445120	0.000873
283.000000	18.229000	115.574864	0.000745
284.000000	18.239000	115.704681	0.000940
285.000000	18.249000	115.834572	0.000843
286.000000	18.259000	115.964535	0.000965
287.000000	18.269000	116.094570	0.001014
288.000000	18.279000	116.224679	0.000898
289.000000	18.289000	116.354861	0.000824
290.000000	18.299000	116.485115	0.000751
291.000000	18.309000	116.615442	0.000977
292.000000	18.319000	116.745843	0.000885
293.000000	18.329000	116.876316	0.000684
294.000000	18.339000	117.006862	0.000812
295.000000	18.349000	117.137484	0.000843
296.000000	18.359000	117.268175	0.000818
297.000000	18.369000	117.398940	0.000898
298.000000	18.379000	117.529777	0.000824
299.000000	18.389000	117.660687	0.000806
300.000000	18.399000	117.791670	0.001001
301.000000	18.409000	117.922726	0.000873
302.000000	18.419000	118.053855	0.000715
303.000000	18.429000	118.185057	0.000751
304.000000	18.439000	118.316332	0.000867
305.000000	18.449000	118.447679	0.000861
306.000000	18.459000	118.579099	0.001032
307.000000	18.469000	118.710593	0.000843
308.000000	18.479000	118.842159	0.000867
309.000000	18.489000	118.973798	0.000947
310.000000	18.499000	119.105509	0.000794
311.000000	18.509000	119.237294	0.000849
312.000000	18.519000	119.369151	0.000831
313.000000	18.529000	119.501082	0.000910
314.000000	18.539000	119.633085	0.000708
315.000000	18.549000	119.765161	0.000702
316.000000	18.559000	119.897310	0.000409
317.000000	18.569000	120.029532	-0.000073
318.000000	18.579000	120.161827	0.000257
319.000000	18.589000	120.294194	0.000678
320.000000	18.599000	120.426635	0.000635
321.000000	18.609000	120.559151	0.000812
322.000000	18.619000	120.691737	0.000739
323.000000	18.629000	120.824397	0.000751
324.000000	18.639000	120.957128	0.000782
325.000000	18.649000	121.089933	0.000666
326.000000	18.659000	121.222811	0.000818
327.000000	18.669000	121.355761	0.000910
328.000000	18.679000	121.488785	0.000873
329.000000	18.689000	121.621881	0.000794
330.000000	18.699000	121.755050	0.000953
331.000000	18.709000	121.888292	0.000763
332.000000	18.719000	122.021607	0.000818
333.000000	18.729000	122.154995	0.000684
334.000000	18.739000	122.288455	0.000885
335.000000	18.749000	122.421989	0.000806
336.000000	18.759000	122.555595	0.000873
337.000000	18.769000	122.689274	0.000794
338.000000	18.779000	122.823026	0.000861
339.000000	18.789000	122.956851	0.000770
340.000000	18.799000	123.090749	0.000690
341.000000	18.809000	123.224720	0.000605
342.000000	18.819000	123.358763	0.000635
343.000000	18.829000	123.492880	0.000708
344.000000	18.839000	123.627069	0.000794
345.000000	18.849000	123.761331	0.000812
346.000000	18.859000	123.895669	0.000739
347.000000	18.869000	124.030077	0.000763
348.000000	18.879000	124.164558	0.000776
349.000000	18.889000	124.299111	0.000586
350.000000	18.899000	124.433738	0.000733
351.000000	18.909000	124.568437	0.000654
352.000000	18.919000	124.703209	0.000818
353.000000	18.929000	124.838054	0.000757
354.000000	18.939000	124.972972	0.000452
355.000000	18.949000	125.107963	0.000531
356.000000	18.959000	125.243027	0.000678
357.000000	18.969000	125.378163	0.000568
358.000000	18.979000	125.513372	0.000770
359.000000	18.989000	125.648655	0.000995
360.000000	18.999000	125.784010	0.000824
361.000000	19.009000	125.919438	0.000800
362.000000	19.019000	126.054939	0.000892
363.000000	19.029000	126.190512	0.000837
364.000000	19.039000	126.326159	0.000831
365.000000	19.049000	126.461878	0.000861
366.000000	19.059000	126.597671	0.000818
367.000000	19.069000	126.733536	0.000763
368.000000	19.079000	126.869474	0.000898
369.000000	19.089000	127.005485	0.000794
370.000000	19.099000	127.141569	0.000739
371.000000	19.109000	127.277725	0.000770
372.000000	19.119000	127.413958	0.000873
373.000000	19.129000	127.550260	0.000617
374.000000	19.139000	127.686636	0.000629
375.000000	19.149000	127.823084	0.000092
376.000000	19.159000	127.959605	-0.000958
377.000000	19.169000	128.096199	-0.000677
378.000000	19.179000	128.232865	-0.000262
379.000000	19.189000	128.369605	0.000367
380.000000	19.199000	128.506417	0.000715
381.000000	19.209000	128.643303	0.000556
382.000000	19.219000	128.780261	0.000721
383.000000	19.229000	128.917292	0.000605
384.000000	19.239000	129.054396	0.000293
385.000000	19.249000	129.191572	0.000361
386.000000	19.259000	129.328822	0.000550
387.000000	19.269000	129.466145	0.000623
388.000000	19.279000	129.603540	0.000629
389.000000	19.289000	129.741008	0.000885
390.000000	19.299000	129.878549	0.000593
391.000000	19.309000	130.016163	0.000818
392.000000	19.319000	130.153850	0.000879
393.000000	19.329000	130.291610	0.000788
394.000000	19.339000	130.429442	0.000861
395.000000	19.349000	130.567348	0.000757
396.000000	19.359000	130.705326	0.000715
397.000000	19.369000	130.843381	0.000904
398.000000	19.379000	130.981505	0.000684
399.000000	19.389000	131.119702	0.000684
400.000000	19.399000	131.257971	0.000916
401.000000	19.409000	131.396311	0.000763
402.000000	19.419000	131.534730	0.000635
403.000000	19.429000	131.673215	0.000373
404.000000	19.439000	131.811779	-0.000769
405.000000	19.449000	131.950410	-0.002496
406.000000	19.459000	132.089120	-0.001556
407.000000	19.469000	132.227897	-0.000634
408.000000	19.479000	132.366753	0.000324
409.000000	19.489000	132.505675	0.000763
410.000000	19.499000	132.644677	0.000800
411.000000	19.509000	132.783751	0.000647
412.000000	19.519000	132.922892	0.000513
413.000000	19.529000	133.062113	0.000550
414.000000	19.539000	133.201399	0.000446
415.000000	19.549000	133.340765	0.000635
416.000000	19.559000	133.480198	0.000654
417.000000	19.569000	133.619709	0.000654
418.000000	19.579000	133.759287	0.000837
419.000000	19.589000	133.898945	0.000690
420.000000	19.599000	134.038669	0.000806
421.000000	19.609000	134.178472	0.000776
422.000000	19.619000	134.318342	0.000727
423.000000	19.629000	134.458291	0.000751
424.000000	19.639000	134.598306	0.000751
425.000000	19.649000	134.738401	0.000849
426.000000	19.659000	134.878562	0.000788
427.000000	19.669000	135.018802	0.000873
428.000000	19.679000	135.159109	0.000885
429.000000	19.689000	135.299495	0.000849
430.000000	19.699000	135.439947	0.000818
431.000000	19.709000	135.580479	0.000892
432.000000	19.719000	135.721078	0.000898
433.000000	19.729000	135.861755	0.000690
434.000000	19.739000	136.002499	0.000965
435.000000	19.749000	136.143323	0.000837
436.000000	19.759000	136.284219	0.000849
437.000000	19.769000	136.425181	0.000660
438.000000	19.779000	136.566224	0.000843
439.000000	19.789000	136.707332	0.000678
440.000000	19.799000	136.848520	0.000824
441.000000	19.809000	136.989773	0.000770
442.000000	19.819000	137.131107	0.000763
443.000000	19.829000	137.272507	0.000605
444.000000	19.839000	137.413986	0.000519
445.000000	19.849000	137.555531	-0.000207
446.000000	19.859000	137.697156	-0.001251
447.000000	19.869000	137.838847	-0.004626
448.000000	19.879000	137.980618	-0.009222
449.000000	19.889000	138.122455	-0.009307
450.000000	19.899000	138.264372	-0.005676
451.000000	19.909000	138.406354	-0.002362
452.000000	19.919000	138.548416	-0.000750
453.000000	19.929000	138.690545	-0.000024
454.000000	19.939000	138.832753	-0.000225
455.000000	19.949000	138.975027	-0.000653
456.000000	19.959000	139.117380	-0.000921
457.000000	19.969000	139.259800	-0.000341
458.000000	19.979000	139.402300	0.000025
459.000000	19.989000	139.544865	0.000361
460.000000	19.999000	139.687510	0.000580
461.000000	20.009000	139.830228	0.000452
462.000000	20.019000	139.973012	0.000525
463.000000	20.029000	140.115876	0.000611
464.000000	20.039000	140.258806	0.000678
465.000000	20.049000	140.401815	0.000684
466.000000	20.059000	140.544891	0.000873
467.000000	20.069000	140.688046	0.000593
468.000000	20.079000	140.831268	0.000586
469.000000	20.089000	140.974569	0.000550
470.000000	20.099000	141.117936	0.000550
471.000000	20.109000	141.261382	0.000586
472.000000	20.119000	141.404895	0.000647
473.000000	20.129000	141.548487	0.000580
474.000000	20.139000	141.692146	0.000727
475.000000	20.149000	141.835884	0.000690
476.000000	20.159000	141.979688	0.000641
477.000000	20.169000	142.123572	0.000721
478.000000	20.179000	142.267522	0.000702
479.000000	20.189000	142.411552	0.000763
480.000000	20.199000	142.555647	0.000855
481.000000	20.209000	142.699823	0.000684
482.000000	20.219000	142.844064	0.000702
483.000000	20.229000	142.988385	0.000672
484.000000	20.239000	143.132773	0.000605
485.000000	20.249000	143.277239	0.000751
486.000000	20.259000	143.421772	0.000629
487.000000	20.269000	143.566385	0.000702
488.000000	20.279000	143.711070	0.000580
489.000000	20.289000	143.855822	0.000660
490.000000	20.299000	144.000653	0.000617
491.000000	20.309000	144.145550	0.000727
492.000000	20.319000	144.290527	0.000818
493.000000	20.329000	144.435570	0.000745
494.000000	20.339000	144.580693	0.000861
495.000000	20.349000	144.725881	0.000843
496.000000	20.359000	144.871150	0.000745
497.000000	20.369000	145.016484	0.000672
498.000000	20.379000	145.161898	0.000696
499.000000	20.389000	145.307378	0.000739
500.000000	20.399000	145.452938	0.000788
501.000000	20.409000	145.598564	0.000733
502.000000	20.419000	145.744270	0.000782
503.000000	20.429000	145.890041	0.000556
504.000000	20.439000	146.035893	0.000330
505.000000	20.449000	146.181810	0.000416
506.000000	20.459000	146.327807	0.000641
507.000000	20.469000	146.473870	0.000684
508.000000	20.479000	146.620013	0.000800
509.000000	20.489000	146.766222	0.000892
510.000000	20.499000	146.912510	0.000751
511.000000	20.509000	147.058865	0.000727
512.000000	20.519000	147.205299	0.000806
513.000000	20.529000	147.351806	0.000568
514.000000	20.539000	147.498379	0.000586
515.000000	20.549000	147.645032	0.000776
516.000000	20.559000	147.791751	0.000660
517.000000	20.569000	147.938550	0.000721
518.000000	20.579000	148.085414	0.000794
519.000000	20.589000	148.232358	0.000898
520.000000	20.599000	148.379369	0.000849
521.000000	20.609000	148.526459	0.000666
522.000000	20.619000	148.673615	0.000776
523.000000	20.629000	148.820851	0.001026
524.000000	20.639000	148.968152	0.000751
525.000000	20.649000	149.115534	0.000794
526.000000	20.659000	149.262981	0.000678
527.000000	20.669000	149.410509	0.000696
528.000000	20.679000	149.558102	0.000568
529.000000	20.689000	149.705775	0.000501
530.000000	20.699000	149.853514	-0.000103
531.000000	20.709000	150.001333	-0.000152
532.000000	20.719000	150.149217	0.000141
533.000000	20.729000	150.297182	0.000354
534.000000	20.739000	150.445212	0.000458
535.000000	20.749000	150.593323	0.000599
536.000000	20.759000	150.741499	0.000562
537.000000	20.769000	150.889755	0.000483
538.000000	20.779000	151.038084	0.000635
539.000000	20.789000	151.186478	0.000556
540.000000	20.799000	151.334953	0.000580
541.000000	20.809000	151.483493	0.000617
542.000000	20.819000	151.632114	0.000623
543.000000	20.829000	151.780800	0.000306
544.000000	20.839000	151.929566	-0.000091
545.000000	20.849000	152.078398	-0.000512
546.000000	20.859000	152.227310	-0.000201
547.000000	20.869000	152.376287	0.000245
548.000000	20.879000	152.525345	0.000538
549.000000	20.889000	152.674468	0.000629
550.000000	20.899000	152.823671	0.000446
551.000000	20.909000	152.972940	0.000391
552.000000	20.919000	153.122290	0.000489
553.000000	20.929000	153.271704	0.000501
554.000000	20.939000	153.421199	0.000586
555.000000	20.949000	153.570760	0.000770
556.000000	20.959000	153.720400	0.000586
557.000000	20.969000	153.870106	0.000495
558.000000	20.979000	154.019893	0.000635
559.000000	20.989000	154.169745	0.000770
560.000000	20.999000	154.319677	0.000733
561.000000	21.009000	154.469674	0.000647
562.000000	21.019000	154.619752	0.000782
563.000000	21.029000	154.769895	0.000568
564.000000	21.039000	154.920119	0.000776
565.000000	21.049000	155.070415	0.000550
566.000000	21.059000	155.220777	0.000690
567.000000	21.069000	155.371219	0.000556
568.000000	21.079000	155.521727	0.000049
569.000000	21.089000	155.672315	-0.000640
570.000000	21.099000	155.822968	-0.002331
571.000000	21.109000	155.973702	-0.004425
572.000000	21.119000	156.124501	-0.004412
573.000000	21.129000	156.275380	-0.002331
574.000000	21.139000	156.426325	-0.000799
575.000000	21.149000	156.577350	0.000049
576.000000	21.159000	156.728441	0.000306
577.000000	21.169000	156.879612	0.000239
578.000000	21.179000	157.030848	-0.000256
579.000000	21.189000	157.182165	0.000177
580.000000	21.199000	157.333547	0.000409
581.000000	21.209000	157.485009	0.000538
582.000000	21.219000	157.636537	0.000837
583.000000	21.229000	157.788145	0.000660
584.000000	21.239000	157.939819	0.000806
585.000000	21.249000	158.091572	0.000666
586.000000	21.259000	158.243392	0.000800
587.000000	21.269000	158.395291	0.000672
588.000000	21.279000	158.547256	0.000733
589.000000	21.289000	158.699301	0.000611
590.000000	21.299000	158.851419	0.000751
591.000000	21.309000	159.003603	0.000696
592.000000	21.319000	159.155867	0.000727
593.000000	21.329000	159.308196	0.000867
594.000000	21.339000	159.460606	0.000721
595.000000	21.349000	159.613081	0.000440
596.000000	21.359000	159.765636	0.000501
597.000000	21.369000	159.918257	0.000214
598.000000	21.379000	160.070958	0.000501
599.000000	21.389000	160.223724	0.000562
600.000000	21.399000	160.376571	0.000477
601.000000	21.409000	160.529483	0.000641
602.000000	21.419000	160.682476	0.000538
603.000000	21.429000	160.835534	0.000849
604.000000	21.439000	160.988672	0.000770
605.000000	21.449000	161.141876	0.000678
606.000000	21.459000	161.295160	0.000684
607.000000	21.469000	161.448509	0.000763
608.000000	21.479000	161.601939	0.000831
609.000000	21.489000	161.755434	0.000855
610.000000	21.499000	161.909010	0.000794
611.000000	21.509000	162.062651	0.000647
612.000000	21.519000	162.216372	0.000794
613.000000	21.529000	162.370158	0.000684
614.000000	21.539000	162.524025	0.000666
615.000000	21.549000	162.677965	0.000715
616.000000	21.559000	162.831970	0.000702
617.000000	21.569000	162.986056	0.000849
618.000000	21.579000	163.140207	0.000800
619.000000	21.589000	163.294438	0.000727
620.000000	21.599000	163.448735	0.000666
621.000000	21.609000	163.603112	0.000666
622.000000	21.619000	163.757554	0.000715
623.000000	21.629000	163.912077	0.000745
624.000000	21.639000	164.066665	0.000605
625.000000	21.649000	164.221333	0.000739
626.000000	21.659000	164.376067	0.000666
627.000000	21.669000	164.530881	0.000806
628.000000	21.679000	164.685761	0.000763
629.000000	21.689000	164.840721	0.000641
630.000000	21.699000	164.995746	0.000800
631.000000	21.709000	165.150852	0.000818
632.000000	21.719000	165.306023	0.000635
633.000000	21.729000	165.461275	0.000458
634.000000	21.739000	165.616591	0.000647
635.000000	21.749000	165.771988	0.000574
636.000000	21.759000	165.927451	0.000599
637.000000	21.769000	166.082994	0.000635
638.000000	21.779000	166.238602	0.000574
639.000000	21.789000	166.394291	0.000568
640.000000	21.799000	166.550045	0.000678
641.000000	21.809000	166.705879	0.000623
642.000000	21.819000	166.861786	0.000715
643.000000	21.829000	167.017759	0.000525
644.000000	21.839000	167.173812	0.000739
645.000000	21.849000	167.329930	0.000672
646.000000	21.859000	167.486129	0.000806
647.000000	21.869000	167.642393	0.000812
648.000000	21.879000	167.798737	0.000812
649.000000	21.889000	167.955147	0.000599
650.000000	21.899000	168.111637	0.000849
651.000000	21.909000	168.268193	0.000794
652.000000	21.919000	168.424829	0.000599
653.000000	21.929000	168.581530	0.000684
654.000000	21.939000	168.738312	0.000721
655.000000	21.949000	168.895159	0.000684
656.000000	21.959000	169.052086	0.000751
657.000000	21.969000	169.209079	0.000727
658.000000	21.979000	169.366152	0.000745
659.000000	21.989000	169.523290	0.000397
660.000000	21.999000	169.680509	0.000513
661.000000	22.009000	169.837793	0.000147
662.000000	22.019000	169.995158	-0.000024
663.000000	22.029000	170.152588	0.000025
664.000000	22.039000	170.310098	0.000391
665.000000	22.049000	170.467674	0.000501
666.000000	22.059000	170.625330	0.000733
667.000000	22.069000	170.783059	0.000654
668.000000	22.079000	170.940853	0.000507
669.000000	22.089000	171.098727	0.000593
670.000000	22.099000	171.256667	0.000702
671.000000	22.109000	171.414688	0.000501
672.000000	22.119000	171.572773	0.000391
673.000000	22.129000	171.730940	-0.000122
674.000000	22.139000	171.889171	-0.000714
675.000000	22.149000	172.047483	-0.000408
676.000000	22.159000	172.205860	0.000062
677.000000	22.169000	172.364318	0.000403
678.000000	22.179000	172.522840	0.000580
679.000000	22.189000	172.681444	0.000623
680.000000	22.199000	172.840112	0.000483
681.000000	22.209000	172.998861	0.000586
682.000000	22.219000	173.157676	0.000513
683.000000	22.229000	173.316571	0.000538
684.000000	22.239000	173.475531	0.000647
685.000000	22.249000	173.634571	0.000678
686.000000	22.259000	173.793677	0.000373
687.000000	22.269000	173.952863	0.000452
688.000000	22.279000	174.112115	0.000568
689.000000	22.289000	174.271447	0.000403
690.000000	22.299000	174.430844	0.000641
691.000000	22.309000	174.590322	0.000660
692.000000	22.319000	174.749872	0.000678
693.000000	22.329000	174.909488	0.000660
694.000000	22.339000	175.069185	0.000556
695.000000	22.349000	175.228946	0.000654
696.000000	22.359000	175.388788	0.000727
697.000000	22.369000	175.548696	0.000763
698.000000	22.379000	175.708683	0.000702
699.000000	22.389000	175.868736	0.000831
700.000000	22.399000	176.028870	0.000727
701.000000	22.409000	176.189069	0.000580
702.000000	22.419000	176.349348	0.000788
703.000000	22.429000	176.509693	0.000733
704.000000	22.439000	176.670118	0.000776
705.000000	22.449000	176.830608	0.000641
706.000000	22.459000	176.991179	0.000818
707.000000	22.469000	177.151814	0.000733
708.000000	22.479000	177.312531	0.000568
709.000000	22.489000	177.473313	0.000623
710.000000	22.499000	177.634175	0.000446
711.000000	22.509000	177.795102	0.000116
712.000000	22.519000	177.956110	-0.000152
713.000000	22.529000	178.117183	0.000153
714.000000	22.539000	178.278337	0.000306
715.000000	22.549000	178.439556	0.000525
716.000000	22.559000	178.600855	0.000574
717.000000	22.569000	178.762228	0.000678
718.000000	22.579000	178.923665	0.000702
719.000000	22.589000	179.085183	0.000684
720.000000	22.599000	179.246767	0.000818
721.000000	22.609000	179.408430	0.000593
722.000000	22.619000	179.570159	0.000751
723.000000	22.629000	179.731969	0.000806
724.000000	22.639000	179.893843	0.000684
725.000000	22.649000	180.055799	0.000507
726.000000	22.659000	180.217819	0.000690
727.000000	22.669000	180.379920	0.000654
728.000000	22.679000	180.542086	0.000824
729.000000	22.689000	180.704333	0.000782
730.000000	22.699000	180.866645	0.000831
731.000000	22.709000	181.029037	0.000751
732.000000	22.719000	181.191495	0.000788
733.000000	22.729000	181.354033	0.000629
734.000000	22.739000	181.516636	0.000562
735.000000	22.749000	181.679320	0.000611
736.000000	22.759000	181.842069	0.000513
737.000000	22.769000	182.004899	0.000599
738.000000	22.779000	182.167794	0.000617
739.000000	22.789000	182.330769	0.000586
740.000000	22.799000	182.493810	0.000666
741.000000	22.809000	182.656931	0.000593
742.000000	22.819000	182.820117	0.000452
743.000000	22.829000	182.983384	-0.000140
744.000000	22.839000	183.146724	-0.000524
745.000000	22.849000	183.310129	-0.002252
746.000000	22.859000	183.473614	-0.005786
747.000000	22.869000	183.637165	-0.013647
748.000000	22.879000	183.800796	-0.028588
749.000000	22.889000	183.964492	-0.046752
750.000000	22.899000	184.128269	-0.043475
751.000000	22.909000	184.292111	-0.028668
752.000000	22.919000	184.456034	-0.016967
753.000000	22.929000	184.620022	-0.010101
754.000000	22.939000	184.784090	-0.007623
755.000000	22.949000	184.948223	-0.008831
756.000000	22.959000	185.112438	-0.008398
757.000000	22.969000	185.276717	-0.005950
758.000000	22.979000	185.441077	-0.003918
759.000000	22.989000	185.605502	-0.002392
760.000000	22.999000	185.770007	-0.001190
761.000000	23.009000	185.934578	-0.001336
762.000000	23.019000	186.099229	-0.000872
763.000000	23.029000	186.263946	-0.000579
764.000000	23.039000	186.428743	-0.000274
765.000000	23.049000	186.593605	-0.000463
766.000000	23.059000	186.758548	-0.000085
767.000000	23.069000	186.923556	0.000074
768.000000	23.079000	187.088644	0.000098
769.000000	23.089000	187.253806	0.000055
770.000000	23.099000	187.419032	0.000104
771.000000	23.109000	187.584339	0.000074
772.000000	23.119000	187.749712	0.000165
773.000000	23.129000	187.915165	-0.000006
774.000000	23.139000	188.080682	0.000068
775.000000	23.149000	188.246281	0.000342
776.000000	23.159000	188.411945	0.000214
777.000000	23.169000	188.577689	0.000214
778.000000	23.179000	188.743499	0.000330
779.000000	23.189000	188.909389	0.000306
780.000000	23.199000	189.075344	0.000452
781.000000	23.209000	189.241380	0.000428
782.000000	23.219000	189.407480	0.000245
783.000000	23.229000	189.573662	0.000287
784.000000	23.239000	189.739909	-0.000158
785.000000	23.249000	189.906236	-0.000268
786.000000	23.259000	190.072628	0.000037
787.000000	23.269000	190.239101	0.000293
788.000000	23.279000	190.405639	0.000428
789.000000	23.289000	190.572258	0.000324
790.000000	23.299000	190.738942	0.000306
791.000000	23.309000	190.905706	0.000397
792.000000	23.319000	191.072536	0.000354
793.000000	23.329000	191.239446	0.000379
794.000000	23.339000	191.406429	0.000513
795.000000	23.349000	191.573477	0.000464
796.000000	23.359000	191.740606	0.000068
797.000000	23.369000	191.907800	0.000318
798.000000	23.379000	192.075075	-0.000152
799.000000	23.389000	192.242414	0.000281
800.000000	23.399000	192.409835	0.000483
801.000000	23.409000	192.577328	0.000519
802.000000	23.419000	192.744878	0.000574
803.000000	23.429000	192.912517	0.000397
804.000000	23.439000	193.080229	0.000513
805.000000	23.449000	193.248014	0.000525
806.000000	23.458999	193.415855	0.000776
807.000000	23.469000	193.583786	0.000702
808.000000	23.479000	193.751789	0.000702
809.000000	23.489000	193.919865	0.000593
810.000000	23.498999	194.087998	0.000507
811.000000	23.509000	194.256220	0.000623
812.000000	23.519000	194.424515	0.000660
813.000000	23.529000	194.592883	0.000666
814.000000	23.538999	194.761307	0.000678
815.000000	23.549000	194.929820	0.000623
816.000000	23.559000	195.098407	0.000629
817.000000	23.569000	195.267066	0.000708
818.000000	23.578999	195.435782	0.000458
819.000000	23.589000	195.604587	0.000507
820.000000	23.599000	195.773464	0.000422
821.000000	23.609000	195.942415	0.000367
822.000000	23.619000	196.111438	0.000397
823.000000	23.629000	196.280519	0.000544
824.000000	23.639000	196.449688	0.000831
825.000000	23.649000	196.618930	0.000672
826.000000	23.659000	196.788245	0.000568
827.000000	23.669000	196.957617	0.000586
828.000000	23.679000	197.127077	0.000501
829.000000	23.689000	197.296611	0.000580
830.000000	23.699000	197.466217	0.000556
831.000000	23.708999	197.635880	0.000525
832.000000	23.719000	197.805633	0.000434
833.000000	23.729000	197.975458	0.000318
834.000000	23.739000	198.145355	0.000373
835.000000	23.748999	198.315310	0.000538
836.000000	23.759000	198.485354	0.000556
837.000000	23.769000	198.655470	0.000409
838.000000	23.779000	198.825660	0.000544
839.000000	23.788999	198.995906	0.000422
840.000000	23.799000	199.166241	0.000452
841.000000	23.809000	199.336649	0.000574
842.000000	23.819000	199.507129	0.000373
843.000000	23.828999	199.677667	0.000495
844.000000	23.839000	199.848293	0.000416
845.000000	23.849000	200.018993	0.000287
846.000000	23.859000	200.189765	0.000544
847.000000	23.869000	200.360610	0.000513
848.000000	23.879000	200.531512	0.000525
849.000000	23.889000	200.702503	0.000446
850.000000	23.899000	200.873567	0.000342
851.000000	23.909000	201.044704	0.000428
852.000000	23.919000	201.215897	0.000391
853.000000	23.929000	201.387179	-0.000567
854.000000	23.939000	201.558534	-0.001525
855.000000	23.949000	201.729963	-0.003723
856.000000	23.958999	201.901447	-0.006585
857.000000	23.969000	202.073021	-0.007092
858.000000	23.979000	202.244668	-0.005316
859.000000	23.989000	202.416387	-0.002764
860.000000	23.998999	202.588163	-0.001678
861.000000	24.009000	202.760029	-0.001031
862.000000	24.019000	202.931967	-0.000860
863.000000	24.029000	203.103978	-0.000915
864.000000	24.038999	203.276046	-0.000567
865.000000	24.049000	203.448202	-0.000146
866.000000	24.059000	203.620432	0.000092
867.000000	24.069000	203.792735	0.000361
868.000000	24.078999	203.965094	0.000281
869.000000	24.089000	204.137542	0.000330
870.000000	24.099000	204.310063	0.000544
871.000000	24.109000	204.482657	0.000593
872.000000	24.119000	204.655324	0.000574
873.000000	24.129000	204.828047	0.000666
874.000000	24.139000	205.000860	0.000452
875.000000	24.149000	205.173745	0.000544
876.000000	24.159000	205.346704	0.000599
877.000000	24.169000	205.519718	0.000544
878.000000	24.179000	205.692823	0.000611
879.000000	24.189000	205.866000	0.000580
880.000000	24.199000	206.039249	0.000672
881.000000	24.208999	206.212556	0.000477
882.000000	24.219000	206.385951	0.000458
883.000000	24.229000	206.559420	0.000647
884.000000	24.239000	206.732961	0.000635
885.000000	24.248999	206.906558	0.000483
886.000000	24.259000	207.080246	0.000678
887.000000	24.269000	207.254005	0.000721
888.000000	24.279000	207.427838	0.000489
889.000000	24.288999	207.601727	0.000531
890.000000	24.299000	207.775706	0.000782
891.000000	24.309000	207.949757	0.000574
892.000000	24.319000	208.123881	0.000611
893.000000	24.328999	208.298062	0.000629
894.000000	24.339000	208.472332	0.000776
895.000000	24.349000	208.646675	0.000513
896.000000	24.359000	208.821091	0.000531
897.000000	24.369000	208.995579	0.000660
898.000000	24.379000	209.170124	0.000647
899.000000	24.389000	209.344758	0.000458
900.000000	24.399000	209.519466	0.000373
901.000000	24.409000	209.694246	0.000385
902.000000	24.419000	209.869082	0.000232
903.000000	24.429000	210.044008	0.000257
904.000000	24.439000	210.219006	0.000202
905.000000	24.449000	210.394078	0.000550
906.000000	24.458999	210.569206	0.000647
907.000000	24.469000	210.744423	0.000605
908.000000	24.479000	210.919713	0.000440
909.000000	24.489000	211.095076	0.000489
910.000000	24.498999	211.270495	0.000397
911.000000	24.509000	211.446004	0.000129
912.000000	24.519000	211.621586	-0.000030
913.000000	24.529000	211.797240	-0.000384
914.000000	24.538999	211.972951	-0.000219
915.000000	24.549000	212.148751	0.000147
916.000000	24.559000	212.324624	0.000147
917.000000	24.569000	212.500570	0.000580
918.000000	24.578999	212.676572	0.000422
919.000000	24.589000	212.852664	0.000654
920.000000	24.599000	213.028828	0.000525
921.000000	24.609000	213.205066	0.000544
922.000000	24.619000	213.381376	0.000635
923.000000	24.629000	213.557742	0.000715
924.000000	24.639000	213.734198	0.000690
925.000000	24.649000	213.910727	0.000550
926.000000	24.659000	214.087329	0.000513
927.000000	24.669000	214.263987	0.000629
928.000000	24.679000	214.440734	0.000702
929.000000	24.689000	214.617555	0.000617
930.000000	24.699000	214.794448	0.000666
931.000000	24.708999	214.971397	0.000806
932.000000	24.719000	215.148436	0.000641
933.000000	24.729000	215.325548	0.000617
934.000000	24.739000	215.502733	0.000519
935.000000	24.748999	215.679973	0.000629
936.000000	24.759000	215.857304	0.000519
937.000000	24.769000	216.034707	0.000422
938.000000	24.779000	216.212183	0.000678
939.000000	24.788999	216.389716	0.000495
940.000000	24.799000	216.567338	0.000647
941.000000	24.809000	216.745032	0.000513
942.000000	24.819000	216.922800	0.000617
943.000000	24.828999	217.100624	0.000818
944.000000	24.839000	217.278537	0.000690
945.000000	24.849000	217.456523	0.000623
946.000000	24.859000	217.634582	0.000458
947.000000	24.868999	217.812697	0.000074
948.000000	24.879000	217.990902	0.000293
949.000000	24.889000	218.169180	0.000574
950.000000	24.899000	218.347531	0.000605
951.000000	24.909000	218.525954	0.000782
952.000000	24.919000	218.704433	0.000586
953.000000	24.929000	218.883003	0.000379
954.000000	24.939000	219.061645	0.000300
955.000000	24.949000	219.240360	0.000037
956.000000	24.958999	219.419130	-0.000323
957.000000	24.969000	219.597991	-0.001409
958.000000	24.979000	219.776925	-0.002856
959.000000	24.989000	219.955931	-0.004278
960.000000	24.998999	220.134993	-0.003869
961.000000	25.009000	220.314146	-0.002575
962.000000	25.019000	220.493371	-0.001361
963.000000	25.029000	220.672668	-0.000714
964.000000	25.038999	220.852022	-0.000500
965.000000	25.049000	221.031466	-0.000280
966.000000	25.059000	221.210982	-0.000097
967.000000	25.069000	221.390572	-0.000079
968.000000	25.078999	221.570217	0.000385
969.000000	25.089000	221.749952	0.000373
970.000000	25.099000	221.929760	0.000287
971.000000	25.109000	222.109641	0.000678
972.000000	25.118999	222.289577	0.000623
973.000000	25.129000	222.469604	0.000348
974.000000	25.139000	222.649703	0.000507
975.000000	25.149000	222.829876	0.000519
976.000000	25.159000	223.010121	0.000513
977.000000	25.169000	223.190422	0.000544
978.000000	25.179000	223.370813	0.000708
979.000000	25.189000	223.551276	0.000361
980.000000	25.199000	223.731813	0.000062
981.000000	25.208999	223.912405	0.000123
982.000000	25.219000	224.093088	0.000177
983.000000	25.229000	224.273843	0.000196
984.000000	25.239000	224.454671	0.000348
985.000000	25.248999	224.635555	0.000483
986.000000	25.259000	224.816529	0.000525
987.000000	25.269000	224.997576	0.000635
988.000000	25.279000	225.178695	0.000617
989.000000	25.288999	225.359870	0.000440
990.000000	25.299000	225.541136	0.000538
991.000000	25.309000	225.722474	0.000684
992.000000	25.319000	225.903885	0.000562
993.000000	25.328999	226.085352	0.000544
994.000000	25.339000	226.266908	0.000629
995.000000	25.349000	226.448538	0.000617
996.000000	25.359000	226.630241	0.000580
997.000000	25.368999	226.811999	0.000513
998.000000	25.379000	226.993847	0.000666
999.000000	25.389000	227.175768	0.000556
