0.000000	14.799000	82.242914	0.003817
1.000000	14.807000	82.331593	0.003793
2.000000	14.815000	82.420319	0.003817
3.000000	14.823000	82.509094	0.003964
4.000000	14.831000	82.597916	0.003842
5.000000	14.839000	82.686785	0.003964
6.000000	14.847000	82.775703	0.003817
7.000000	14.855000	82.864668	0.004013
8.000000	14.863000	82.953682	0.003817
9.000000	14.871000	83.042743	0.003939
10.000000	14.879000	83.131851	0.003964
11.000000	14.887000	83.221008	0.003720
12.000000	14.895000	83.310212	0.003891
13.000000	14.903000	83.399464	0.003769
14.000000	14.911000	83.488764	0.003964
15.000000	14.919000	83.578112	0.003915
16.000000	14.927000	83.667507	0.003744
17.000000	14.935000	83.756951	0.003988
18.000000	14.943000	83.846442	0.003817
19.000000	14.951000	83.935980	0.003842
20.000000	14.959000	84.025567	0.003915
21.000000	14.967000	84.115201	0.003964
22.000000	14.975000	84.204883	0.003793
23.000000	14.983000	84.294613	0.003939
24.000000	14.991000	84.384391	0.003817
25.000000	14.999000	84.474217	0.004013
26.000000	15.007000	84.564090	0.003573
27.000000	15.015000	84.654011	0.003866
28.000000	15.023000	84.743980	0.003720
29.000000	15.031000	84.833996	0.003622
30.000000	15.039000	84.924061	0.003793
31.000000	15.047000	85.014173	0.003769
32.000000	15.055000	85.104333	0.003891
33.000000	15.063000	85.194541	0.003744
34.000000	15.071000	85.284797	0.003720
35.000000	15.079000	85.375100	0.003744
36.000000	15.087000	85.465451	0.003720
37.000000	15.095000	85.555850	0.003671
38.000000	15.103000	85.646297	0.003744
39.000000	15.111000	85.736791	0.003598
40.000000	15.119000	85.827333	0.003793
41.000000	15.127000	85.917923	0.003720
42.000000	15.135000	86.008561	0.003598
43.000000	15.143000	86.099247	0.003891
44.000000	15.151000	86.189980	0.003573
45.000000	15.159000	86.280761	0.003622
46.000000	15.167000	86.371590	0.003622
47.000000	15.175000	86.462467	0.003573
48.000000	15.183000	86.553391	0.003671
49.000000	15.191000	86.644364	0.003646
50.000000	15.199000	86.735384	0.003769
51.000000	15.207000	86.826452	0.003573
52.000000	15.215000	86.917567	0.003720
53.000000	15.223000	87.008731	0.003476
54.000000	15.231000	87.099942	0.003524
55.000000	15.239000	87.191201	0.003598
56.000000	15.247000	87.282508	0.003476
57.000000	15.255000	87.373862	0.003622
58.000000	15.263000	87.465265	0.003402
59.000000	15.271000	87.556715	0.003427
60.000000	15.279000	87.648213	0.003500
61.000000	15.287000	87.739759	0.003646
62.000000	15.295000	87.831352	0.003622
63.000000	15.303000	87.922993	0.003671
64.000000	15.311000	88.014682	0.003573
65.000000	15.319000	88.106419	0.003720
66.000000	15.327000	88.198203	0.003451
67.000000	15.335000	88.290036	0.003695
68.000000	15.343000	88.381916	0.003744
69.000000	15.351000	88.473845	0.003646
70.000000	15.359000	88.565820	0.003549
71.000000	15.367000	88.657844	0.003646
72.000000	15.375000	88.749915	0.003402
73.000000	15.383000	88.842034	0.003451
74.000000	15.391000	88.934201	0.003378
75.000000	15.399000	89.026416	0.003598
76.000000	15.407000	89.118678	0.003573
77.000000	15.415000	89.210988	0.003720
78.000000	15.423000	89.303346	0.003500
79.000000	15.431000	89.395752	0.003476
80.000000	15.439000	89.488206	0.003378
81.000000	15.447000	89.580707	0.003549
82.000000	15.455000	89.673256	0.003378
83.000000	15.463000	89.765853	0.003451
84.000000	15.471000	89.858498	0.003354
85.000000	15.479000	89.951190	0.003427
86.000000	15.487000	90.043931	0.003549
87.000000	15.495000	90.136719	0.003549
88.000000	15.503000	90.229554	0.003646
89.000000	15.511000	90.322438	0.003524
90.000000	15.519000	90.415370	0.003378
91.000000	15.527000	90.508348	0.003402
92.000000	15.535000	90.601376	0.003305
93.000000	15.543000	90.694451	0.003231
94.000000	15.551000	90.787573	0.003354
95.000000	15.559000	90.880743	0.003231
96.000000	15.567000	90.973962	0.003354
97.000000	15.575000	91.067228	0.003451
98.000000	15.583000	91.160541	0.003280
99.000000	15.591000	91.253902	0.003085
100.000000	15.599000	91.347312	0.003354
101.000000	15.607000	91.440769	0.003256
102.000000	15.615000	91.534273	0.003378
103.000000	15.623000	91.627826	0.003256
104.000000	15.631000	91.721427	0.003231
105.000000	15.639000	91.815075	0.003134
106.000000	15.647000	91.908771	0.003109
107.000000	15.655000	92.002515	0.003134
108.000000	15.663000	92.096306	0.002963
109.000000	15.671000	92.190145	0.003036
110.000000	15.679000	92.284032	0.002743
111.000000	15.687000	92.377967	0.003207
112.000000	15.695000	92.471950	0.002938
113.000000	15.703000	92.565980	0.003256
114.000000	15.711000	92.660059	0.003305
115.000000	15.719000	92.754185	0.003329
116.000000	15.727000	92.848358	0.003134
117.000000	15.735000	92.942580	0.003183
118.000000	15.743000	93.036849	0.003378
119.000000	15.751000	93.131167	0.003378
120.000000	15.759000	93.225531	0.003329
121.000000	15.767000	93.319944	0.003012
122.000000	15.775000	93.414405	0.003183
123.000000	15.783000	93.508913	0.003329
124.000000	15.791000	93.603469	0.003231
125.000000	15.799000	93.698073	0.003085
126.000000	15.807000	93.792724	0.002792
127.000000	15.815000	93.887423	0.002865
128.000000	15.823000	93.982171	0.002645
129.000000	15.831000	94.076966	0.002621
130.000000	15.839000	94.171809	0.002377
131.000000	15.847000	94.266700	0.002792
132.000000	15.855000	94.361637	0.002938
133.000000	15.863000	94.456623	0.003256
134.000000	15.871000	94.551657	0.002841
135.000000	15.879000	94.646739	0.003012
136.000000	15.887000	94.741869	0.003109
137.000000	15.895000	94.837046	0.003012
138.000000	15.903000	94.932271	0.002938
139.000000	15.911000	95.027543	0.003061
140.000000	15.919000	95.122864	0.003036
141.000000	15.927000	95.218232	0.002914
142.000000	15.935000	95.313649	0.003109
143.000000	15.943000	95.409113	0.003109
144.000000	15.951000	95.504625	0.003061
145.000000	15.959000	95.600184	0.003158
146.000000	15.967000	95.695790	0.003036
147.000000	15.975000	95.791446	0.003061
148.000000	15.983000	95.887149	0.002938
149.000000	15.991000	95.982900	0.003207
150.000000	15.999000	96.078698	0.003134
151.000000	16.007000	96.174545	0.003036
152.000000	16.015000	96.270439	0.003134
153.000000	16.023000	96.366379	0.002938
154.000000	16.031000	96.462369	0.003012
155.000000	16.039000	96.558407	0.003134
156.000000	16.047000	96.654492	0.003158
157.000000	16.055000	96.750625	0.002938
158.000000	16.063000	96.846806	0.003012
159.000000	16.071000	96.943035	0.002938
160.000000	16.079000	97.039311	0.002963
161.000000	16.087000	97.135634	0.002963
162.000000	16.095000	97.232006	0.002987
163.000000	16.103000	97.328426	0.002865
164.000000	16.111000	97.424893	0.002938
165.000000	16.119000	97.521409	0.003012
166.000000	16.127000	97.617972	0.002890
167.000000	16.135000	97.714583	0.002841
168.000000	16.143000	97.811240	0.003134
169.000000	16.151000	97.907946	0.003036
170.000000	16.159000	98.004701	0.003061
171.000000	16.167000	98.101503	0.002963
172.000000	16.175000	98.198353	0.002865
173.000000	16.183000	98.295250	0.002938
174.000000	16.191000	98.392196	0.002792
175.000000	16.199000	98.489187	0.002865
176.000000	16.207000	98.586228	0.002670
177.000000	16.215000	98.683317	0.003061
178.000000	16.223000	98.780454	0.002743
179.000000	16.231000	98.877638	0.002694
180.000000	16.239000	98.974870	0.003012
181.000000	16.247000	99.072150	0.002963
182.000000	16.255000	99.169476	0.002743
183.000000	16.263000	99.266852	0.002987
184.000000	16.271000	99.364275	0.002792
185.000000	16.279000	99.461746	0.002865
186.000000	16.287000	99.559265	0.002768
187.000000	16.295000	99.656832	0.002987
188.000000	16.303000	99.754446	0.002792
189.000000	16.311000	99.852107	0.002963
190.000000	16.319000	99.949817	0.002743
191.000000	16.327000	100.047574	0.002865
192.000000	16.335000	100.145380	0.002890
193.000000	16.343000	100.243233	0.002792
194.000000	16.351000	100.341134	0.002743
195.000000	16.359000	100.439083	0.002792
196.000000	16.367000	100.537078	0.002768
197.000000	16.375000	100.635123	0.002841
198.000000	16.383000	100.733215	0.002816
199.000000	16.391000	100.831355	0.002841
200.000000	16.399000	100.929543	0.002743
201.000000	16.407000	101.027778	0.002645
202.000000	16.415000	101.126062	0.002743
203.000000	16.423000	101.224391	0.002645
204.000000	16.431000	101.322770	0.002597
205.000000	16.439000	101.421197	0.002670
206.000000	16.447000	101.519671	0.002841
207.000000	16.455000	101.618194	0.002841
208.000000	16.463000	101.716764	0.002743
209.000000	16.471000	101.815382	0.002621
210.000000	16.479000	101.914046	0.002621
211.000000	16.487000	102.012759	0.002670
212.000000	16.495000	102.111520	0.002597
213.000000	16.503000	102.210329	0.002499
214.000000	16.511000	102.309186	0.002597
215.000000	16.519000	102.408091	0.002670
216.000000	16.527000	102.507043	0.002645
217.000000	16.535000	102.606042	0.002694
218.000000	16.543000	102.705089	0.002450
219.000000	16.551000	102.804185	0.002670
220.000000	16.559000	102.903329	0.002670
221.000000	16.567000	103.002520	0.002450
222.000000	16.575000	103.101759	0.002426
223.000000	16.583000	103.201046	0.002694
224.000000	16.591000	103.300379	0.002670
225.000000	16.599000	103.399761	0.002670
226.000000	16.607000	103.499191	0.002694
227.000000	16.615000	103.598669	0.002743
228.000000	16.623000	103.698195	0.002597
229.000000	16.631000	103.797768	0.002597
230.000000	16.639000	103.897390	0.002645
231.000000	16.647000	103.997059	0.002426
232.000000	16.655000	104.096774	0.002475
233.000000	16.663000	104.196539	0.002499
234.000000	16.671000	104.296351	0.002523
235.000000	16.679000	104.396211	0.002694
236.000000	16.687000	104.496119	0.002475
237.000000	16.695000	104.596075	0.002450
238.000000	16.703000	104.696079	0.002548
239.000000	16.711000	104.796129	0.002475
240.000000	16.719000	104.896228	0.002523
241.000000	16.727000	104.996375	0.002743
242.000000	16.735000	105.096569	0.002377
243.000000	16.743000	105.196812	0.002548
244.000000	16.751000	105.297102	0.002328
245.000000	16.759000	105.397440	0.002597
246.000000	16.767000	105.497824	0.002694
247.000000	16.775000	105.598258	0.002548
248.000000	16.783000	105.698739	0.002426
249.000000	16.791000	105.799269	0.002426
250.000000	16.799000	105.899846	0.002499
251.000000	16.807000	106.000470	0.002499
252.000000	16.815000	106.101141	0.002621
253.000000	16.823000	106.201863	0.002377
254.000000	16.831000	106.302630	0.002450
255.000000	16.839000	106.403447	0.002499
256.000000	16.847000	106.504309	0.002426
257.000000	16.855000	106.605219	0.002523
258.000000	16.863000	106.706180	0.002353
259.000000	16.871000	106.807185	0.002377
260.000000	16.879000	106.908242	0.002548
261.000000	16.887000	107.009343	0.002450
262.000000	16.895000	107.110495	0.002401
263.000000	16.903000	107.211691	0.002597
264.000000	16.911000	107.312936	0.002426
265.000000	16.919000	107.414231	0.002475
266.000000	16.927000	107.515571	0.002279
267.000000	16.935000	107.616962	0.002401
268.000000	16.943000	107.718397	0.002353
269.000000	16.951000	107.819884	0.002499
270.000000	16.959000	107.921415	0.002230
271.000000	16.967000	108.022994	0.002499
272.000000	16.975000	108.124623	0.002108
273.000000	16.983000	108.226298	0.002304
274.000000	16.991000	108.328023	0.002255
275.000000	16.999000	108.429793	0.002279
276.000000	17.007000	108.531614	0.002182
277.000000	17.015000	108.633479	0.002377
278.000000	17.023000	108.735393	0.002279
279.000000	17.031000	108.837357	0.002426
280.000000	17.039000	108.939366	0.002157
281.000000	17.047000	109.041426	0.002304
282.000000	17.055000	109.143530	0.002304
283.000000	17.063000	109.245686	0.002279
284.000000	17.071000	109.347886	0.002353
285.000000	17.079000	109.450133	0.002255
286.000000	17.087000	109.552432	0.002084
287.000000	17.095000	109.654776	0.002401
288.000000	17.103000	109.757170	0.002304
289.000000	17.111000	109.859609	0.002182
290.000000	17.119000	109.962099	0.002255
291.000000	17.127000	110.064633	0.002279
292.000000	17.135000	110.167216	0.002157
293.000000	17.143000	110.269849	0.002060
294.000000	17.151000	110.372527	0.002255
295.000000	17.159000	110.475255	0.002084
296.000000	17.167000	110.578029	0.002206
297.000000	17.175000	110.680853	0.002255
298.000000	17.183000	110.783722	0.002157
299.000000	17.191000	110.886639	0.002182
300.000000	17.199000	110.989607	0.002108
301.000000	17.207000	111.092619	0.002157
302.000000	17.215000	111.195682	0.001962
303.000000	17.223000	111.298790	0.001962
304.000000	17.231000	111.401949	0.001913
305.000000	17.239000	111.505152	0.002060
306.000000	17.247000	111.608404	0.002011
307.000000	17.255000	111.711706	0.002206
308.000000	17.263000	111.815053	0.002108
309.000000	17.271000	111.918450	0.002230
310.000000	17.279000	112.021893	0.002157
311.000000	17.287000	112.125386	0.002157
312.000000	17.295000	112.228924	0.002133
313.000000	17.303000	112.332510	0.002206
314.000000	17.311000	112.436147	0.002084
315.000000	17.319000	112.539828	0.002157
316.000000	17.327000	112.643560	0.002035
317.000000	17.335000	112.747337	0.002206
318.000000	17.343000	112.851165	0.002011
319.000000	17.351000	112.955037	0.002255
320.000000	17.359000	113.058961	0.002060
321.000000	17.367000	113.162929	0.002011
322.000000	17.375000	113.266944	0.002060
323.000000	17.383000	113.371011	0.002011
324.000000	17.391000	113.475122	0.001889
325.000000	17.399000	113.579285	0.001962
326.000000	17.407000	113.683492	0.002011
327.000000	17.415000	113.787750	0.001937
328.000000	17.423000	113.892052	0.002108
329.000000	17.431000	113.996402	0.001962
330.000000	17.439000	114.100803	0.001986
331.000000	17.447000	114.205249	0.002255
332.000000	17.455000	114.309746	0.001864
333.000000	17.463000	114.414288	0.002060
334.000000	17.471000	114.518880	0.002060
335.000000	17.479000	114.623517	0.002060
336.000000	17.487000	114.728202	0.001986
337.000000	17.495000	114.832937	0.002084
338.000000	17.503000	114.937718	0.001889
339.000000	17.511000	115.042549	0.002206
340.000000	17.519000	115.147425	0.001840
341.000000	17.527000	115.252352	0.001986
342.000000	17.535000	115.357323	0.001986
343.000000	17.543000	115.462342	0.001913
344.000000	17.551000	115.567412	0.001767
345.000000	17.559000	115.672527	0.001937
346.000000	17.567000	115.777693	0.001522
347.000000	17.575000	115.882903	0.001278
348.000000	17.583000	115.988165	0.001376
349.000000	17.591000	116.093471	0.000644
350.000000	17.599000	116.198824	0.001010
351.000000	17.607000	116.304229	0.001596
352.000000	17.615000	116.409678	0.001742
353.000000	17.623000	116.515178	0.001913
354.000000	17.631000	116.620723	0.001791
355.000000	17.639000	116.726319	0.001889
356.000000	17.647000	116.831960	0.001889
357.000000	17.655000	116.937648	0.001718
358.000000	17.663000	117.043387	0.001791
359.000000	17.671000	117.149171	0.001864
360.000000	17.679000	117.255005	0.001767
361.000000	17.687000	117.360885	0.002084
362.000000	17.695000	117.466815	0.001718
363.000000	17.703000	117.572790	0.001913
364.000000	17.711000	117.678813	0.001937
365.000000	17.719000	117.784886	0.001767
366.000000	17.727000	117.891004	0.001767
367.000000	17.735000	117.997174	0.001986
368.000000	17.743000	118.103387	0.001547
369.000000	17.751000	118.209652	0.001571
370.000000	17.759000	118.315962	0.001693
371.000000	17.767000	118.422319	0.001571
372.000000	17.775000	118.528727	0.001693
373.000000	17.783000	118.635180	0.001791
374.000000	17.791000	118.741683	0.001815
375.000000	17.799000	118.848232	0.001669
376.000000	17.807000	118.954831	0.001693
377.000000	17.815000	119.061475	0.001620
378.000000	17.823000	119.168166	0.001620
379.000000	17.831000	119.274909	0.001669
380.000000	17.839000	119.381696	0.001669
381.000000	17.847000	119.488534	0.001791
382.000000	17.855000	119.595417	0.001645
383.000000	17.863000	119.702351	0.001645
384.000000	17.871000	119.809329	0.001620
385.000000	17.879000	119.916355	0.001669
386.000000	17.887000	120.023432	0.001645
387.000000	17.895000	120.130554	0.001596
388.000000	17.903000	120.237727	0.001620
389.000000	17.911000	120.344944	0.001693
390.000000	17.919000	120.452212	0.001693
391.000000	17.927000	120.559525	0.001669
392.000000	17.935000	120.666886	0.001693
393.000000	17.943000	120.774297	0.001815
394.000000	17.951000	120.881753	0.001718
395.000000	17.959000	120.989261	0.001645
396.000000	17.967000	121.096812	0.001669
397.000000	17.975000	121.204415	0.001571
398.000000	17.983000	121.312062	0.001767
399.000000	17.991000	121.419757	0.001645
400.000000	17.999000	121.527503	0.001571
401.000000	18.007000	121.635294	0.001571
402.000000	18.015000	121.743136	0.001693
403.000000	18.023000	121.851022	0.001596
404.000000	18.031000	121.958959	0.001571
405.000000	18.039000	122.066941	0.001547
406.000000	18.047000	122.174970	0.001303
407.000000	18.055000	122.283051	0.001400
408.000000	18.063000	122.391176	0.001327
409.000000	18.071000	122.499352	0.001376
410.000000	18.079000	122.607573	0.001571
411.000000	18.087000	122.715845	0.001547
412.000000	18.095000	122.824161	0.001498
413.000000	18.103000	122.932525	0.001571
414.000000	18.111000	123.040940	0.001645
415.000000	18.119000	123.149400	0.001645
416.000000	18.127000	123.257910	0.001547
417.000000	18.135000	123.366465	0.001498
418.000000	18.143000	123.475072	0.001571
419.000000	18.151000	123.583722	0.001571
420.000000	18.159000	123.692421	0.001449
421.000000	18.167000	123.801170	0.001474
422.000000	18.175000	123.909964	0.001522
423.000000	18.183000	124.018810	0.001400
424.000000	18.191000	124.127699	0.001327
425.000000	18.199000	124.236640	0.001718
426.000000	18.207000	124.345625	0.001571
427.000000	18.215000	124.454658	0.001498
428.000000	18.223000	124.563742	0.001522
429.000000	18.231000	124.672871	0.001522
430.000000	18.239000	124.782050	0.001474
431.000000	18.247000	124.891274	0.001498
432.000000	18.255000	125.000550	0.001596
433.000000	18.263000	125.109869	0.001596
434.000000	18.271000	125.219237	0.001327
435.000000	18.279000	125.328655	0.001425
436.000000	18.287000	125.438118	0.001425
437.000000	18.295000	125.547632	0.001547
438.000000	18.303000	125.657191	0.001474
439.000000	18.311000	125.766801	0.001547
440.000000	18.319000	125.876455	0.001474
441.000000	18.327000	125.986157	0.001620
442.000000	18.335000	126.095910	0.001498
443.000000	18.343000	126.205707	0.001376
444.000000	18.351000	126.315556	0.001278
445.000000	18.359000	126.425449	0.001425
446.000000	18.367000	126.535393	0.001474
447.000000	18.375000	126.645382	0.001254
448.000000	18.383000	126.755418	0.001425
449.000000	18.391000	126.865506	0.001376
450.000000	18.399000	126.975638	0.001327
451.000000	18.407000	127.085821	0.001376
452.000000	18.415000	127.196048	0.001229
453.000000	18.423000	127.306327	0.001083
454.000000	18.431000	127.416650	0.001303
455.000000	18.439000	127.527024	0.001181
456.000000	18.447000	127.637443	0.001083
457.000000	18.455000	127.747909	0.000473
458.000000	18.463000	127.858427	0.000106
459.000000	18.471000	127.968989	-0.000211
460.000000	18.479000	128.079602	-0.000431
461.000000	18.487000	128.190260	0.000326
462.000000	18.495000	128.300968	0.000448
463.000000	18.503000	128.411722	0.001083
464.000000	18.511000	128.522522	0.001181
465.000000	18.519000	128.633375	0.001132
466.000000	18.527000	128.744271	0.001229
467.000000	18.535000	128.855219	0.001181
468.000000	18.543000	128.966211	0.001278
469.000000	18.551000	129.077254	0.001205
470.000000	18.559000	129.188342	0.001181
471.000000	18.567000	129.299477	0.001156
472.000000	18.575000	129.410664	0.000912
473.000000	18.583000	129.521895	0.001181
474.000000	18.591000	129.633177	0.001229
475.000000	18.599000	129.744503	0.001376
476.000000	18.607000	129.855881	0.001278
477.000000	18.615000	129.967303	0.001132
478.000000	18.623000	130.078773	0.001107
479.000000	18.631000	130.190294	0.001156
480.000000	18.639000	130.301859	0.001156
481.000000	18.647000	130.413476	0.001205
482.000000	18.655000	130.525137	0.001327
483.000000	18.663000	130.636849	0.001449
484.000000	18.671000	130.748606	0.001327
485.000000	18.679000	130.860410	0.001449
486.000000	18.687000	130.972266	0.001327
487.000000	18.695000	131.084166	0.001327
488.000000	18.703000	131.196117	0.001327
489.000000	18.711000	131.308112	0.001132
490.000000	18.719000	131.420159	0.001327
491.000000	18.727000	131.532250	0.001034
492.000000	18.735000	131.644389	0.001205
493.000000	18.743000	131.756579	0.001059
494.000000	18.751000	131.868813	0.001034
495.000000	18.759000	131.981099	0.001034
496.000000	18.767000	132.093429	0.001059
497.000000	18.775000	132.205810	0.001010
498.000000	18.783000	132.318235	0.000863
499.000000	18.791000	132.430709	0.001254
500.000000	18.799000	132.543233	0.001059
501.000000	18.807000	132.655806	0.001181
502.000000	18.815000	132.768422	0.001107
503.000000	18.823000	132.881087	0.001400
504.000000	18.831000	132.993799	0.001303
505.000000	18.838999	133.106559	0.001303
506.000000	18.847000	133.219374	0.001083
507.000000	18.855000	133.332229	0.001132
508.000000	18.863000	133.445133	0.001156
509.000000	18.871000	133.558084	0.001181
510.000000	18.879000	133.671089	0.001181
511.000000	18.887000	133.784136	0.001132
512.000000	18.895000	133.897231	0.001156
513.000000	18.903000	134.010373	0.001107
514.000000	18.911000	134.123563	0.001107
515.000000	18.919000	134.236808	0.001107
516.000000	18.927000	134.350093	0.000766
517.000000	18.935000	134.463427	0.000985
518.000000	18.943000	134.576808	0.000790
519.000000	18.951000	134.690244	0.001059
520.000000	18.959000	134.803721	0.000985
521.000000	18.967000	134.917245	0.001059
522.000000	18.975000	135.030818	0.000839
523.000000	18.983000	135.144438	0.000741
524.000000	18.991000	135.258112	0.001107
525.000000	18.999000	135.371828	0.000863
526.000000	19.007000	135.485592	0.000644
527.000000	19.015000	135.599403	0.001083
528.000000	19.023000	135.713262	0.001059
529.000000	19.031000	135.827175	0.000888
530.000000	19.039000	135.941130	0.000985
531.000000	19.047000	136.055132	0.001059
532.000000	19.055000	136.169183	0.000937
533.000000	19.063000	136.283287	0.000937
534.000000	19.071000	136.397433	0.000985
535.000000	19.079000	136.511627	0.000985
536.000000	19.087000	136.625868	0.000937
537.000000	19.095000	136.740157	0.001132
538.000000	19.103000	136.854501	0.000937
539.000000	19.111000	136.968885	0.001107
540.000000	19.119000	137.083318	0.001059
541.000000	19.127000	137.197798	0.000790
542.000000	19.134999	137.312326	0.000937
543.000000	19.143000	137.426909	0.000839
544.000000	19.151000	137.541532	0.000863
545.000000	19.159000	137.656204	0.000863
546.000000	19.167000	137.770923	0.000741
547.000000	19.175000	137.885696	0.000790
548.000000	19.183000	138.000511	0.000937
549.000000	19.191000	138.115374	0.000888
550.000000	19.199000	138.230284	0.000741
551.000000	19.207000	138.345242	0.000863
552.000000	19.215000	138.460255	0.000839
553.000000	19.223000	138.575308	0.000668
554.000000	19.231000	138.690410	0.000790
555.000000	19.239000	138.805559	0.000692
556.000000	19.246999	138.920756	0.000741
557.000000	19.255000	139.036007	0.000985
558.000000	19.263000	139.151300	0.000766
559.000000	19.271000	139.266640	0.000912
560.000000	19.279000	139.382028	0.000766
561.000000	19.287000	139.497471	0.000912
562.000000	19.295000	139.612955	0.000912
563.000000	19.303000	139.728486	0.000839
564.000000	19.311000	139.844065	0.000717
565.000000	19.319000	139.959692	0.000937
566.000000	19.327000	140.075374	0.000839
567.000000	19.335000	140.191097	0.000888
568.000000	19.343000	140.306867	0.001010
569.000000	19.351000	140.422685	0.000692
570.000000	19.358999	140.538551	0.000790
571.000000	19.367000	140.654472	0.000668
572.000000	19.375000	140.770433	0.000717
573.000000	19.383000	140.886442	0.000717
574.000000	19.391000	141.002499	0.000814
575.000000	19.399000	141.118611	0.000741
576.000000	19.407000	141.234764	0.000814
577.000000	19.415000	141.350964	0.000668
578.000000	19.423000	141.467212	0.000619
579.000000	19.430999	141.583508	0.000766
580.000000	19.439000	141.699859	0.000692
581.000000	19.447000	141.816251	0.000424
582.000000	19.455000	141.932690	0.000497
583.000000	19.463000	142.049177	0.000521
584.000000	19.470999	142.165712	0.000375
585.000000	19.479000	142.282301	0.000790
586.000000	19.487000	142.398932	0.000473
587.000000	19.495000	142.515610	0.000619
588.000000	19.503000	142.632336	0.000595
589.000000	19.511000	142.749117	0.000668
590.000000	19.519000	142.865938	0.000814
591.000000	19.527000	142.982808	0.000497
592.000000	19.535000	143.099725	0.000814
593.000000	19.542999	143.216690	0.000766
594.000000	19.551000	143.333710	0.000692
595.000000	19.559000	143.450770	0.000839
596.000000	19.567000	143.567878	0.000668
597.000000	19.575000	143.685034	0.000521
598.000000	19.582999	143.802238	0.000790
599.000000	19.591000	143.919497	0.000570
600.000000	19.599000	144.036796	0.000570
601.000000	19.607000	144.154143	0.000668
602.000000	19.615000	144.271538	0.000741
603.000000	19.623000	144.388988	0.000741
604.000000	19.631000	144.506479	0.000668
605.000000	19.639000	144.624017	0.000766
606.000000	19.647000	144.741603	0.000595
607.000000	19.654999	144.859237	0.000619
608.000000	19.663000	144.976926	0.000546
609.000000	19.671000	145.094655	0.000644
610.000000	19.679000	145.212432	0.000497
611.000000	19.687000	145.330257	0.000766
612.000000	19.694999	145.448130	0.000619
613.000000	19.703000	145.566058	0.000766
614.000000	19.711000	145.684026	0.000644
615.000000	19.719000	145.802042	0.000595
616.000000	19.726999	145.920106	0.000839
617.000000	19.735000	146.038225	0.000766
618.000000	19.743000	146.156384	0.000399
619.000000	19.751000	146.274592	0.000692
620.000000	19.759000	146.392847	0.000595
621.000000	19.766999	146.511149	0.000668
622.000000	19.775000	146.629507	0.000644
623.000000	19.783000	146.747906	0.000521
624.000000	19.791000	146.866352	0.000497
