0.000000	10.399000	40.706686	0.004037
1.000000	10.419000	40.862757	0.004330
2.000000	10.439000	41.019128	0.004306
3.000000	10.459000	41.175797	0.004354
4.000000	10.479000	41.332764	0.004623
5.000000	10.499000	41.490030	0.004330
6.000000	10.519000	41.647595	0.004379
7.000000	10.539000	41.805458	0.004452
8.000000	10.559000	41.963620	0.004428
9.000000	10.579000	42.122081	0.004428
10.000000	10.599000	42.280840	0.004623
11.000000	10.619000	42.439898	0.004354
12.000000	10.639000	42.599255	0.004843
13.000000	10.659000	42.758910	0.004574
14.000000	10.679000	42.918863	0.004672
15.000000	10.699000	43.079116	0.004208
16.000000	10.719000	43.239667	0.004574
17.000000	10.739000	43.400516	0.004403
18.000000	10.759000	43.561664	0.004354
19.000000	10.779000	43.723111	0.004354
20.000000	10.799000	43.884857	0.004501
21.000000	10.819000	44.046901	0.004623
22.000000	10.839000	44.209244	0.004379
23.000000	10.859000	44.371885	0.004452
24.000000	10.879000	44.534825	0.004501
25.000000	10.899000	44.698064	0.004525
26.000000	10.919000	44.861601	0.004208
27.000000	10.939000	45.025436	0.004403
28.000000	10.959000	45.189571	0.004061
29.000000	10.979000	45.354004	0.004110
30.000000	10.999000	45.518735	0.004379
31.000000	11.019000	45.683766	0.004428
32.000000	11.039000	45.849095	0.003964
33.000000	11.059000	46.014722	0.004428
34.000000	11.079000	46.180649	0.004208
35.000000	11.099000	46.346873	0.004477
36.000000	11.119000	46.513397	0.004110
37.000000	11.139000	46.680219	0.004672
38.000000	11.159000	46.847339	0.004379
39.000000	11.179000	47.014759	0.004403
40.000000	11.199000	47.182476	0.004647
41.000000	11.219000	47.350493	0.004306
42.000000	11.239000	47.518808	0.004428
43.000000	11.259000	47.687422	0.004281
44.000000	11.279000	47.856334	0.004379
45.000000	11.299000	48.025545	0.004257
46.000000	11.319000	48.195055	0.004086
47.000000	11.339000	48.364863	0.004281
48.000000	11.359000	48.534970	0.004477
49.000000	11.379000	48.705375	0.004818
50.000000	11.399000	48.876080	0.004306
51.000000	11.419000	49.047082	0.004232
52.000000	11.439000	49.218384	0.004428
53.000000	11.459000	49.389983	0.004232
54.000000	11.479000	49.561882	0.004013
55.000000	11.499000	49.734080	0.004135
56.000000	11.519000	49.906575	0.004061
57.000000	11.539000	50.079370	0.004232
58.000000	11.559000	50.252463	0.003939
59.000000	11.579000	50.425854	0.004037
60.000000	11.599000	50.599544	0.003744
61.000000	11.619000	50.773534	0.004110
62.000000	11.639000	50.947822	0.003964
63.000000	11.659000	51.122408	0.004159
64.000000	11.679000	51.297292	0.004184
65.000000	11.699000	51.472476	0.003939
66.000000	11.719000	51.647957	0.003964
67.000000	11.739000	51.823738	0.004086
68.000000	11.759000	51.999818	0.003988
69.000000	11.779000	52.176196	0.003891
70.000000	11.799000	52.352872	0.003964
71.000000	11.819000	52.529847	0.003646
72.000000	11.839000	52.707121	0.004232
73.000000	11.859000	52.884693	0.004135
74.000000	11.879000	53.062565	0.003939
75.000000	11.899000	53.240734	0.004013
76.000000	11.919000	53.419202	0.004208
77.000000	11.939000	53.597969	0.003842
78.000000	11.959000	53.777035	0.003744
79.000000	11.979000	53.956398	0.003964
80.000000	11.999000	54.136061	0.004037
81.000000	12.019000	54.316023	0.004037
82.000000	12.039000	54.496283	0.003817
83.000000	12.059000	54.676842	0.003549
84.000000	12.079000	54.857699	0.003646
85.000000	12.099000	55.038854	0.003988
86.000000	12.119000	55.220309	0.003891
87.000000	12.139000	55.402063	0.003915
88.000000	12.159000	55.584114	0.003915
89.000000	12.179000	55.766464	0.003793
90.000000	12.199000	55.949113	0.003720
91.000000	12.219000	56.132061	0.003964
92.000000	12.239000	56.315307	0.003915
93.000000	12.259000	56.498852	0.003695
94.000000	12.279000	56.682696	0.003622
95.000000	12.299000	56.866838	0.003549
96.000000	12.319000	57.051278	0.003866
97.000000	12.339000	57.236017	0.003622
98.000000	12.359000	57.421055	0.003500
99.000000	12.379000	57.606391	0.003793
100.000000	12.399000	57.792027	0.003622
101.000000	12.419000	57.977961	0.003622
102.000000	12.439000	58.164193	0.003793
103.000000	12.459000	58.350724	0.003720
104.000000	12.479000	58.537554	0.003451
105.000000	12.499000	58.724682	0.003598
106.000000	12.519000	58.912108	0.003524
107.000000	12.539000	59.099834	0.003378
108.000000	12.559000	59.287858	0.003695
109.000000	12.579000	59.476183	0.003646
110.000000	12.599000	59.664804	0.003744
111.000000	12.619000	59.853724	0.003598
112.000000	12.639000	60.042942	0.003427
113.000000	12.659000	60.232459	0.003646
114.000000	12.679000	60.422275	0.003280
115.000000	12.699000	60.612389	0.003549
116.000000	12.719000	60.802802	0.003549
117.000000	12.739000	60.993514	0.003231
118.000000	12.759000	61.184524	0.003256
119.000000	12.779000	61.375833	0.003427
120.000000	12.799000	61.567440	0.003524
121.000000	12.819000	61.759346	0.003524
122.000000	12.839000	61.951553	0.003476
123.000000	12.859000	62.144056	0.003305
124.000000	12.879000	62.336858	0.003598
125.000000	12.899000	62.529959	0.003866
126.000000	12.919000	62.723358	0.003280
127.000000	12.939000	62.917056	0.003451
128.000000	12.959000	63.111052	0.003207
129.000000	12.979000	63.305347	0.003280
130.000000	12.999000	63.499941	0.003378
131.000000	13.019000	63.694833	0.003354
132.000000	13.039000	63.890024	0.003451
133.000000	13.059000	64.085513	0.003402
134.000000	13.079000	64.281302	0.003134
135.000000	13.099000	64.477391	0.003378
136.000000	13.119000	64.673776	0.003476
137.000000	13.139000	64.870460	0.003207
138.000000	13.159000	65.067443	0.003207
139.000000	13.179000	65.264724	0.003354
140.000000	13.199000	65.462304	0.003061
141.000000	13.219000	65.660182	0.003500
142.000000	13.239000	65.858359	0.003134
143.000000	13.259000	66.056835	0.002938
144.000000	13.279000	66.255609	0.003036
145.000000	13.299000	66.454682	0.002938
146.000000	13.319000	66.654054	0.002987
147.000000	13.339000	66.853724	0.003329
148.000000	13.359000	67.053695	0.003061
149.000000	13.379000	67.253963	0.003109
150.000000	13.399000	67.454529	0.002816
151.000000	13.419000	67.655393	0.002914
152.000000	13.439000	67.856557	0.002792
153.000000	13.459000	68.058019	0.003134
154.000000	13.479000	68.259779	0.002938
155.000000	13.499000	68.461838	0.003036
156.000000	13.519000	68.664196	0.003207
157.000000	13.539000	68.866852	0.002963
158.000000	13.559000	69.069807	0.002768
159.000000	13.579000	69.273061	0.003183
160.000000	13.599000	69.476613	0.002938
161.000000	13.619000	69.680467	0.003085
162.000000	13.639000	69.884616	0.002719
163.000000	13.659000	70.089064	0.002987
164.000000	13.679000	70.293811	0.002938
165.000000	13.699000	70.498856	0.002890
166.000000	13.719000	70.704200	0.002890
167.000000	13.739000	70.909843	0.002621
168.000000	13.759000	71.115784	0.003061
169.000000	13.779000	71.322024	0.002963
170.000000	13.799000	71.528563	0.002645
171.000000	13.819000	71.735400	0.002670
172.000000	13.839000	71.942535	0.002963
173.000000	13.859000	72.149972	0.002792
174.000000	13.879000	72.357705	0.002621
175.000000	13.899000	72.565737	0.002401
176.000000	13.919000	72.774067	0.002792
177.000000	13.939000	72.982696	0.002670
178.000000	13.959000	73.191623	0.002621
179.000000	13.979000	73.400849	0.002792
180.000000	13.999000	73.610374	0.003061
181.000000	14.019000	73.820197	0.002768
182.000000	14.039000	74.030319	0.002670
183.000000	14.059000	74.240740	0.002694
184.000000	14.079000	74.451459	0.002255
185.000000	14.099000	74.662477	0.002816
186.000000	14.119000	74.873796	0.002768
187.000000	14.139000	75.085411	0.002401
188.000000	14.159000	75.297325	0.002499
189.000000	14.179000	75.509537	0.002719
190.000000	14.199000	75.722048	0.002206
191.000000	14.219000	75.934857	0.002548
192.000000	14.239000	76.147965	0.002523
193.000000	14.259000	76.361372	0.002523
194.000000	14.279000	76.575078	0.002670
195.000000	14.299000	76.789082	0.002670
196.000000	14.319000	77.003384	0.002792
197.000000	14.339000	77.217985	0.002597
198.000000	14.359000	77.432885	0.002377
199.000000	14.379000	77.648086	0.002157
200.000000	14.399000	77.863583	0.002230
201.000000	14.419000	78.079379	0.002035
202.000000	14.439000	78.295474	0.002206
203.000000	14.459000	78.511867	0.002279
204.000000	14.479000	78.728558	0.002133
205.000000	14.499000	78.945548	0.002719
206.000000	14.519000	79.162837	0.002328
207.000000	14.539000	79.380425	0.002548
208.000000	14.559000	79.598311	0.002206
209.000000	14.579000	79.816495	0.002084
210.000000	14.599000	80.034979	0.002230
211.000000	14.619000	80.253761	0.002377
212.000000	14.639000	80.472841	0.002548
213.000000	14.659000	80.692220	0.002377
214.000000	14.679000	80.911898	0.002182
215.000000	14.699000	81.131875	0.002279
216.000000	14.719000	81.352150	0.002499
217.000000	14.739000	81.572723	0.002475
218.000000	14.759000	81.793601	0.001937
219.000000	14.779000	82.014772	0.001986
220.000000	14.799000	82.236241	0.002084
221.000000	14.819000	82.458010	0.001767
222.000000	14.839000	82.680076	0.001889
223.000000	14.859000	82.902442	0.001937
224.000000	14.879000	83.125106	0.001913
225.000000	14.899000	83.348068	0.001913
226.000000	14.919000	83.571330	0.001986
227.000000	14.939000	83.794890	0.001742
228.000000	14.959000	84.018748	0.001840
229.000000	14.979000	84.242905	0.001986
230.000000	14.999000	84.467361	0.001791
231.000000	15.019000	84.692115	0.002206
232.000000	15.039000	84.917168	0.002133
233.000000	15.059000	85.142520	0.001718
234.000000	15.079000	85.368170	0.001937
235.000000	15.099000	85.594119	0.001693
236.000000	15.119000	85.820367	0.001889
237.000000	15.139000	86.046913	0.001645
238.000000	15.159000	86.273757	0.002084
239.000000	15.179000	86.500901	0.001669
240.000000	15.199000	86.728343	0.001767
241.000000	15.219000	86.956083	0.001571
242.000000	15.239000	87.184122	0.001571
243.000000	15.259000	87.412460	0.002206
244.000000	15.279000	87.641102	0.001986
245.000000	15.299000	87.870037	0.001620
246.000000	15.319000	88.099271	0.001669
247.000000	15.339000	88.328803	0.001620
248.000000	15.359000	88.558634	0.001840
249.000000	15.379000	88.788764	0.001840
250.000000	15.399000	89.019192	0.001645
251.000000	15.419000	89.249919	0.001791
252.000000	15.439000	89.480944	0.001498
253.000000	15.459000	89.712268	0.001034
254.000000	15.479000	89.943891	0.001181
255.000000	15.499000	90.175812	0.001376
256.000000	15.519000	90.408032	0.001693
257.000000	15.539000	90.640550	0.001327
258.000000	15.559000	90.873368	0.001156
259.000000	15.579000	91.106483	0.001400
260.000000	15.599000	91.339898	0.001181
261.000000	15.619000	91.573611	0.001278
262.000000	15.639000	91.807622	0.001156
263.000000	15.659000	92.041933	0.001376
264.000000	15.679000	92.276541	0.001376
265.000000	15.699000	92.511449	0.001107
266.000000	15.719000	92.746655	0.001449
267.000000	15.739000	92.982160	0.001278
268.000000	15.759000	93.217963	0.001156
269.000000	15.779000	93.454071	0.001254
270.000000	15.799000	93.690471	0.001083
271.000000	15.819000	93.927171	0.001083
272.000000	15.839000	94.164168	0.000912
273.000000	15.859000	94.401465	0.001059
274.000000	15.879000	94.639060	0.000912
275.000000	15.899000	94.876954	0.000741
276.000000	15.919000	95.115146	0.001278
277.000000	15.939000	95.353637	0.001327
278.000000	15.959000	95.592427	0.000888
279.000000	15.979000	95.831515	0.001254
280.000000	15.999000	96.070901	0.001376
281.000000	16.019000	96.310587	0.001547
282.000000	16.039000	96.550571	0.001156
283.000000	16.059000	96.790854	0.001205
284.000000	16.079000	97.031435	0.001132
285.000000	16.099000	97.272315	0.000692
286.000000	16.119000	97.513493	0.000814
287.000000	16.139000	97.754971	0.001010
288.000000	16.159000	97.996746	0.000863
289.000000	16.179000	98.238821	0.001229
290.000000	16.199000	98.481194	0.000717
291.000000	16.219000	98.723865	0.000668
292.000000	16.239000	98.966836	0.000888
293.000000	16.259000	99.210104	0.001059
294.000000	16.279000	99.453672	0.001034
295.000000	16.299000	99.697544	0.000839
296.000000	16.319000	99.941709	0.000985
297.000000	16.339000	100.186172	0.000912
298.000000	16.359000	100.430934	0.001010
299.000000	16.379000	100.675995	0.000814
300.000000	16.399000	100.921354	0.000888
301.000000	16.419000	101.167012	0.000619
302.000000	16.439000	101.412968	0.000473
303.000000	16.459000	101.659223	0.000619
304.000000	16.479000	101.905777	0.000912
305.000000	16.499000	102.152629	0.000717
306.000000	16.519000	102.399780	0.000790
307.000000	16.539000	102.647230	0.000839
308.000000	16.559000	102.894978	0.000766
309.000000	16.579000	103.143025	0.000473
310.000000	16.599000	103.391370	0.000668
311.000000	16.619000	103.640014	0.000570
312.000000	16.639000	103.888957	0.000302
313.000000	16.659000	104.138198	0.001010
314.000000	16.679000	104.387738	0.000692
315.000000	16.699000	104.637577	0.000888
316.000000	16.719000	104.887714	0.000937
317.000000	16.739000	105.138150	0.000302
318.000000	16.759000	105.388884	0.000790
319.000000	16.779000	105.639917	0.000497
320.000000	16.799000	105.891249	0.000546
321.000000	16.819000	106.142885	0.000399
322.000000	16.839000	106.394814	0.000521
323.000000	16.859000	106.647042	0.000351
324.000000	16.879000	106.899568	0.000375
325.000000	16.899000	107.152392	0.000497
326.000000	16.919000	107.405516	0.000253
327.000000	16.939000	107.658938	0.000228
328.000000	16.959000	107.912658	0.000009
329.000000	16.979000	108.166678	0.000619
330.000000	16.999000	108.420996	0.000058
331.000000	17.019000	108.675612	0.000326
332.000000	17.039000	108.930527	0.000326
333.000000	17.059000	109.185741	0.000228
334.000000	17.079000	109.441253	0.000302
335.000000	17.099000	109.697064	0.000277
336.000000	17.119000	109.953174	0.000277
337.000000	17.139000	110.209582	0.000180
338.000000	17.159000	110.466289	0.000277
339.000000	17.179000	110.723294	0.000106
340.000000	17.199000	110.980598	0.000302
341.000000	17.219000	111.238201	0.000277
342.000000	17.239000	111.496102	0.000204
343.000000	17.259000	111.754302	0.000033
344.000000	17.279000	112.012801	0.000497
345.000000	17.299000	112.271598	0.000106
346.000000	17.319000	112.530700	0.000546
347.000000	17.339000	112.790094	0.000253
348.000000	17.359000	113.049787	0.000131
349.000000	17.379000	113.309779	-0.000064
350.000000	17.399000	113.570069	0.000131
351.000000	17.419000	113.830658	-0.000089
352.000000	17.439000	114.091546	0.000131
353.000000	17.459000	114.352732	-0.000113
354.000000	17.479000	114.614217	-0.000016
355.000000	17.499000	114.876000	-0.000016
356.000000	17.519000	115.138082	0.000058
357.000000	17.539000	115.400463	-0.000333
358.000000	17.559000	115.663142	0.000009
359.000000	17.579000	115.926120	-0.000284
360.000000	17.599000	116.189396	0.000033
361.000000	17.619000	116.452972	-0.000040
362.000000	17.639000	116.716845	-0.000016
363.000000	17.659000	116.981018	-0.000284
364.000000	17.679000	117.245489	-0.000089
365.000000	17.699000	117.510258	0.000228
366.000000	17.719000	117.775327	-0.000064
367.000000	17.739000	118.040693	-0.000504
368.000000	17.759000	118.306359	-0.000309
369.000000	17.779000	118.572323	-0.000333
370.000000	17.799000	118.838586	-0.000406
371.000000	17.819000	119.105147	-0.000211
372.000000	17.839000	119.372013	-0.000040
373.000000	17.859000	119.639172	-0.000211
374.000000	17.879000	119.906629	-0.000406
375.000000	17.899000	120.174385	-0.000235
376.000000	17.919000	120.442439	-0.000284
377.000000	17.939000	120.710792	-0.000162
378.000000	17.959000	120.979444	-0.000480
379.000000	17.979000	121.248394	-0.000138
380.000000	17.999000	121.517643	-0.000309
381.000000	18.019000	121.787191	-0.000382
382.000000	18.039000	122.057037	-0.000357
383.000000	18.059000	122.327182	-0.000211
384.000000	18.079000	122.597625	-0.000406
385.000000	18.099000	122.868367	-0.000431
386.000000	18.119000	123.139408	-0.000504
387.000000	18.139000	123.410747	-0.000309
388.000000	18.159000	123.682385	-0.000357
389.000000	18.179000	123.954321	-0.000553
390.000000	18.199000	124.226557	-0.000528
391.000000	18.219000	124.499090	-0.000650
392.000000	18.239000	124.771923	-0.000431
393.000000	18.259000	125.045054	-0.000577
394.000000	18.279000	125.318483	-0.000455
395.000000	18.299000	125.592212	-0.000724
396.000000	18.319000	125.866238	-0.000602
397.000000	18.339000	126.140570	-0.000772
398.000000	18.359000	126.415195	-0.000528
399.000000	18.379000	126.690117	-0.000382
400.000000	18.399000	126.965339	-0.001554
401.000000	18.419000	127.240852	-0.002311
402.000000	18.439000	127.516677	-0.006021
403.000000	18.458999	127.792788	-0.004068
404.000000	18.479000	128.069210	-0.002506
405.000000	18.498999	128.345918	-0.001334
406.000000	18.519000	128.622938	-0.000772
407.000000	18.538999	128.900243	-0.000821
408.000000	18.559000	129.177860	-0.000870
409.000000	18.578999	129.455762	-0.000626
410.000000	18.599000	129.733976	-0.000846
411.000000	18.619000	130.012489	-0.000577
412.000000	18.639000	130.291287	-0.000504
413.000000	18.659000	130.570397	-0.000797
414.000000	18.679000	130.849793	-0.000821
415.000000	18.699000	131.129500	-0.001407
416.000000	18.719000	131.409493	-0.001163
417.000000	18.739000	131.689797	-0.000797
418.000000	18.759000	131.970387	-0.000919
419.000000	18.779000	132.251289	-0.000919
420.000000	18.799000	132.532476	-0.000846
421.000000	18.819000	132.813975	-0.000943
422.000000	18.839000	133.095759	-0.001114
423.000000	18.859000	133.377856	-0.000968
424.000000	18.879000	133.660237	-0.000919
425.000000	18.899000	133.942931	-0.000772
426.000000	18.919000	134.225910	-0.001212
427.000000	18.939000	134.509200	-0.001212
428.000000	18.958999	134.792776	-0.000870
429.000000	18.979000	135.076665	-0.001139
430.000000	18.998999	135.360838	-0.001041
431.000000	19.019000	135.645323	-0.000846
432.000000	19.038999	135.930094	-0.000602
433.000000	19.059000	136.215176	-0.001139
434.000000	19.078999	136.500544	-0.000919
435.000000	19.099000	136.786224	-0.000919
436.000000	19.119000	137.072202	-0.001090
437.000000	19.139000	137.358466	-0.001041
438.000000	19.159000	137.645042	-0.000919
439.000000	19.179000	137.931902	-0.001236
440.000000	19.199000	138.219075	-0.000797
441.000000	19.219000	138.506533	-0.000846
442.000000	19.239000	138.794304	-0.001163
443.000000	19.259000	139.082359	-0.001603
444.000000	19.279000	139.370726	-0.001041
445.000000	19.299000	139.659379	-0.001212
446.000000	19.319000	139.948343	-0.001529
447.000000	19.339000	140.237593	-0.001285
448.000000	19.359000	140.527155	-0.001725
449.000000	19.379000	140.817002	-0.001261
450.000000	19.399000	141.107161	-0.002042
451.000000	19.419000	141.397605	-0.001798
452.000000	19.439000	141.688362	-0.001993
453.000000	19.458999	141.979403	-0.001212
454.000000	19.479000	142.270757	-0.001529
455.000000	19.498999	142.562396	-0.001065
456.000000	19.519000	142.854347	-0.001480
457.000000	19.538999	143.146583	-0.001236
458.000000	19.559000	143.439131	-0.001139
459.000000	19.578999	143.731964	-0.001480
460.000000	19.599000	144.025110	-0.001505
461.000000	19.619000	144.318554	-0.001358
462.000000	19.639000	144.612283	-0.001676
463.000000	19.659000	144.906324	-0.001578
464.000000	19.679000	145.200650	-0.001358
465.000000	19.699000	145.495289	-0.001700
466.000000	19.719000	145.790212	-0.001456
467.000000	19.739000	146.085448	-0.001529
468.000000	19.759000	146.380969	-0.001749
469.000000	19.779000	146.676802	-0.001505
470.000000	19.799000	146.972920	-0.001676
471.000000	19.819000	147.269350	-0.001725
472.000000	19.839000	147.566065	-0.001383
473.000000	19.859000	147.863093	-0.001285
474.000000	19.879000	148.160405	-0.001383
475.000000	19.899000	148.458030	-0.001529
476.000000	19.919000	148.755940	-0.001505
477.000000	19.939000	149.054162	-0.001725
478.000000	19.958999	149.352669	-0.001871
479.000000	19.979000	149.651488	-0.001822
480.000000	19.998999	149.950592	-0.001676
481.000000	20.019000	150.250009	-0.001627
482.000000	20.038999	150.549710	-0.001847
483.000000	20.059000	150.849724	-0.001847
484.000000	20.078999	151.150023	-0.001651
485.000000	20.099000	151.450634	-0.001847
486.000000	20.118999	151.751529	-0.002189
487.000000	20.139000	152.052738	-0.003043
488.000000	20.159000	152.354245	-0.002701
489.000000	20.179000	152.656037	-0.004215
490.000000	20.199000	152.958141	-0.004850
491.000000	20.219000	153.260530	-0.004166
492.000000	20.239000	153.563231	-0.004850
493.000000	20.259000	153.866217	-0.003214
494.000000	20.279000	154.169516	-0.003824
495.000000	20.299000	154.473099	-0.002213
496.000000	20.319000	154.776996	-0.001969
497.000000	20.339000	155.081176	-0.001920
498.000000	20.359000	155.385669	-0.001822
499.000000	20.379000	155.690447	-0.002311
500.000000	20.399000	155.995538	-0.001676
501.000000	20.419000	156.300913	-0.001773
502.000000	20.439000	156.606601	-0.001651
503.000000	20.458999	156.912573	-0.001773
504.000000	20.479000	157.218858	-0.002018
505.000000	20.498999	157.525427	-0.001920
506.000000	20.519000	157.832310	-0.001651
507.000000	20.538999	158.139476	-0.002457
508.000000	20.559000	158.446956	-0.001871
509.000000	20.578999	158.754719	-0.001505
510.000000	20.599000	159.062796	-0.001456
511.000000	20.618999	159.371157	-0.001896
512.000000	20.639000	159.679832	-0.001993
513.000000	20.659000	159.988805	-0.001773
514.000000	20.679000	160.298061	-0.001847
515.000000	20.699000	160.607632	-0.001773
516.000000	20.719000	160.917486	-0.002189
517.000000	20.739000	161.227653	-0.001676
518.000000	20.759000	161.538104	-0.002115
519.000000	20.779000	161.848869	-0.001773
520.000000	20.799000	162.159917	-0.001798
521.000000	20.819000	162.471279	-0.001749
522.000000	20.839000	162.782925	-0.002213
523.000000	20.859000	163.094884	-0.002115
524.000000	20.879000	163.407127	-0.001944
525.000000	20.899000	163.719683	-0.002335
526.000000	20.919000	164.032524	-0.002018
527.000000	20.939000	164.345677	-0.002311
528.000000	20.958999	164.659115	-0.002164
529.000000	20.979000	164.972866	-0.002018
530.000000	20.998999	165.286900	-0.002066
531.000000	21.019000	165.601248	-0.002164
532.000000	21.038999	165.915880	-0.002311
533.000000	21.059000	166.230826	-0.002555
534.000000	21.078999	166.546055	-0.002384
535.000000	21.099000	166.861598	-0.002189
536.000000	21.118999	167.177424	-0.002945
537.000000	21.139000	167.493564	-0.002457
538.000000	21.159000	167.810002	-0.002311
539.000000	21.179000	168.126725	-0.002311
540.000000	21.199000	168.443760	-0.001993
541.000000	21.219000	168.761080	-0.002311
542.000000	21.239000	169.078713	-0.002189
543.000000	21.259000	169.396629	-0.002335
544.000000	21.279000	169.714860	-0.002359
545.000000	21.299000	170.033374	-0.002457
546.000000	21.319000	170.352201	-0.001822
547.000000	21.339000	170.671312	-0.002579
548.000000	21.359000	170.990737	-0.002384
549.000000	21.379000	171.310446	-0.001773
550.000000	21.399000	171.630468	-0.002799
551.000000	21.419000	171.950773	-0.002042
552.000000	21.439000	172.271393	-0.002433
553.000000	21.458999	172.592295	-0.002481
554.000000	21.479000	172.913512	-0.001871
555.000000	21.498999	173.235012	-0.002311
556.000000	21.519000	173.556826	-0.002115
557.000000	21.538999	173.878923	-0.002335
558.000000	21.559000	174.201334	-0.002335
559.000000	21.578999	174.524029	-0.002384
560.000000	21.599000	174.847037	-0.002579
561.000000	21.618999	175.170329	-0.002579
562.000000	21.639000	175.493934	-0.002091
563.000000	21.658999	175.817823	-0.002677
564.000000	21.679000	176.142026	-0.002408
565.000000	21.699000	176.466528	-0.002433
566.000000	21.719000	176.791312	-0.002433
567.000000	21.739000	177.116411	-0.002799
568.000000	21.759000	177.441793	-0.002262
569.000000	21.779000	177.767489	-0.002555
570.000000	21.799000	178.093468	-0.002897
571.000000	21.819000	178.419762	-0.002652
572.000000	21.839000	178.746338	-0.002311
573.000000	21.859000	179.073229	-0.002726
574.000000	21.879000	179.400402	-0.002286
575.000000	21.899000	179.727890	-0.002628
576.000000	21.919000	180.055661	-0.002311
577.000000	21.939000	180.383746	-0.002164
578.000000	21.958999	180.712114	-0.002652
579.000000	21.979000	181.040797	-0.002433
580.000000	21.998999	181.369762	-0.002481
581.000000	22.019000	181.699042	-0.002335
582.000000	22.038999	182.028604	-0.002970
583.000000	22.059000	182.358481	-0.002359
584.000000	22.078999	182.688641	-0.002579
585.000000	22.099000	183.019115	-0.002799
586.000000	22.118999	183.349872	-0.002140
587.000000	22.139000	183.680943	-0.002433
588.000000	22.158999	184.012297	-0.002481
589.000000	22.179000	184.343966	-0.003019
590.000000	22.199000	184.675933	-0.002506
591.000000	22.219000	185.008183	-0.002726
592.000000	22.239000	185.340748	-0.002652
593.000000	22.259000	185.673595	-0.002677
594.000000	22.279000	186.006757	-0.002897
595.000000	22.299000	186.340202	-0.002823
596.000000	22.319000	186.673961	-0.002677
597.000000	22.339000	187.008002	-0.002481
598.000000	22.359000	187.342359	-0.002726
599.000000	22.379000	187.676998	-0.002945
600.000000	22.399000	188.011951	-0.002262
601.000000	22.419000	188.347187	-0.002481
602.000000	22.439000	188.682738	-0.002408
603.000000	22.458999	189.018572	-0.002848
604.000000	22.479000	189.354720	-0.002799
605.000000	22.498999	189.691150	-0.002848
606.000000	22.519000	190.027896	-0.002750
607.000000	22.538999	190.364924	-0.002994
608.000000	22.559000	190.702266	-0.003336
609.000000	22.578999	191.039891	-0.002604
610.000000	22.599000	191.377831	-0.003165
611.000000	22.618999	191.716053	-0.002750
612.000000	22.639000	192.054591	-0.002628
613.000000	22.658999	192.393410	-0.002945
614.000000	22.679000	192.732544	-0.002872
615.000000	22.699000	193.071977	-0.003067
616.000000	22.719000	193.411693	-0.003189
617.000000	22.739000	193.751723	-0.002481
618.000000	22.759000	194.092036	-0.002897
619.000000	22.779000	194.432663	-0.002994
620.000000	22.799000	194.773573	-0.002457
621.000000	22.819000	195.114798	-0.002872
622.000000	22.839000	195.456305	-0.002604
623.000000	22.859000	195.798127	-0.002530
624.000000	22.879000	196.140231	-0.002994
625.000000	22.899000	196.482651	-0.002701
626.000000	22.919000	196.825352	-0.002677
627.000000	22.939000	197.168369	-0.002823
628.000000	22.958999	197.511667	-0.002384
629.000000	22.979000	197.855281	-0.003336
630.000000	22.998999	198.199177	-0.002921
631.000000	23.019000	198.543388	-0.003141
632.000000	23.038999	198.887881	-0.002848
633.000000	23.059000	199.232690	-0.002750
634.000000	23.078999	199.577780	-0.002872
635.000000	23.099000	199.923186	-0.003189
636.000000	23.118999	200.268873	-0.003482
637.000000	23.139000	200.614876	-0.005240
638.000000	23.158999	200.961161	-0.005021
639.000000	23.179000	201.307761	-0.005655
640.000000	23.198999	201.654643	-0.005167
641.000000	23.219000	202.001841	-0.004361
642.000000	23.239000	202.349337	-0.003897
643.000000	23.259000	202.697115	-0.003116
644.000000	23.279000	203.045208	-0.002506
645.000000	23.299000	203.393583	-0.002872
646.000000	23.319000	203.742273	-0.002579
647.000000	23.339000	204.091246	-0.003165
648.000000	23.359000	204.440534	-0.003922
649.000000	23.379000	204.790103	-0.003678
650.000000	23.399000	205.139988	-0.003751
651.000000	23.419000	205.490155	-0.003605
652.000000	23.439000	205.840637	-0.003653
653.000000	23.458999	206.191402	-0.003019
654.000000	23.479000	206.542481	-0.003116
655.000000	23.498999	206.893842	-0.003971
656.000000	23.519000	207.245519	-0.003653
657.000000	23.538999	207.597478	-0.003214
658.000000	23.559000	207.949752	-0.003409
659.000000	23.578999	208.302308	-0.003922
660.000000	23.599000	208.655179	-0.003287
661.000000	23.618999	209.008332	-0.003385
662.000000	23.639000	209.361800	-0.002701
663.000000	23.658999	209.715551	-0.003141
664.000000	23.679000	210.069616	-0.002897
665.000000	23.698999	210.423964	-0.003189
666.000000	23.719000	210.778627	-0.003043
667.000000	23.739000	211.133589	-0.003336
668.000000	23.759000	211.488832	-0.002994
669.000000	23.779000	211.844391	-0.002848
670.000000	23.799000	212.200231	-0.003043
671.000000	23.819000	212.556387	-0.003702
672.000000	23.839000	212.912825	-0.003165
673.000000	23.859000	213.269579	-0.003312
674.000000	23.879000	213.626614	-0.003556
675.000000	23.899000	213.983964	-0.002970
676.000000	23.919000	214.341597	-0.002677
677.000000	23.939000	214.699545	-0.002799
678.000000	23.958999	215.057774	-0.002701
679.000000	23.979000	215.416319	-0.002970
680.000000	23.998999	215.775146	-0.002970
681.000000	24.019000	216.134288	-0.002823
682.000000	24.038999	216.493712	-0.003165
683.000000	24.059000	216.853452	-0.004093
684.000000	24.078999	217.213473	-0.003238
685.000000	24.099000	217.573810	-0.003214
686.000000	24.118999	217.934429	-0.004215
687.000000	24.139000	218.295363	-0.003775
688.000000	24.158999	218.656578	-0.003971
689.000000	24.179000	219.018110	-0.004190
690.000000	24.198999	219.379923	-0.004068
691.000000	24.219000	219.742051	-0.003605
692.000000	24.239000	220.104479	-0.003800
693.000000	24.259000	220.467188	-0.003409
694.000000	24.279000	220.830212	-0.003531
695.000000	24.299000	221.193518	-0.003605
696.000000	24.319000	221.557140	-0.003653
697.000000	24.339000	221.921043	-0.003067
698.000000	24.359000	222.285262	-0.003336
699.000000	24.379000	222.649763	-0.003238
700.000000	24.399000	223.014579	-0.003263
701.000000	24.419000	223.379677	-0.003312
702.000000	24.439000	223.745090	-0.003507
703.000000	24.458999	224.110785	-0.002872
704.000000	24.479000	224.476796	-0.003336
705.000000	24.498999	224.843088	-0.002921
706.000000	24.519000	225.209696	-0.003092
707.000000	24.538999	225.576585	-0.003092
708.000000	24.559000	225.943791	-0.003458
709.000000	24.578999	226.311277	-0.003409
710.000000	24.599000	226.679080	-0.004117
711.000000	24.618999	227.047164	-0.004337
712.000000	24.639000	227.415564	-0.004020
713.000000	24.658999	227.784245	-0.003775
714.000000	24.679000	228.153242	-0.003482
715.000000	24.698999	228.522520	-0.003019
716.000000	24.719000	228.892114	-0.003019
717.000000	24.739000	229.262008	-0.003189
718.000000	24.759000	229.632182	-0.002921
719.000000	24.779000	230.002672	-0.002945
720.000000	24.799000	230.373443	-0.002921
721.000000	24.819000	230.744531	-0.003092
722.000000	24.839000	231.115899	-0.003678
723.000000	24.859000	231.487584	-0.003263
724.000000	24.879000	231.859550	-0.003263
725.000000	24.899000	232.231832	-0.003385
726.000000	24.919000	232.604395	-0.004239
727.000000	24.939000	232.977274	-0.003605
728.000000	24.958999	233.350434	-0.003849
729.000000	24.979000	233.723911	-0.003214
730.000000	24.998999	234.097668	-0.003775
731.000000	25.019000	234.471742	-0.004068
732.000000	25.038999	234.846097	-0.003629
733.000000	25.059000	235.220768	-0.003189
734.000000	25.078999	235.595720	-0.003531
735.000000	25.099000	235.970988	-0.002994
736.000000	25.118999	236.346537	-0.003214
737.000000	25.139000	236.722403	-0.003678
738.000000	25.158999	237.098549	-0.003580
739.000000	25.179000	237.475012	-0.003409
740.000000	25.198999	237.851756	-0.003556
741.000000	25.219000	238.228816	-0.002945
742.000000	25.238999	238.606157	-0.003385
743.000000	25.259000	238.983814	-0.003336
744.000000	25.279000	239.361770	-0.003434
745.000000	25.299000	239.740007	-0.003238
746.000000	25.319000	240.118560	-0.003409
747.000000	25.339000	240.497394	-0.002994
748.000000	25.359000	240.876544	-0.003067
749.000000	25.379000	241.255975	-0.003336
750.000000	25.399000	241.635723	-0.003360
751.000000	25.419000	242.015752	-0.003409
752.000000	25.439000	242.396097	-0.003531
753.000000	25.458999	242.776722	-0.003360
754.000000	25.479000	243.157664	-0.003238
755.000000	25.498999	243.538887	-0.003482
756.000000	25.519000	243.920427	-0.003287
757.000000	25.538999	244.302247	-0.003629
758.000000	25.559000	244.684384	-0.003482
759.000000	25.578999	245.066801	-0.003531
760.000000	25.599000	245.449535	-0.003458
761.000000	25.618999	245.832549	-0.003092
762.000000	25.639000	246.215881	-0.003897
763.000000	25.658999	246.599492	-0.003531
764.000000	25.679000	246.983421	-0.003458
765.000000	25.698999	247.367630	-0.003629
766.000000	25.719000	247.752156	-0.003458
767.000000	25.738999	248.136962	-0.003116
768.000000	25.759000	248.522085	-0.003946
769.000000	25.779000	248.907507	-0.003141
770.000000	25.799000	249.293209	-0.003360
771.000000	25.819000	249.679228	-0.002897
772.000000	25.839000	250.065527	-0.002872
773.000000	25.859000	250.452143	-0.003189
774.000000	25.879000	250.839039	-0.004166
775.000000	25.899000	251.226253	-0.003263
776.000000	25.919000	251.613747	-0.003165
777.000000	25.939000	252.001557	-0.003043
778.000000	25.958999	252.389648	-0.003409
779.000000	25.979000	252.778056	-0.003067
780.000000	25.998999	253.166744	-0.003385
781.000000	26.019000	253.555750	-0.003312
782.000000	26.038999	253.945035	-0.003263
783.000000	26.059000	254.334638	-0.003238
784.000000	26.078999	254.724520	-0.002921
785.000000	26.099000	255.114720	-0.003141
786.000000	26.118999	255.505200	-0.003067
787.000000	26.139000	255.895997	-0.003067
788.000000	26.158999	256.287074	-0.003531
789.000000	26.179000	256.678468	-0.003189
790.000000	26.198999	257.070142	-0.002994
791.000000	26.219000	257.462134	-0.003214
792.000000	26.238999	257.854405	-0.003385
793.000000	26.259000	258.246994	-0.003092
794.000000	26.279000	258.639882	-0.003434
795.000000	26.299000	259.033049	-0.003653
796.000000	26.319000	259.426534	-0.003165
797.000000	26.339000	259.820298	-0.003629
798.000000	26.359000	260.214380	-0.003238
799.000000	26.379000	260.608742	-0.003043
800.000000	26.399000	261.003421	-0.004044
801.000000	26.419000	261.398399	-0.003507
802.000000	26.438999	261.793638	-0.003385
803.000000	26.458999	262.189213	-0.002994
804.000000	26.479000	262.585087	-0.002848
805.000000	26.499000	262.981259	-0.003385
806.000000	26.518999	263.377692	-0.003214
807.000000	26.538999	263.774462	-0.003849
808.000000	26.559000	264.171530	-0.003336
809.000000	26.579000	264.568897	-0.003019
810.000000	26.598999	264.966524	-0.003214
811.000000	26.618999	265.364488	-0.003116
812.000000	26.639000	265.762751	-0.003141
813.000000	26.659000	266.161313	-0.002945
814.000000	26.678999	266.560135	-0.003019
815.000000	26.698999	266.959293	-0.002872
816.000000	26.719000	267.358750	-0.003312
817.000000	26.739000	267.758506	-0.003214
818.000000	26.758999	268.158523	-0.002897
819.000000	26.778999	268.558876	-0.003287
820.000000	26.799000	268.959528	-0.003214
821.000000	26.819000	269.360478	-0.003067
822.000000	26.839001	269.761727	-0.003165
823.000000	26.858999	270.163236	-0.003482
824.000000	26.879000	270.565083	-0.002872
825.000000	26.899000	270.967228	-0.003116
826.000000	26.919000	271.369671	-0.003360
827.000000	26.938999	271.772375	-0.003092
828.000000	26.958999	272.175416	-0.003116
829.000000	26.979000	272.578755	-0.002872
830.000000	26.999000	272.982393	-0.003238
831.000000	27.018999	273.386291	-0.003360
832.000000	27.038999	273.790527	-0.003165
833.000000	27.059000	274.195061	-0.002872
834.000000	27.079000	274.599893	-0.003019
835.000000	27.098999	275.004986	-0.002750
836.000000	27.118999	275.410416	-0.003189
837.000000	27.139000	275.816144	-0.002823
838.000000	27.159000	276.222171	-0.003238
839.000000	27.178999	276.628458	-0.003360
840.000000	27.198999	277.035082	-0.003189
841.000000	27.219000	277.442005	-0.003458
842.000000	27.239000	277.849227	-0.003434
843.000000	27.258999	278.256708	-0.002921
844.000000	27.278999	278.664527	-0.003189
845.000000	27.299000	279.072645	-0.003165
846.000000	27.319000	279.481061	-0.003141
847.000000	27.339001	279.889776	-0.003165
848.000000	27.358999	280.298750	-0.003727
849.000000	27.379000	280.708062	-0.003019
850.000000	27.399000	281.117673	-0.003336
851.000000	27.419000	281.527582	-0.002897
852.000000	27.438999	281.937751	-0.003043
853.000000	27.458999	282.348257	-0.002652
854.000000	27.479000	282.759062	-0.003092
855.000000	27.499000	283.170166	-0.002726
856.000000	27.518999	283.581529	-0.003141
857.000000	27.538999	283.993230	-0.003092
858.000000	27.559000	284.405230	-0.003287
859.000000	27.579000	284.817528	-0.003092
860.000000	27.598999	285.230086	-0.002897
861.000000	27.618999	285.642981	-0.002994
862.000000	27.639000	286.056175	-0.003165
863.000000	27.659000	286.469668	-0.003287
864.000000	27.678999	286.883420	-0.003336
865.000000	27.698999	287.297510	-0.003238
866.000000	27.719000	287.711899	-0.003678
867.000000	27.739000	288.126586	-0.003312
868.000000	27.758999	288.541532	-0.002970
869.000000	27.778999	288.956817	-0.002604
870.000000	27.799000	289.372400	-0.003067
871.000000	27.819000	289.788282	-0.002848
872.000000	27.839001	290.204462	-0.002726
873.000000	27.858999	290.620902	-0.003263
874.000000	27.879000	291.037680	-0.003214
875.000000	27.899000	291.454756	-0.003019
876.000000	27.919000	291.872131	-0.002774
877.000000	27.938999	292.289765	-0.003116
878.000000	27.958999	292.707737	-0.002799
879.000000	27.979000	293.126008	-0.002994
880.000000	27.999000	293.544577	-0.002921
881.000000	28.018999	293.963405	-0.002921
882.000000	28.038999	294.382572	-0.002970
883.000000	28.059000	294.802037	-0.003312
884.000000	28.079000	295.221801	-0.003360
885.000000	28.098999	295.641824	-0.002872
886.000000	28.118999	296.062185	-0.003116
887.000000	28.139000	296.482845	-0.002774
888.000000	28.159000	296.903804	-0.002823
889.000000	28.178999	297.325020	-0.002774
890.000000	28.198999	297.746576	-0.003214
891.000000	28.219000	298.168431	-0.002945
892.000000	28.239000	298.590584	-0.003067
893.000000	28.258999	299.012995	-0.003360
894.000000	28.278999	299.435745	-0.002994
895.000000	28.299000	299.858794	-0.003385
896.000000	28.319000	300.282142	-0.003360
897.000000	28.339001	300.705788	-0.002994
898.000000	28.358999	301.129692	-0.003263
899.000000	28.379000	301.553936	-0.002652
900.000000	28.399000	301.978478	-0.003141
901.000000	28.419000	302.403318	-0.002921
902.000000	28.438999	302.828417	-0.003165
903.000000	28.458999	303.253855	-0.003043
904.000000	28.479000	303.679591	-0.002872
905.000000	28.499000	304.105627	-0.003360
906.000000	28.518999	304.531920	-0.003312
907.000000	28.538999	304.958552	-0.002994
908.000000	28.559000	305.385483	-0.002897
909.000000	28.579000	305.812713	-0.003043
910.000000	28.598999	306.240201	-0.002994
911.000000	28.618999	306.668027	-0.002701
912.000000	28.639000	307.096153	-0.002799
913.000000	28.659000	307.524577	-0.002823
914.000000	28.678999	307.953259	-0.003019
915.000000	28.698999	308.382281	-0.003141
916.000000	28.719000	308.811601	-0.002848
917.000000	28.739000	309.241219	-0.002994
918.000000	28.758999	309.671096	-0.002897
919.000000	28.778999	310.101312	-0.002530
920.000000	28.799000	310.531826	-0.002628
921.000000	28.819000	310.962640	-0.002994
922.000000	28.839001	311.393752	-0.002823
923.000000	28.858999	311.825121	-0.002970
924.000000	28.879000	312.256830	-0.003189
925.000000	28.899000	312.688838	-0.003312
926.000000	28.919000	313.121144	-0.002848
927.000000	28.938999	313.553708	-0.003043
928.000000	28.958999	313.986611	-0.002726
929.000000	28.979000	314.419814	-0.003067
930.000000	28.999000	314.853315	-0.003019
931.000000	29.018999	315.287073	-0.002408
932.000000	29.038999	315.721171	-0.002433
933.000000	29.059000	316.155568	-0.002872
934.000000	29.079000	316.590263	-0.002897
935.000000	29.098999	317.025216	-0.003092
936.000000	29.118999	317.460508	-0.002872
937.000000	29.139000	317.896100	-0.002604
938.000000	29.159000	318.331989	-0.002897
939.000000	29.178999	318.768136	-0.003238
940.000000	29.198999	319.204624	-0.002750
941.000000	29.219000	319.641409	-0.002848
942.000000	29.239000	320.078494	-0.003043
943.000000	29.258999	320.515835	-0.003067
944.000000	29.278999	320.953517	-0.002628
945.000000	29.299000	321.391497	-0.002750
946.000000	29.319000	321.829776	-0.003238
947.000000	29.338999	322.268312	-0.002921
948.000000	29.358999	322.707188	-0.003043
949.000000	29.379000	323.146363	-0.002750
950.000000	29.399000	323.585836	-0.002750
951.000000	29.419000	324.025608	-0.002628
952.000000	29.438999	324.465637	-0.003092
953.000000	29.458999	324.906006	-0.002604
954.000000	29.479000	325.346674	-0.003189
955.000000	29.499000	325.787641	-0.002774
956.000000	29.518999	326.228864	-0.003214
957.000000	29.538999	326.670428	-0.002799
958.000000	29.559000	327.112290	-0.002848
959.000000	29.579000	327.554452	-0.002848
960.000000	29.598999	327.996869	-0.002945
961.000000	29.618999	328.439627	-0.003019
962.000000	29.639000	328.882684	-0.003043
963.000000	29.659000	329.326040	-0.002750
964.000000	29.678999	329.769652	-0.002726
965.000000	29.698999	330.213605	-0.002945
966.000000	29.719000	330.657856	-0.002628
967.000000	29.739000	331.102406	-0.002823
968.000000	29.758999	331.547213	-0.002726
969.000000	29.778999	331.992360	-0.003482
970.000000	29.799000	332.437806	-0.002994
971.000000	29.819000	332.883551	-0.003092
972.000000	29.838999	333.329552	-0.002994
973.000000	29.858999	333.775893	-0.002530
974.000000	29.879000	334.222534	-0.003043
975.000000	29.899000	334.669473	-0.002945
976.000000	29.919000	335.116711	-0.003116
977.000000	29.938999	335.564205	-0.002848
978.000000	29.958999	336.012040	-0.002701
979.000000	29.979000	336.460173	-0.003067
980.000000	29.999000	336.908606	-0.002945
981.000000	30.018999	337.357294	-0.002774
982.000000	30.038999	337.806323	-0.003043
983.000000	30.059000	338.255652	-0.002701
984.000000	30.079000	338.705278	-0.002750
985.000000	30.098999	339.155161	-0.002628
986.000000	30.118999	339.605385	-0.002970
987.000000	30.139000	340.055908	-0.003019
988.000000	30.159000	340.506729	-0.003189
989.000000	30.178999	340.957806	-0.002726
990.000000	30.198999	341.409224	-0.002872
991.000000	30.219000	341.860942	-0.002872
992.000000	30.239000	342.312958	-0.003189
993.000000	30.258999	342.765229	-0.002481
994.000000	30.278999	343.217842	-0.002457
995.000000	30.299000	343.670754	-0.002750
996.000000	30.319000	344.123964	-0.002652
997.000000	30.338999	344.577430	-0.002408
998.000000	30.358999	345.031237	-0.002921
999.000000	30.379000	345.485344	-0.003189
