0.000000	-1.001000	0.342001	0.000619
1.000000	-0.981000	0.327858	0.000692
2.000000	-0.961000	0.314014	0.000448
3.000000	-0.941000	0.300469	0.000497
4.000000	-0.921000	0.287222	0.000180
5.000000	-0.901000	0.274274	0.000253
6.000000	-0.881000	0.261625	0.000790
7.000000	-0.861000	0.249274	0.000790
8.000000	-0.841000	0.237222	0.000228
9.000000	-0.821000	0.225468	0.000595
10.000000	-0.801000	0.214013	0.000741
11.000000	-0.781000	0.202857	0.000253
12.000000	-0.761000	0.191999	0.000253
13.000000	-0.741000	0.181440	0.000521
14.000000	-0.721000	0.171180	0.000399
15.000000	-0.701000	0.161218	0.000497
16.000000	-0.681000	0.151555	0.000277
17.000000	-0.661000	0.142190	0.000228
18.000000	-0.641000	0.133124	0.000595
19.000000	-0.621000	0.124357	0.000595
20.000000	-0.601000	0.115888	0.000106
21.000000	-0.581000	0.107718	0.000570
22.000000	-0.561000	0.099846	0.000277
23.000000	-0.541000	0.092273	0.000497
24.000000	-0.521000	0.084999	0.000692
25.000000	-0.501000	0.078023	0.000521
26.000000	-0.481000	0.071346	0.000521
27.000000	-0.461000	0.064968	0.000497
28.000000	-0.441000	0.058888	0.000448
29.000000	-0.421000	0.053107	0.000692
30.000000	-0.401000	0.047624	0.000009
31.000000	-0.381000	0.042440	0.000570
32.000000	-0.361000	0.037555	0.000082
33.000000	-0.341000	0.032969	0.000448
34.000000	-0.321000	0.028680	0.000155
35.000000	-0.301000	0.024691	0.000668
36.000000	-0.281000	0.021000	0.000228
37.000000	-0.261000	0.017608	0.000253
38.000000	-0.241000	0.014514	0.000839
39.000000	-0.221000	0.011720	0.000644
40.000000	-0.201000	0.009223	0.000692
41.000000	-0.181000	0.007025	0.000546
42.000000	-0.161000	0.005126	0.000692
43.000000	-0.141000	0.003526	0.000790
44.000000	-0.121000	0.002224	0.000668
45.000000	-0.101000	0.001221	0.011801
46.000000	-0.081000	0.000516	0.005600
47.000000	-0.061000	0.000110	-0.015299
48.000000	-0.041000	0.000003	-0.005143
49.000000	-0.021000	0.000194	-0.007267
50.000000	-0.001000	0.000684	-0.001920
51.000000	0.019000	0.001473	-0.001383
52.000000	0.039000	0.002560	0.004037
53.000000	0.059000	0.003945	0.007895
54.000000	0.079000	0.005630	0.014022
55.000000	0.099000	0.007613	0.012973
56.000000	0.119000	0.009894	0.010238
57.000000	0.139000	0.012475	0.014340
58.000000	0.159000	0.015354	0.012973
59.000000	0.179000	0.018531	0.012997
60.000000	0.199000	0.022007	0.015048
61.000000	0.219000	0.025782	0.014462
62.000000	0.239000	0.029855	0.014315
63.000000	0.259000	0.034227	0.014584
64.000000	0.279000	0.038898	0.013412
65.000000	0.299000	0.043867	0.012948
66.000000	0.319000	0.049135	0.011874
67.000000	0.339000	0.054701	0.011068
68.000000	0.359000	0.060566	0.010922
69.000000	0.379000	0.066730	0.009677
70.000000	0.399000	0.073192	0.009335
71.000000	0.419000	0.079953	0.009091
72.000000	0.439000	0.087013	0.008017
73.000000	0.459000	0.094371	0.007675
74.000000	0.479000	0.102028	0.007602
75.000000	0.499000	0.109983	0.006845
76.000000	0.519000	0.118237	0.006112
77.000000	0.539000	0.126790	0.005990
78.000000	0.559000	0.135641	0.005404
79.000000	0.579000	0.144791	0.004745
80.000000	0.599000	0.154240	0.004330
81.000000	0.619000	0.163987	0.004110
82.000000	0.639000	0.174033	0.003524
83.000000	0.659000	0.184377	0.003134
84.000000	0.679000	0.195020	0.002548
85.000000	0.699000	0.205962	0.002230
86.000000	0.719000	0.217202	0.002255
87.000000	0.739000	0.228741	0.001669
88.000000	0.759000	0.240578	0.001083
89.000000	0.779000	0.252714	0.001132
90.000000	0.799000	0.265149	0.000619
91.000000	0.819000	0.277883	-0.000211
92.000000	0.839000	0.290915	0.000277
93.000000	0.859000	0.304245	-0.000480
94.000000	0.879000	0.317874	-0.000455
95.000000	0.899000	0.331802	-0.000431
96.000000	0.919000	0.346029	-0.000650
97.000000	0.939000	0.360554	-0.001065
98.000000	0.959000	0.375377	-0.001261
99.000000	0.979000	0.390500	-0.001578
100.000000	0.999000	0.405921	-0.001261
101.000000	1.019000	0.421640	-0.001676
102.000000	1.039000	0.437659	-0.001822
103.000000	1.059000	0.453975	-0.001578
104.000000	1.079000	0.470591	-0.001944
105.000000	1.099000	0.487505	-0.002604
106.000000	1.119000	0.504718	-0.002506
107.000000	1.139000	0.522229	-0.002189
108.000000	1.159000	0.540039	-0.002433
109.000000	1.179000	0.558148	-0.002628
110.000000	1.199000	0.576555	-0.002359
111.000000	1.219000	0.595260	-0.002774
112.000000	1.239000	0.614265	-0.002433
113.000000	1.259000	0.633568	-0.002799
114.000000	1.279000	0.653170	-0.003434
115.000000	1.299000	0.673070	-0.003189
116.000000	1.319000	0.693269	-0.002970
117.000000	1.339000	0.713766	-0.003336
118.000000	1.359000	0.734562	-0.003067
119.000000	1.379000	0.755657	-0.003043
120.000000	1.399000	0.777050	-0.003116
121.000000	1.419000	0.798742	-0.003043
122.000000	1.439000	0.820733	-0.003360
123.000000	1.459000	0.843023	-0.003043
124.000000	1.479000	0.865610	-0.003336
125.000000	1.499000	0.888497	-0.003092
126.000000	1.519000	0.911682	-0.002848
127.000000	1.539000	0.935166	-0.003067
128.000000	1.559000	0.958948	-0.003043
129.000000	1.579000	0.983029	-0.002848
130.000000	1.599000	1.007409	-0.003165
131.000000	1.619000	1.032087	-0.003336
132.000000	1.639000	1.057064	-0.002823
133.000000	1.659000	1.082339	-0.002848
134.000000	1.679000	1.107913	-0.002994
135.000000	1.699000	1.133786	-0.003141
136.000000	1.719000	1.159957	-0.003116
137.000000	1.739000	1.186427	-0.003409
138.000000	1.759000	1.213196	-0.003580
139.000000	1.779000	1.240263	-0.003214
140.000000	1.799000	1.267629	-0.002897
141.000000	1.819000	1.295293	-0.002945
142.000000	1.839000	1.323256	-0.002921
143.000000	1.859000	1.351518	-0.002579
144.000000	1.879000	1.380078	-0.003189
145.000000	1.899000	1.408937	-0.002750
146.000000	1.919000	1.438095	-0.003019
147.000000	1.939000	1.467551	-0.003141
148.000000	1.959000	1.497306	-0.002677
149.000000	1.979000	1.527359	-0.002872
150.000000	1.999000	1.557711	-0.002823
151.000000	2.019000	1.588362	-0.002945
152.000000	2.039000	1.619311	-0.002848
153.000000	2.059000	1.650559	-0.002579
154.000000	2.079000	1.682105	-0.002433
155.000000	2.099000	1.713951	-0.003019
156.000000	2.119000	1.746094	-0.002628
157.000000	2.139000	1.778537	-0.002726
158.000000	2.159000	1.811278	-0.002677
159.000000	2.179000	1.844317	-0.002848
160.000000	2.199000	1.877655	-0.002848
161.000000	2.219000	1.911293	-0.002701
162.000000	2.239000	1.945228	-0.002726
163.000000	2.259000	1.979462	-0.002359
164.000000	2.279000	2.013995	-0.002091
165.000000	2.299000	2.048826	-0.002359
166.000000	2.319000	2.083956	-0.002359
167.000000	2.339000	2.119385	-0.002384
168.000000	2.359000	2.155112	-0.002262
169.000000	2.379000	2.191138	-0.002091
170.000000	2.399000	2.227462	-0.002433
171.000000	2.419000	2.264085	-0.002335
172.000000	2.439000	2.301007	-0.002091
173.000000	2.459000	2.338228	-0.002262
174.000000	2.479000	2.375746	-0.001969
175.000000	2.499000	2.413564	-0.002066
176.000000	2.519000	2.451680	-0.001920
177.000000	2.539000	2.490095	-0.001969
178.000000	2.559000	2.528808	-0.001773
179.000000	2.579000	2.567820	-0.001896
180.000000	2.599000	2.607131	-0.001822
181.000000	2.619000	2.646740	-0.001676
182.000000	2.639000	2.686648	-0.002042
183.000000	2.659000	2.726855	-0.001920
184.000000	2.679000	2.767360	-0.001749
185.000000	2.699000	2.808163	-0.001871
186.000000	2.719000	2.849266	-0.001822
187.000000	2.739000	2.890667	-0.001773
188.000000	2.759000	2.932367	-0.001651
189.000000	2.779000	2.974365	-0.002018
190.000000	2.799000	3.016662	-0.001603
191.000000	2.819000	3.059257	-0.002189
192.000000	2.839000	3.102152	-0.001456
193.000000	2.859000	3.145344	-0.001554
194.000000	2.879000	3.188836	-0.001480
195.000000	2.899000	3.232626	-0.001261
196.000000	2.919000	3.276714	-0.001603
197.000000	2.939000	3.321101	-0.001236
198.000000	2.959000	3.365787	-0.001236
199.000000	2.979000	3.410772	-0.001358
200.000000	2.999000	3.456055	-0.001041
201.000000	3.019000	3.501637	-0.001017
202.000000	3.039000	3.547517	-0.001114
203.000000	3.059000	3.593696	-0.001114
204.000000	3.079000	3.640174	-0.000748
205.000000	3.099000	3.686950	-0.001261
206.000000	3.119000	3.734025	-0.000968
207.000000	3.139000	3.781398	-0.000797
208.000000	3.159000	3.829070	-0.001065
209.000000	3.179000	3.877041	-0.001139
210.000000	3.199000	3.925310	-0.000724
211.000000	3.219000	3.973878	-0.000895
212.000000	3.239000	4.022744	-0.001188
213.000000	3.259000	4.071909	-0.001163
214.000000	3.279000	4.121373	-0.000797
215.000000	3.299000	4.171136	-0.000870
216.000000	3.319000	4.221197	-0.000724
217.000000	3.339000	4.271556	-0.000870
218.000000	3.359000	4.322216	-0.000699
219.000000	3.379000	4.373172	-0.000577
220.000000	3.399000	4.424428	-0.000797
221.000000	3.419000	4.475982	-0.000846
222.000000	3.439000	4.527835	-0.000870
223.000000	3.459000	4.579986	-0.000480
224.000000	3.479000	4.632436	-0.000333
225.000000	3.499000	4.685185	-0.000870
226.000000	3.519000	4.738232	-0.000357
227.000000	3.539000	4.791578	-0.000650
228.000000	3.559000	4.845222	-0.000504
229.000000	3.579000	4.899165	-0.000675
230.000000	3.599000	4.953407	-0.000260
231.000000	3.619000	5.007947	-0.000260
232.000000	3.639000	5.062786	-0.000480
233.000000	3.659000	5.117924	-0.000260
234.000000	3.679000	5.173360	-0.000235
235.000000	3.699000	5.229095	-0.000284
236.000000	3.719000	5.285128	-0.000309
237.000000	3.739000	5.341460	-0.000064
238.000000	3.759000	5.398091	0.000155
239.000000	3.779000	5.455020	0.000009
240.000000	3.799000	5.512248	0.000131
241.000000	3.819000	5.569775	-0.000211
242.000000	3.839000	5.627600	0.000375
243.000000	3.859000	5.685723	0.000204
244.000000	3.879000	5.744147	-0.000016
245.000000	3.899000	5.802868	-0.000016
246.000000	3.919000	5.861888	0.000106
247.000000	3.939000	5.921206	0.000521
248.000000	3.959000	5.980823	0.000106
249.000000	3.979000	6.040739	0.000253
250.000000	3.999000	6.100953	0.000228
251.000000	4.019000	6.161465	0.000521
252.000000	4.039000	6.222277	-0.000040
253.000000	4.059000	6.283387	0.000277
254.000000	4.079000	6.344795	0.000595
255.000000	4.099000	6.406503	0.000546
256.000000	4.119000	6.468508	0.000961
257.000000	4.139000	6.530813	0.000375
258.000000	4.159000	6.593416	0.000741
259.000000	4.179000	6.656318	0.000424
260.000000	4.199000	6.719518	0.000644
261.000000	4.219000	6.783017	0.001010
262.000000	4.239000	6.846814	0.000570
263.000000	4.259000	6.910911	0.000521
264.000000	4.279000	6.975305	0.000814
265.000000	4.299000	7.039999	0.000985
266.000000	4.319000	7.104991	0.000619
267.000000	4.339000	7.170282	0.000717
268.000000	4.359000	7.235871	0.000888
269.000000	4.379000	7.301760	0.001059
270.000000	4.399000	7.367947	0.001059
271.000000	4.419000	7.434432	0.000814
272.000000	4.439000	7.501216	0.001254
273.000000	4.459000	7.568298	0.001229
274.000000	4.479000	7.635679	0.001181
275.000000	4.499000	7.703359	0.001229
276.000000	4.519000	7.771337	0.001156
277.000000	4.539000	7.839614	0.001156
278.000000	4.559000	7.908190	0.001474
279.000000	4.579000	7.977064	0.001278
280.000000	4.599000	8.046237	0.001376
281.000000	4.619000	8.115708	0.001352
282.000000	4.639000	8.185478	0.001327
283.000000	4.659000	8.255547	0.001547
284.000000	4.679000	8.325914	0.001059
285.000000	4.699000	8.396580	0.001425
286.000000	4.719000	8.467544	0.001376
287.000000	4.739000	8.538807	0.001352
288.000000	4.759000	8.610369	0.001474
289.000000	4.779000	8.682229	0.001547
290.000000	4.799000	8.754388	0.001693
291.000000	4.819000	8.826846	0.001400
292.000000	4.839000	8.899602	0.001669
293.000000	4.859000	8.972657	0.001620
294.000000	4.879000	9.046010	0.001791
295.000000	4.899000	9.119664	0.001986
296.000000	4.919000	9.193615	0.001913
297.000000	4.939000	9.267864	0.001620
298.000000	4.959000	9.342412	0.001840
299.000000	4.979000	9.417259	0.001986
300.000000	4.999000	9.492404	0.001962
301.000000	5.019000	9.567848	0.001864
302.000000	5.039000	9.643590	0.001571
303.000000	5.059000	9.719631	0.001889
304.000000	5.079000	9.795971	0.002157
305.000000	5.099000	9.872609	0.001791
306.000000	5.119000	9.949546	0.001815
307.000000	5.139000	10.026781	0.002011
308.000000	5.159000	10.104316	0.002133
309.000000	5.179000	10.182148	0.001986
310.000000	5.199000	10.260280	0.002182
311.000000	5.219000	10.338710	0.002230
312.000000	5.239000	10.417438	0.002230
313.000000	5.259000	10.496466	0.002084
314.000000	5.279000	10.575791	0.002255
315.000000	5.299000	10.655416	0.002206
316.000000	5.319000	10.735339	0.002353
317.000000	5.339000	10.815561	0.002597
318.000000	5.359000	10.896081	0.002401
319.000000	5.379000	10.976900	0.002426
320.000000	5.399000	11.058018	0.002401
321.000000	5.419000	11.139436	0.002328
322.000000	5.439000	11.221151	0.002572
323.000000	5.459000	11.303164	0.002914
324.000000	5.479000	11.385476	0.002426
325.000000	5.499000	11.468087	0.002475
326.000000	5.519000	11.550996	0.002572
327.000000	5.539000	11.634204	0.002645
328.000000	5.559000	11.717711	0.002523
329.000000	5.579000	11.801516	0.002523
330.000000	5.599000	11.885620	0.002987
331.000000	5.619000	11.970022	0.002572
332.000000	5.639000	12.054723	0.002670
333.000000	5.659000	12.139723	0.003207
334.000000	5.679000	12.225021	0.002865
335.000000	5.699000	12.310618	0.002499
336.000000	5.719000	12.396514	0.002621
337.000000	5.739000	12.482708	0.003109
338.000000	5.759000	12.569201	0.002890
339.000000	5.779000	12.655992	0.002768
340.000000	5.799000	12.743082	0.003109
341.000000	5.819000	12.830471	0.002816
342.000000	5.839000	12.918158	0.002987
343.000000	5.859000	13.006144	0.002938
344.000000	5.879000	13.094428	0.003402
345.000000	5.899000	13.183011	0.002792
346.000000	5.919000	13.271895	0.002987
347.000000	5.939000	13.361076	0.003451
348.000000	5.959000	13.450555	0.003305
349.000000	5.979000	13.540332	0.003256
350.000000	5.999000	13.630408	0.003012
351.000000	6.019000	13.720783	0.003183
352.000000	6.039000	13.811457	0.003354
353.000000	6.059000	13.902429	0.003134
354.000000	6.079000	13.993700	0.003207
355.000000	6.099000	14.085269	0.003451
356.000000	6.119000	14.177137	0.003451
357.000000	6.139000	14.269303	0.003256
358.000000	6.159000	14.361769	0.003402
359.000000	6.179000	14.454532	0.003427
360.000000	6.199000	14.547595	0.003207
361.000000	6.219000	14.640956	0.003378
362.000000	6.239000	14.734616	0.003183
363.000000	6.259000	14.828574	0.003524
364.000000	6.279000	14.922831	0.003476
365.000000	6.299000	15.017386	0.003354
366.000000	6.319000	15.112241	0.003598
367.000000	6.339000	15.207393	0.003744
368.000000	6.359000	15.302845	0.003598
369.000000	6.379000	15.398595	0.003524
370.000000	6.399000	15.494643	0.003817
371.000000	6.419000	15.590991	0.003573
372.000000	6.439000	15.687639	0.003329
373.000000	6.459000	15.784583	0.003354
374.000000	6.479000	15.881827	0.003427
375.000000	6.499000	15.979368	0.003671
376.000000	6.519000	16.077209	0.003524
377.000000	6.539000	16.175348	0.003354
378.000000	6.559000	16.273785	0.003817
379.000000	6.579000	16.372522	0.003769
380.000000	6.599000	16.471557	0.003549
381.000000	6.619000	16.570890	0.003842
382.000000	6.639000	16.670522	0.003671
383.000000	6.659000	16.770453	0.003915
384.000000	6.679000	16.870682	0.004232
385.000000	6.699000	16.971210	0.003769
386.000000	6.719000	17.072037	0.003769
387.000000	6.739000	17.173162	0.003964
388.000000	6.759000	17.274586	0.004061
389.000000	6.779000	17.376308	0.004159
390.000000	6.799000	17.478329	0.003964
391.000000	6.819000	17.580649	0.003842
392.000000	6.839000	17.683267	0.004013
393.000000	6.859000	17.786184	0.003988
394.000000	6.879000	17.889400	0.003964
395.000000	6.899000	17.992914	0.004330
396.000000	6.919000	18.096727	0.004379
397.000000	6.939000	18.200841	0.004135
398.000000	6.959000	18.305251	0.004086
399.000000	6.979000	18.409959	0.004086
400.000000	6.999000	18.514967	0.004086
401.000000	7.019000	18.620270	0.004208
402.000000	7.039000	18.725877	0.003915
403.000000	7.058999	18.831778	0.004135
404.000000	7.079000	18.937982	0.003939
405.000000	7.098999	19.044480	0.004135
406.000000	7.119000	19.151282	0.004184
407.000000	7.138999	19.258377	0.004013
408.000000	7.159000	19.365775	0.004159
409.000000	7.178999	19.473468	0.004110
410.000000	7.199000	19.581464	0.004330
411.000000	7.219000	19.689758	0.004647
412.000000	7.239000	19.798347	0.004306
413.000000	7.259000	19.907239	0.004477
414.000000	7.279000	20.016424	0.004770
415.000000	7.299000	20.125913	0.004257
416.000000	7.319000	20.235696	0.004354
417.000000	7.339000	20.345782	0.004232
418.000000	7.359000	20.456162	0.004330
419.000000	7.379000	20.566846	0.004452
420.000000	7.399000	20.677823	0.003988
421.000000	7.419000	20.789104	0.004208
422.000000	7.439000	20.900678	0.004110
423.000000	7.459000	21.012556	0.004379
424.000000	7.479000	21.124728	0.004428
425.000000	7.499000	21.237203	0.004647
426.000000	7.519000	21.349972	0.004794
427.000000	7.539000	21.463045	0.004647
428.000000	7.558999	21.576411	0.004428
429.000000	7.579000	21.690081	0.004525
430.000000	7.598999	21.804044	0.004379
431.000000	7.619000	21.918311	0.004550
432.000000	7.638999	22.032872	0.004574
433.000000	7.659000	22.147736	0.004501
434.000000	7.678999	22.262894	0.004501
435.000000	7.699000	22.378356	0.004550
436.000000	7.719000	22.494116	0.004721
437.000000	7.739000	22.610170	0.004574
438.000000	7.759000	22.726527	0.004452
439.000000	7.779000	22.843178	0.004550
440.000000	7.799000	22.960133	0.004525
441.000000	7.819000	23.077381	0.004599
442.000000	7.839000	23.194933	0.004647
443.000000	7.859000	23.312778	0.005062
444.000000	7.879000	23.430928	0.004989
445.000000	7.899000	23.549370	0.004794
446.000000	7.919000	23.668117	0.004696
447.000000	7.939000	23.787157	0.004745
448.000000	7.959000	23.906501	0.004672
449.000000	7.979000	24.026137	0.004696
450.000000	7.999000	24.146079	0.004574
451.000000	8.019000	24.266313	0.004843
452.000000	8.039000	24.386851	0.004672
453.000000	8.058999	24.507682	0.004623
454.000000	8.079000	24.628818	0.004672
455.000000	8.098999	24.750247	0.004745
456.000000	8.119000	24.871980	0.004892
457.000000	8.138999	24.994005	0.004843
458.000000	8.159000	25.116336	0.005087
459.000000	8.178999	25.238959	0.004892
460.000000	8.199000	25.361886	0.004892
461.000000	8.219000	25.485112	0.004721
462.000000	8.239000	25.608631	0.004989
463.000000	8.259000	25.732455	0.005014
464.000000	8.279000	25.856571	0.004647
465.000000	8.299000	25.980991	0.004940
466.000000	8.319000	26.105705	0.004721
467.000000	8.339000	26.230722	0.005258
468.000000	8.359000	26.356033	0.005209
469.000000	8.379000	26.481648	0.004940
470.000000	8.399000	26.607556	0.004867
471.000000	8.419000	26.733768	0.005404
472.000000	8.439000	26.860273	0.005111
473.000000	8.459000	26.987083	0.004770
474.000000	8.479000	27.114185	0.004794
475.000000	8.499000	27.241592	0.004672
476.000000	8.519000	27.369292	0.004574
477.000000	8.539000	27.497296	0.004892
478.000000	8.558999	27.625592	0.004745
479.000000	8.579000	27.754194	0.005111
480.000000	8.598999	27.883088	0.004892
481.000000	8.619000	28.012286	0.005111
482.000000	8.638999	28.141778	0.005087
483.000000	8.659000	28.271573	0.005185
484.000000	8.678999	28.401662	0.005233
485.000000	8.699000	28.532055	0.005380
486.000000	8.718999	28.662741	0.005258
487.000000	8.739000	28.793731	0.005209
488.000000	8.759000	28.925020	0.005062
489.000000	8.779000	29.056602	0.004867
490.000000	8.799000	29.188488	0.004892
491.000000	8.819000	29.320667	0.004940
492.000000	8.839000	29.453150	0.004916
493.000000	8.859000	29.585926	0.005258
494.000000	8.879000	29.719007	0.005282
495.000000	8.899000	29.852380	0.005307
496.000000	8.919000	29.986058	0.005087
497.000000	8.939000	30.120028	0.004843
498.000000	8.959000	30.254304	0.005087
499.000000	8.979000	30.388871	0.005014
500.000000	8.999000	30.523744	0.005111
501.000000	9.019000	30.658909	0.005185
502.000000	9.039000	30.794379	0.005404
503.000000	9.058999	30.930141	0.004916
504.000000	9.079000	31.066208	0.005331
505.000000	9.098999	31.202567	0.004965
506.000000	9.119000	31.339232	0.004965
507.000000	9.138999	31.476188	0.005160
508.000000	9.159000	31.613450	0.005624
509.000000	9.178999	31.751003	0.005111
510.000000	9.199000	31.888862	0.005087
511.000000	9.218999	32.027013	0.005233
512.000000	9.239000	32.165469	0.005087
513.000000	9.259000	32.304224	0.005307
514.000000	9.279000	32.443271	0.005551
515.000000	9.299000	32.582623	0.005087
516.000000	9.319000	32.722267	0.005038
517.000000	9.339000	32.862216	0.005014
518.000000	9.359000	33.002458	0.005160
519.000000	9.379000	33.143004	0.004916
520.000000	9.399000	33.283843	0.005307
521.000000	9.419000	33.424986	0.005111
522.000000	9.439000	33.566422	0.004940
523.000000	9.459000	33.708163	0.005087
524.000000	9.479000	33.850196	0.005233
525.000000	9.499000	33.992534	0.005355
526.000000	9.519000	34.135165	0.005258
527.000000	9.539000	34.278100	0.005233
528.000000	9.558999	34.421327	0.005258
529.000000	9.579000	34.564860	0.005014
530.000000	9.598999	34.708685	0.005062
531.000000	9.619000	34.852815	0.005111
532.000000	9.638999	34.997237	0.005160
533.000000	9.659000	35.141964	0.005038
534.000000	9.678999	35.286983	0.005307
535.000000	9.699000	35.432308	0.005087
536.000000	9.718999	35.577924	0.004916
537.000000	9.739000	35.723846	0.004965
538.000000	9.759000	35.870066	0.005160
539.000000	9.779000	36.016579	0.005136
540.000000	9.799000	36.163396	0.005111
541.000000	9.819000	36.310506	0.004940
542.000000	9.839000	36.457921	0.005136
543.000000	9.859000	36.605627	0.005038
544.000000	9.879000	36.753640	0.004965
545.000000	9.899000	36.901943	0.005014
546.000000	9.919000	37.050553	0.005209
547.000000	9.939000	37.199454	0.005258
548.000000	9.959000	37.348661	0.005331
549.000000	9.979000	37.498159	0.004770
550.000000	9.999000	37.647963	0.005160
551.000000	10.019000	37.798059	0.005038
552.000000	10.039000	37.948460	0.005185
553.000000	10.058999	38.099153	0.005404
554.000000	10.079000	38.250151	0.004916
555.000000	10.098999	38.401441	0.005160
556.000000	10.119000	38.553037	0.005062
557.000000	10.138999	38.704924	0.005136
558.000000	10.159000	38.857117	0.004892
559.000000	10.178999	39.009602	0.004989
560.000000	10.199000	39.162392	0.005038
561.000000	10.218999	39.315473	0.005062
562.000000	10.239000	39.468861	0.005087
563.000000	10.258999	39.622540	0.004892
564.000000	10.279000	39.776525	0.004843
565.000000	10.299000	39.930808	0.004477
566.000000	10.319000	40.085383	0.004550
567.000000	10.339000	40.240264	0.004940
568.000000	10.359000	40.395436	0.005111
569.000000	10.379000	40.550914	0.004794
570.000000	10.399000	40.706683	0.003866
571.000000	10.419000	40.862758	0.004843
572.000000	10.439000	41.019124	0.004647
573.000000	10.459000	41.175797	0.004965
574.000000	10.479000	41.332760	0.005062
575.000000	10.499000	41.490030	0.004989
576.000000	10.519000	41.647591	0.004770
577.000000	10.539000	41.805458	0.004965
578.000000	10.558999	41.963616	0.004916
579.000000	10.579000	42.122080	0.004940
580.000000	10.598999	42.280836	0.005087
581.000000	10.619000	42.439897	0.005282
582.000000	10.638999	42.599250	0.005062
583.000000	10.659000	42.758908	0.005087
584.000000	10.678999	42.918858	0.005355
585.000000	10.699000	43.079114	0.005062
586.000000	10.718999	43.239661	0.004745
587.000000	10.739000	43.400515	0.005014
588.000000	10.758999	43.561659	0.005478
589.000000	10.779000	43.723109	0.005136
590.000000	10.799000	43.884858	0.004818
591.000000	10.819000	44.046899	0.005014
592.000000	10.839000	44.209245	0.005111
593.000000	10.859000	44.371882	0.004794
594.000000	10.879000	44.534826	0.004940
595.000000	10.899000	44.698060	0.004794
596.000000	10.919000	44.861601	0.005062
597.000000	10.939000	45.025433	0.004940
598.000000	10.959000	45.189571	0.005136
599.000000	10.979000	45.354000	0.004818
600.000000	10.999000	45.518736	0.004965
601.000000	11.019000	45.683762	0.004965
602.000000	11.039000	45.849095	0.004623
603.000000	11.058999	46.014718	0.005062
604.000000	11.079000	46.180648	0.004647
605.000000	11.098999	46.346869	0.004525
606.000000	11.119000	46.513396	0.004989
607.000000	11.138999	46.680214	0.004818
608.000000	11.159000	46.847338	0.004843
609.000000	11.178999	47.014753	0.005087
610.000000	11.199000	47.182475	0.004916
611.000000	11.218999	47.350487	0.004916
612.000000	11.239000	47.518806	0.005087
613.000000	11.258999	47.687416	0.004940
614.000000	11.279000	47.856332	0.004721
615.000000	11.299000	48.025547	0.004916
616.000000	11.319000	48.195052	0.004965
617.000000	11.339000	48.364865	0.004721
618.000000	11.359000	48.534967	0.004623
619.000000	11.379000	48.705377	0.004550
620.000000	11.399000	48.876077	0.004794
621.000000	11.419000	49.047083	0.004647
622.000000	11.439000	49.218380	0.004696
623.000000	11.459000	49.389984	0.004696
624.000000	11.479000	49.561878	0.004477
625.000000	11.499000	49.734080	0.004599
626.000000	11.519000	49.906571	0.004477
627.000000	11.539000	50.079370	0.004696
628.000000	11.558999	50.252458	0.004696
629.000000	11.579000	50.425854	0.004306
630.000000	11.598999	50.599540	0.004550
631.000000	11.619000	50.773533	0.004623
632.000000	11.638999	50.947816	0.004452
633.000000	11.659000	51.122406	0.004623
634.000000	11.678999	51.297287	0.004721
635.000000	11.699000	51.472474	0.004599
636.000000	11.718999	51.647952	0.004721
637.000000	11.739000	51.823737	0.004306
638.000000	11.758999	51.999812	0.004403
639.000000	11.779000	52.176193	0.004330
640.000000	11.798999	52.352866	0.004306
641.000000	11.819000	52.529845	0.004232
642.000000	11.839000	52.707123	0.004501
643.000000	11.859000	52.884691	0.004330
644.000000	11.879000	53.062566	0.004501
645.000000	11.899000	53.240731	0.004281
646.000000	11.919000	53.419203	0.004330
647.000000	11.939000	53.597966	0.004525
648.000000	11.959000	53.777035	0.004525
649.000000	11.979000	53.956395	0.004281
650.000000	11.999000	54.136062	0.004403
651.000000	12.019000	54.316019	0.004452
652.000000	12.039000	54.496283	0.004135
653.000000	12.058999	54.676837	0.004086
654.000000	12.079000	54.857698	0.004452
655.000000	12.098999	55.038850	0.004647
656.000000	12.119000	55.220308	0.004184
657.000000	12.138999	55.402057	0.004354
658.000000	12.159000	55.584113	0.004428
659.000000	12.178999	55.766459	0.004208
660.000000	12.199000	55.949112	0.004281
661.000000	12.218999	56.132055	0.004086
662.000000	12.239000	56.315305	0.004232
663.000000	12.258999	56.498846	0.004086
664.000000	12.279000	56.682693	0.004110
665.000000	12.298999	56.866831	0.003964
666.000000	12.319000	57.051276	0.004354
667.000000	12.339000	57.236019	0.004379
668.000000	12.359000	57.421052	0.003988
669.000000	12.379000	57.606393	0.004159
670.000000	12.399000	57.792024	0.003695
671.000000	12.419000	57.977962	0.004110
672.000000	12.439000	58.164190	0.004086
673.000000	12.459000	58.350725	0.004184
674.000000	12.479000	58.537550	0.003769
675.000000	12.499000	58.724683	0.003964
676.000000	12.519000	58.912105	0.004013
677.000000	12.539000	59.099835	0.004232
678.000000	12.558999	59.287854	0.003842
679.000000	12.579000	59.476181	0.003720
680.000000	12.598999	59.664798	0.003842
681.000000	12.619000	59.853722	0.003891
682.000000	12.638999	60.042936	0.003793
683.000000	12.659000	60.232458	0.003891
684.000000	12.678999	60.422269	0.004110
685.000000	12.699000	60.612388	0.003866
686.000000	12.718999	60.802796	0.003695
687.000000	12.739000	60.993512	0.004208
688.000000	12.758999	61.184518	0.004037
689.000000	12.779000	61.375831	0.003964
690.000000	12.798999	61.567434	0.003891
691.000000	12.819000	61.759345	0.003720
692.000000	12.839000	61.951554	0.004037
693.000000	12.859000	62.144053	0.004013
694.000000	12.879000	62.336859	0.003573
695.000000	12.899000	62.529955	0.003769
696.000000	12.919000	62.723359	0.003793
697.000000	12.939000	62.917052	0.003476
698.000000	12.959000	63.111053	0.003915
699.000000	12.979000	63.305343	0.003720
700.000000	12.999000	63.499942	0.003817
701.000000	13.019000	63.694829	0.003744
702.000000	13.039000	63.890025	0.003646
703.000000	13.058999	64.085510	0.003866
704.000000	13.079000	64.281302	0.003549
705.000000	13.098999	64.477385	0.003549
706.000000	13.119000	64.673775	0.003769
707.000000	13.138999	64.870454	0.003891
708.000000	13.159000	65.067441	0.003744
709.000000	13.178999	65.264718	0.003500
710.000000	13.199000	65.462302	0.003842
711.000000	13.218999	65.660176	0.003500
712.000000	13.239000	65.858358	0.003720
713.000000	13.258999	66.056829	0.003500
714.000000	13.279000	66.255608	0.003402
715.000000	13.298999	66.454676	0.003549
716.000000	13.319000	66.654052	0.003817
717.000000	13.339000	66.853727	0.003646
718.000000	13.359000	67.053691	0.003720
719.000000	13.379000	67.253964	0.003573
720.000000	13.399000	67.454525	0.003573
721.000000	13.419000	67.655394	0.003524
722.000000	13.439000	67.856553	0.003549
723.000000	13.459000	68.058020	0.003964
724.000000	13.479000	68.259775	0.003158
725.000000	13.499000	68.461839	0.003256
726.000000	13.519000	68.664192	0.003256
727.000000	13.539000	68.866853	0.003354
728.000000	13.558999	69.069804	0.003305
729.000000	13.579000	69.273062	0.003305
730.000000	13.598999	69.476609	0.003354
731.000000	13.619000	69.680465	0.003305
732.000000	13.638999	69.884610	0.003280
733.000000	13.659000	70.089063	0.003329
734.000000	13.678999	70.293805	0.003329
735.000000	13.699000	70.498855	0.003280
736.000000	13.718999	70.704194	0.003305
737.000000	13.739000	70.909842	0.003378
738.000000	13.758999	71.115778	0.003207
739.000000	13.779000	71.322023	0.003402
740.000000	13.798999	71.528556	0.003231
741.000000	13.819000	71.735398	0.003427
742.000000	13.838999	71.942529	0.003085
743.000000	13.859000	72.149968	0.003256
744.000000	13.879000	72.357706	0.003183
745.000000	13.899000	72.565733	0.003256
746.000000	13.919000	72.774068	0.003134
747.000000	13.939000	72.982692	0.003329
748.000000	13.959000	73.191624	0.003036
749.000000	13.979000	73.400845	0.003256
750.000000	13.999000	73.610375	0.003256
751.000000	14.019000	73.820193	0.003061
752.000000	14.039000	74.030320	0.003109
753.000000	14.058999	74.240736	0.002914
754.000000	14.079000	74.451460	0.003231
755.000000	14.098999	74.662473	0.003061
756.000000	14.119000	74.873794	0.002963
757.000000	14.138999	75.085404	0.003109
758.000000	14.159000	75.297323	0.003183
759.000000	14.178999	75.509530	0.003280
760.000000	14.199000	75.722046	0.003158
761.000000	14.218999	75.934851	0.003158
762.000000	14.239000	76.147964	0.002792
763.000000	14.258999	76.361366	0.002890
764.000000	14.279000	76.575076	0.002841
765.000000	14.298999	76.789075	0.002768
766.000000	14.319000	77.003383	0.002914
767.000000	14.338999	77.217979	0.002670
768.000000	14.359000	77.432884	0.003061
769.000000	14.379000	77.648087	0.002621
770.000000	14.399000	77.863579	0.002841
771.000000	14.419000	78.079380	0.003036
772.000000	14.439000	78.295469	0.002841
773.000000	14.459000	78.511868	0.002890
774.000000	14.479000	78.728554	0.002792
775.000000	14.499000	78.945549	0.002401
776.000000	14.519000	79.162833	0.002768
777.000000	14.539000	79.380426	0.002133
778.000000	14.558999	79.598307	0.002645
779.000000	14.579000	79.816496	0.002621
780.000000	14.598999	80.034975	0.002792
781.000000	14.619000	80.253762	0.002523
782.000000	14.638999	80.472837	0.002694
783.000000	14.659000	80.692222	0.002914
784.000000	14.678999	80.911894	0.002499
785.000000	14.699000	81.131876	0.002694
786.000000	14.718999	81.352146	0.002694
787.000000	14.739000	81.572724	0.002572
788.000000	14.758999	81.793592	0.002304
789.000000	14.779000	82.014768	0.002645
790.000000	14.798999	82.236232	0.002621
791.000000	14.819000	82.458005	0.002597
792.000000	14.838999	82.680067	0.002499
793.000000	14.859000	82.902438	0.002523
794.000000	14.879000	83.125107	0.002743
795.000000	14.899000	83.348064	0.002255
796.000000	14.919000	83.571331	0.002328
797.000000	14.939000	83.794885	0.002230
798.000000	14.959000	84.018749	0.002304
799.000000	14.979000	84.242901	0.002206
800.000000	14.999000	84.467362	0.002255
801.000000	15.019000	84.692122	0.002084
802.000000	15.038999	84.917159	0.002353
803.000000	15.058999	85.142516	0.002084
804.000000	15.079000	85.368171	0.002133
805.000000	15.099000	85.594126	0.002133
806.000000	15.118999	85.820357	0.002450
807.000000	15.138999	86.046908	0.002401
808.000000	15.159000	86.273758	0.002060
809.000000	15.179000	86.500907	0.002182
810.000000	15.198999	86.728333	0.002621
811.000000	15.218999	86.956079	0.002523
812.000000	15.239000	87.184124	0.002011
813.000000	15.259000	87.412467	0.001986
814.000000	15.278999	87.641087	0.002182
815.000000	15.298999	87.870027	0.002060
816.000000	15.319000	88.099267	0.002230
817.000000	15.339000	88.328804	0.001986
818.000000	15.358999	88.558619	0.002328
819.000000	15.378999	88.788754	0.002182
820.000000	15.399000	89.019187	0.002108
821.000000	15.419000	89.249920	0.001742
822.000000	15.439001	89.480951	0.001913
823.000000	15.458999	89.712258	0.002157
824.000000	15.479000	89.943886	0.001913
825.000000	15.499000	90.175813	0.001352
826.000000	15.519000	90.408039	0.002084
827.000000	15.538999	90.640540	0.002084
828.000000	15.558999	90.873363	0.001937
829.000000	15.579000	91.106484	0.001913
830.000000	15.599000	91.339904	0.001620
831.000000	15.618999	91.573601	0.001352
832.000000	15.638999	91.807618	0.001669
833.000000	15.659000	92.041934	0.001742
834.000000	15.679000	92.276548	0.001840
835.000000	15.698999	92.511439	0.001620
836.000000	15.718999	92.746651	0.001791
837.000000	15.739000	92.982161	0.001571
838.000000	15.759000	93.217970	0.001767
839.000000	15.778999	93.454055	0.001059
840.000000	15.798999	93.690461	0.001449
841.000000	15.819000	93.927166	0.001596
842.000000	15.839000	94.164170	0.001767
843.000000	15.858999	94.401449	0.001815
844.000000	15.878999	94.639050	0.001791
845.000000	15.899000	94.876949	0.001620
846.000000	15.919000	95.115147	0.002133
847.000000	15.939001	95.353644	0.001693
848.000000	15.958999	95.592416	0.001571
849.000000	15.979000	95.831510	0.001669
850.000000	15.999000	96.070903	0.001522
851.000000	16.019000	96.310594	0.001645
852.000000	16.038999	96.550561	0.001620
853.000000	16.058999	96.790849	0.001449
854.000000	16.079000	97.031436	0.001474
855.000000	16.099000	97.272322	0.001718
856.000000	16.118999	97.513483	0.001767
857.000000	16.138999	97.754966	0.001718
858.000000	16.159000	97.996747	0.001620
859.000000	16.179000	98.238828	0.001229
860.000000	16.198999	98.481183	0.001327
861.000000	16.218999	98.723861	0.001425
862.000000	16.239000	98.966837	0.001327
863.000000	16.259000	99.210111	0.001474
864.000000	16.278999	99.453662	0.001400
865.000000	16.298999	99.697533	0.001571
866.000000	16.319000	99.941704	0.001645
867.000000	16.339000	100.186173	0.001449
868.000000	16.358999	100.430918	0.001571
869.000000	16.378999	100.675984	0.001278
870.000000	16.399000	100.921349	0.001303
871.000000	16.419000	101.167013	0.001132
872.000000	16.439001	101.412975	0.001229
873.000000	16.458999	101.659213	0.001083
874.000000	16.479000	101.905772	0.001278
875.000000	16.499000	102.152631	0.001181
876.000000	16.519000	102.399787	0.000912
877.000000	16.538999	102.647219	0.001083
878.000000	16.558999	102.894973	0.000985
879.000000	16.579000	103.143026	0.001303
880.000000	16.599000	103.391377	0.001229
881.000000	16.618999	103.640004	0.001034
882.000000	16.638999	103.888952	0.001107
883.000000	16.659000	104.138200	0.001059
884.000000	16.679000	104.387745	0.000937
885.000000	16.698999	104.637566	0.000814
886.000000	16.718999	104.887709	0.001229
887.000000	16.739000	105.138151	0.001547
888.000000	16.759000	105.388891	0.000912
889.000000	16.778999	105.639906	0.000741
890.000000	16.798999	105.891244	0.001205
891.000000	16.819000	106.142880	0.000888
892.000000	16.839000	106.394815	0.001034
893.000000	16.858999	106.647025	0.000888
894.000000	16.878999	106.899557	0.001425
895.000000	16.899000	107.152388	0.001059
896.000000	16.919000	107.405517	0.001059
897.000000	16.939001	107.658945	0.000790
898.000000	16.958999	107.912648	0.000839
899.000000	16.979000	108.166673	0.001303
900.000000	16.999000	108.420997	0.000692
901.000000	17.019000	108.675619	0.000839
902.000000	17.038999	108.930516	0.000741
903.000000	17.058999	109.185736	0.000766
904.000000	17.079000	109.441254	0.000570
905.000000	17.099000	109.697072	0.000619
906.000000	17.118999	109.953163	0.000937
907.000000	17.138999	110.209577	0.000741
908.000000	17.159000	110.466290	0.000888
909.000000	17.179000	110.723302	0.000473
910.000000	17.198999	110.980587	0.000497
911.000000	17.218999	111.238196	0.000497
912.000000	17.239000	111.496104	0.000424
913.000000	17.259000	111.754310	0.000668
914.000000	17.278999	112.012790	0.000375
915.000000	17.298999	112.271593	0.000521
916.000000	17.319000	112.530695	0.000570
917.000000	17.339000	112.790096	0.000521
918.000000	17.358999	113.049770	0.000717
919.000000	17.378999	113.309768	0.000473
920.000000	17.399000	113.570064	0.000863
921.000000	17.419000	113.830660	0.000741
922.000000	17.439001	114.091553	0.000595
923.000000	17.458999	114.352721	0.000058
924.000000	17.479000	114.614212	0.000180
925.000000	17.499000	114.876001	0.000326
926.000000	17.519000	115.138090	0.000131
927.000000	17.538999	115.400452	0.000375
928.000000	17.558999	115.663137	0.000180
929.000000	17.579000	115.926121	0.000741
930.000000	17.599000	116.189404	0.000619
931.000000	17.618999	116.452960	0.000595
932.000000	17.638999	116.716840	0.000326
933.000000	17.659000	116.981019	0.000228
934.000000	17.679000	117.245496	0.000351
935.000000	17.698999	117.510247	0.000204
936.000000	17.718999	117.775321	0.000131
937.000000	17.739000	118.040695	0.000228
938.000000	17.759000	118.306366	0.000131
939.000000	17.778999	118.572311	0.000228
940.000000	17.798999	118.838581	0.000497
941.000000	17.819000	119.105148	0.000180
942.000000	17.839000	119.372015	0.000009
943.000000	17.858999	119.639154	-0.000016
944.000000	17.878999	119.906618	0.000277
945.000000	17.899000	120.174380	0.000351
946.000000	17.919000	120.442441	0.000106
947.000000	17.938999	120.710774	0.000253
948.000000	17.958999	120.979432	-0.000089
949.000000	17.979000	121.248389	-0.000162
950.000000	17.999000	121.517645	-0.000040
951.000000	18.019000	121.787198	0.000058
952.000000	18.038999	122.057025	-0.000016
953.000000	18.058999	122.327177	0.000131
954.000000	18.079000	122.597626	-0.000064
955.000000	18.099000	122.868375	0.000717
956.000000	18.118999	123.139396	-0.000040
957.000000	18.138999	123.410742	0.000131
958.000000	18.159000	123.682386	-0.000064
959.000000	18.179000	123.954329	-0.000211
960.000000	18.198999	124.226545	0.000326
961.000000	18.218999	124.499085	-0.000016
962.000000	18.239000	124.771924	-0.000016
963.000000	18.259000	125.045062	-0.000235
964.000000	18.278999	125.318472	-0.000016
965.000000	18.298999	125.592206	-0.000480
966.000000	18.319000	125.866240	0.000082
967.000000	18.339000	126.140572	-0.000480
968.000000	18.358999	126.415176	-0.000382
969.000000	18.378999	126.690105	0.000009
970.000000	18.399000	126.965333	-0.001993
971.000000	18.419000	127.240860	-0.003751
972.000000	18.438999	127.516659	-0.004288
973.000000	18.458999	127.792783	-0.002823
974.000000	18.479000	128.069205	-0.001603
975.000000	18.499000	128.345926	-0.000870
976.000000	18.519000	128.622946	-0.000431
977.000000	18.538999	128.900238	-0.000650
978.000000	18.558999	129.177854	-0.000260
979.000000	18.579000	129.455770	-0.000089
980.000000	18.599000	129.733984	-0.000089
981.000000	18.618999	130.012470	-0.000406
982.000000	18.638999	130.291282	-0.000333
983.000000	18.659000	130.570392	-0.000260
984.000000	18.679000	130.849801	-0.000284
985.000000	18.698999	131.129481	-0.000235
986.000000	18.718999	131.409487	-0.000211
987.000000	18.739000	131.689792	-0.000309
988.000000	18.759000	131.970395	-0.000504
989.000000	18.778999	132.251270	-0.000455
990.000000	18.798999	132.532471	-0.000650
991.000000	18.819000	132.813970	-0.000260
992.000000	18.839000	133.095767	-0.000309
993.000000	18.858999	133.377837	-0.000504
994.000000	18.878999	133.660232	-0.000699
995.000000	18.899000	133.942925	-0.000480
996.000000	18.919000	134.225918	-0.000650
997.000000	18.938999	134.509181	-0.000431
998.000000	18.958999	134.792771	-0.000480
999.000000	18.979000	135.076659	-0.000064
