0.000	555.000	-116.400	0.000
1.000	554.980	-121.200	3.489
2.000	554.960	-119.400	15.463
3.000	554.940	-147.800	27.380
4.000	554.920	-133.000	39.368
5.000	554.900	-132.800	51.363
6.000	554.880	-128.200	63.358
7.000	554.860	-109.200	75.348
8.000	554.840	-138.000	87.361
9.000	554.820	-125.000	99.377
10.000	554.800	-107.800	111.374
11.000	554.780	-100.400	123.388
12.000	554.760	-105.800	135.393
13.000	554.740	-111.400	147.394
14.000	554.720	-110.800	159.393
15.000	554.700	-109.400	171.392
16.000	554.680	-109.200	183.428
17.000	554.660	-131.200	195.302
18.000	554.640	-127.400	207.303
19.000	554.620	-133.400	219.303
20.000	554.600	-140.600	231.305
21.000	554.580	-116.400	243.312
22.000	554.560	-108.800	255.313
23.000	554.540	-131.400	267.310
24.000	554.520	-148.600	279.308
25.000	554.500	-150.400	291.305
26.000	554.480	-163.400	303.304
27.000	554.460	-153.000	315.308
28.000	554.440	-165.200	327.308
29.000	554.420	-145.000	339.315
30.000	554.400	-134.000	351.320
31.000	554.380	-143.200	363.324
32.000	554.360	-143.800	375.382
33.000	554.340	-153.600	387.384
34.000	554.320	-173.800	399.388
35.000	554.300	-198.200	411.392
36.000	554.280	-206.800	423.426
37.000	554.260	-189.600	435.306
38.000	554.240	-200.000	447.306
39.000	554.220	-182.200	459.311
40.000	554.200	-172.000	471.314
41.000	554.180	-172.400	483.310
42.000	554.160	-140.400	495.310
43.000	554.140	-163.400	507.316
44.000	554.120	-127.200	519.322
45.000	554.100	-121.400	531.321
46.000	554.080	-141.600	543.320
47.000	554.060	-133.800	555.329
48.000	554.040	-133.800	567.355
49.000	554.020	-117.400	579.389
50.000	554.000	-126.600	591.394
51.000	553.980	-139.200	603.309
52.000	553.960	-129.000	615.315
53.000	553.940	-147.000	627.320
54.000	553.920	-142.800	639.324
55.000	553.900	-136.000	651.328
56.000	553.880	-128.800	663.322
57.000	553.860	-102.000	675.323
58.000	553.840	-108.600	687.328
59.000	553.820	-125.600	699.354
60.000	553.800	-123.200	711.376
61.000	553.780	-132.600	723.393
62.000	553.760	-144.000	735.428
63.000	553.740	-136.400	747.299
64.000	553.720	-131.600	759.305
65.000	553.700	-133.200	771.313
66.000	553.680	-126.400	783.876
67.000	553.660	-131.400	795.299
68.000	553.640	-134.600	807.305
69.000	553.620	-133.600	819.309
70.000	553.600	-118.200	831.312
71.000	553.580	-120.600	843.302
72.000	553.560	-131.000	855.300
73.000	553.540	-126.800	867.306
74.000	553.520	-126.600	879.320
75.000	553.500	-160.200	891.340
76.000	553.480	-149.400	903.337
77.000	553.460	-121.000	915.338
78.000	553.440	-140.800	927.344
79.000	553.420	-134.400	939.366
80.000	553.400	-121.000	951.301
81.000	553.380	-123.200	963.300
82.000	553.360	-142.600	975.313
83.000	553.340	-120.000	987.322
84.000	553.320	-124.600	999.323
85.000	553.300	-138.200	1011.331
86.000	553.280	-129.000	1023.343
87.000	553.260	-136.000	1035.393
88.000	553.240	-125.000	1047.303
89.000	553.220	-109.400	1059.324
90.000	553.200	-112.600	1071.337
91.000	553.180	-131.200	1083.383
92.000	553.160	-121.400	1095.319
93.000	553.140	-150.000	1107.335
94.000	553.120	-120.600	1119.343
95.000	553.100	-159.000	1131.352
96.000	553.080	-156.800	1143.377
97.000	553.060	-119.200	1155.308
98.000	553.040	-141.600	1167.308
99.000	553.020	-121.200	1179.308
100.000	553.000	-118.400	1191.318
101.000	552.980	-138.000	1203.330
102.000	552.960	-115.000	1215.339
103.000	552.940	-124.800	1227.349
104.000	552.920	-128.400	1239.376
105.000	552.900	-128.800	1251.305
106.000	552.880	-141.600	1263.308
107.000	552.860	-111.800	1275.318
108.000	552.840	-127.200	1287.330
109.000	552.820	-143.200	1299.340
110.000	552.800	-101.600	1311.338
111.000	552.780	-104.800	1323.342
112.000	552.760	-110.200	1335.344
113.000	552.740	-118.800	1347.342
114.000	552.720	-124.600	1359.346
115.000	552.700	-121.800	1371.347
116.000	552.680	-115.600	1383.347
117.000	552.660	-123.600	1395.349
118.000	552.640	-139.800	1407.347
119.000	552.620	-121.600	1419.356
120.000	552.600	-104.400	1431.356
121.000	552.580	-123.000	1443.357
122.000	552.560	-124.200	1455.353
123.000	552.540	-117.400	1467.351
124.000	552.520	-118.600	1479.356
125.000	552.500	-114.000	1491.361
126.000	552.480	-136.200	1503.392
127.000	552.460	-130.400	1515.321
128.000	552.440	-94.800	1527.327
129.000	552.420	-100.400	1539.330
130.000	552.400	-98.400	1551.330
131.000	552.380	-119.200	1563.341
132.000	552.360	-99.200	1575.358
133.000	552.340	-124.600	1587.359
134.000	552.320	-130.800	1599.304
135.000	552.300	-124.400	1611.308
136.000	552.280	-144.400	1623.335
137.000	552.260	-132.000	1635.333
138.000	552.240	-131.000	1647.337
139.000	552.220	-103.000	1659.329
140.000	552.200	-105.800	1671.324
141.000	552.180	-123.800	1683.324
142.000	552.160	-99.200	1695.323
143.000	552.140	-115.600	1707.335
144.000	552.120	-101.200	1719.340
145.000	552.100	-115.200	1731.343
146.000	552.080	-93.000	1743.355
147.000	552.060	-122.800	1755.374
148.000	552.040	-127.800	1767.374
149.000	552.020	-111.000	1779.298
150.000	552.000	-112.600	1791.312
151.000	551.980	-112.600	1803.334
152.000	551.960	-112.600	1815.342
153.000	551.940	-94.600	1827.350
154.000	551.920	-108.600	1839.353
155.000	551.900	-104.600	1851.358
156.000	551.880	-121.000	1863.372
157.000	551.860	-106.200	1875.301
158.000	551.840	-129.200	1887.318
159.000	551.820	-111.800	1899.331
160.000	551.800	-116.400	1911.334
161.000	551.780	-105.800	1923.342
162.000	551.760	-111.600	1935.343
163.000	551.740	-102.200	1947.346
164.000	551.720	-105.400	1959.352
165.000	551.700	-96.400	1971.363
166.000	551.680	-109.800	1984.429
167.000	551.660	-103.000	1995.333
168.000	551.640	-108.200	2007.327
169.000	551.620	-87.600	2019.353
170.000	551.600	-118.800	2031.349
171.000	551.580	-117.600	2043.343
172.000	551.560	-107.000	2055.330
173.000	551.540	-106.800	2067.328
174.000	551.520	-87.400	2079.351
175.000	551.500	-122.400	2091.359
176.000	551.480	-110.000	2103.356
177.000	551.460	-147.800	2115.353
178.000	551.440	-112.000	2127.350
179.000	551.420	-137.800	2139.353
180.000	551.400	-131.800	2151.362
181.000	551.380	-102.800	2163.365
182.000	551.360	-122.800	2175.368
183.000	551.340	-108.800	2187.385
184.000	551.320	-103.000	2199.310
185.000	551.300	-104.600	2211.339
186.000	551.280	-106.400	2223.357
187.000	551.260	-112.000	2235.369
188.000	551.240	-103.200	2247.386
189.000	551.220	-76.200	2259.393
190.000	551.200	-85.400	2271.326
191.000	551.180	-83.000	2283.355
192.000	551.160	-84.800	2295.362
193.000	551.140	-80.800	2307.372
194.000	551.120	-81.200	2319.382
195.000	551.100	-109.800	2331.429
196.000	551.080	-106.800	2343.324
197.000	551.060	-98.600	2355.349
198.000	551.040	-95.200	2367.342
199.000	551.020	-98.800	2379.332
200.000	551.000	-107.000	2391.343
201.000	550.980	-104.200	2403.334
202.000	550.960	-118.000	2415.349
203.000	550.940	-109.800	2427.349
204.000	550.920	-102.600	2439.359
205.000	550.900	-85.200	2451.363
206.000	550.880	-103.200	2463.367
207.000	550.860	-82.200	2475.370
208.000	550.840	-93.400	2487.371
209.000	550.820	-82.400	2499.370
210.000	550.800	-91.800	2511.375
211.000	550.780	-96.400	2523.384
212.000	550.760	-82.800	2535.389
213.000	550.740	-89.000	2547.394
214.000	550.720	-104.400	2559.379
215.000	550.700	-91.000	2571.377
216.000	550.680	-82.200	2583.384
217.000	550.660	-100.600	2595.393
218.000	550.640	-88.600	2607.304
219.000	550.620	-88.400	2619.334
220.000	550.600	-85.800	2631.370
221.000	550.580	-87.000	2643.372
222.000	550.560	-93.600	2655.382
223.000	550.540	-97.000	2667.295
224.000	550.520	-91.400	2679.384
225.000	550.500	-74.200	2691.381
226.000	550.480	-72.800	2703.375
227.000	550.460	-90.000	2715.373
228.000	550.440	-76.600	2727.372
229.000	550.420	-53.600	2739.372
230.000	550.400	-78.800	2751.372
231.000	550.380	-83.200	2763.369
232.000	550.360	-84.000	2775.369
233.000	550.340	-68.400	2787.379
234.000	550.320	-65.600	2799.392
235.000	550.300	-85.000	2811.299
236.000	550.280	-85.800	2823.310
237.000	550.260	-80.600	2835.347
238.000	550.240	-95.600	2847.373
239.000	550.220	-102.400	2859.376
240.000	550.200	-96.800	2871.376
241.000	550.180	-88.200	2883.366
242.000	550.160	-91.200	2895.365
243.000	550.140	-93.400	2907.363
244.000	550.120	-83.800	2919.379
245.000	550.100	-75.000	2931.380
246.000	550.080	-87.000	2943.392
247.000	550.060	-76.400	2955.305
248.000	550.040	-103.000	2967.309
249.000	550.020	-88.000	2979.312
250.000	550.000	-85.000	2991.312
251.000	549.980	0.000	3003.308
