0.000000	19.799000	146.984853	-0.000284
1.000000	19.809000	147.133039	-0.000284
2.000000	19.819000	147.281301	-0.000138
3.000000	19.829000	147.429636	-0.000187
4.000000	19.839000	147.578047	0.000253
5.000000	19.849000	147.726532	-0.000016
6.000000	19.859000	147.875092	-0.000211
7.000000	19.869000	148.023727	-0.000138
8.000000	19.879000	148.172436	-0.000260
9.000000	19.889000	148.321220	-0.000431
10.000000	19.899000	148.470078	-0.000504
11.000000	19.909000	148.619011	0.000106
12.000000	19.919000	148.768019	-0.000138
13.000000	19.929000	148.917102	0.000326
14.000000	19.939000	149.066259	0.000180
15.000000	19.949000	149.215491	-0.000162
16.000000	19.959000	149.364797	-0.000309
17.000000	19.969000	149.514178	-0.000602
18.000000	19.979000	149.663634	-0.000455
19.000000	19.989000	149.813165	0.000033
20.000000	19.999000	149.962769	-0.000284
21.000000	20.009000	150.112449	-0.001261
22.000000	20.019000	150.262204	-0.001236
23.000000	20.029000	150.412033	-0.000602
24.000000	20.039000	150.561937	-0.000748
25.000000	20.049000	150.711915	-0.000895
26.000000	20.059000	150.861968	-0.000284
27.000000	20.069000	151.012096	-0.000528
28.000000	20.079000	151.162299	-0.000650
29.000000	20.089000	151.312575	-0.000431
30.000000	20.099000	151.462927	-0.001017
31.000000	20.109000	151.613354	-0.000992
32.000000	20.119000	151.763855	-0.000821
33.000000	20.129000	151.914430	-0.000968
34.000000	20.139000	152.065081	-0.001090
35.000000	20.149000	152.215806	-0.002042
36.000000	20.159000	152.366605	-0.001822
37.000000	20.169000	152.517480	-0.001017
38.000000	20.179000	152.668429	-0.001383
39.000000	20.189000	152.819453	-0.001944
40.000000	20.199000	152.970551	-0.002994
41.000000	20.209000	153.121724	-0.003189
42.000000	20.219000	153.272972	-0.006754
43.000000	20.229000	153.424294	-0.005045
44.000000	20.239000	153.575691	-0.005387
45.000000	20.249000	153.727163	-0.004435
46.000000	20.259000	153.878709	-0.005948
47.000000	20.269000	154.030330	-0.008341
48.000000	20.279000	154.182026	-0.013980
49.000000	20.289000	154.333796	-0.014566
50.000000	20.299000	154.485641	-0.012882
51.000000	20.309000	154.637561	-0.010367
52.000000	20.319000	154.789555	-0.005924
53.000000	20.329000	154.941624	-0.004728
54.000000	20.339000	155.093767	-0.002164
55.000000	20.349000	155.245986	-0.001822
56.000000	20.359000	155.398279	-0.002750
57.000000	20.369000	155.550646	-0.002652
58.000000	20.379000	155.703088	-0.002189
59.000000	20.389000	155.855605	-0.001847
60.000000	20.399000	156.008197	-0.001358
61.000000	20.409000	156.160864	-0.000602
62.000000	20.419000	156.313604	-0.001041
63.000000	20.429000	156.466420	-0.000943
64.000000	20.439000	156.619310	-0.000284
65.000000	20.449000	156.772275	-0.001285
66.000000	20.459000	156.925314	-0.000675
67.000000	20.469000	157.078428	-0.000650
68.000000	20.479000	157.231618	-0.000748
69.000000	20.489000	157.384881	-0.000968
70.000000	20.499000	157.538219	-0.000870
71.000000	20.509000	157.691632	-0.000748
72.000000	20.519000	157.845119	-0.000992
73.000000	20.529000	157.998681	-0.000870
74.000000	20.539000	158.152319	-0.000748
75.000000	20.549000	158.306030	-0.000602
76.000000	20.559000	158.459816	-0.000797
77.000000	20.569000	158.613677	-0.001212
78.000000	20.579000	158.767612	-0.001261
79.000000	20.589000	158.921622	-0.000943
80.000000	20.599000	159.075707	-0.000699
81.000000	20.609000	159.229867	-0.000406
82.000000	20.619000	159.384101	-0.000895
83.000000	20.629000	159.538410	-0.000382
84.000000	20.639000	159.692793	-0.001017
85.000000	20.649000	159.847251	-0.000284
86.000000	20.659000	160.001784	-0.000895
87.000000	20.669000	160.156392	-0.000699
88.000000	20.679000	160.311074	-0.000260
89.000000	20.689000	160.465831	-0.000968
90.000000	20.699000	160.620662	-0.000797
91.000000	20.709000	160.775568	-0.000919
92.000000	20.719000	160.930549	-0.000480
93.000000	20.729000	161.085605	-0.000675
94.000000	20.739000	161.240735	-0.000406
95.000000	20.749000	161.395939	-0.000724
96.000000	20.759000	161.551218	-0.000724
97.000000	20.769000	161.706572	-0.000675
98.000000	20.779000	161.862001	-0.000650
99.000000	20.789000	162.017504	-0.000821
100.000000	20.799000	162.173083	-0.000772
101.000000	20.809000	162.328736	-0.000724
102.000000	20.819000	162.484463	-0.001065
103.000000	20.829000	162.640265	-0.000846
104.000000	20.839000	162.796141	-0.000797
105.000000	20.849000	162.952092	-0.000724
106.000000	20.859000	163.108118	-0.000846
107.000000	20.869000	163.264219	-0.000943
108.000000	20.879000	163.420394	-0.000650
109.000000	20.889000	163.576646	-0.000870
110.000000	20.899000	163.732970	-0.001505
111.000000	20.909000	163.889369	-0.000968
112.000000	20.919000	164.045843	-0.001285
113.000000	20.929000	164.202392	-0.001041
114.000000	20.939000	164.359015	-0.000797
115.000000	20.949000	164.515713	-0.001480
116.000000	20.959000	164.672485	-0.000895
117.000000	20.969000	164.829332	-0.000748
118.000000	20.979000	164.986254	-0.000797
119.000000	20.989000	165.143251	-0.000943
120.000000	20.999000	165.300322	-0.001358
121.000000	21.009000	165.457467	-0.000748
122.000000	21.019000	165.614690	-0.000895
123.000000	21.029000	165.771985	-0.000919
124.000000	21.039000	165.929355	-0.001236
125.000000	21.049000	166.086799	-0.000919
126.000000	21.059000	166.244318	-0.000992
127.000000	21.069000	166.401912	-0.000846
128.000000	21.079000	166.559580	-0.001090
129.000000	21.089000	166.717323	-0.000870
130.000000	21.099000	166.875141	-0.001212
131.000000	21.109000	167.033033	-0.000699
132.000000	21.119000	167.191001	-0.000870
133.000000	21.129000	167.349042	-0.000968
134.000000	21.139000	167.507159	-0.000919
135.000000	21.149000	167.665352	-0.001432
136.000000	21.159000	167.823617	-0.001334
137.000000	21.169000	167.981958	-0.001163
138.000000	21.179000	168.140373	-0.001212
139.000000	21.189000	168.298862	-0.001578
140.000000	21.199000	168.457427	-0.001163
141.000000	21.209000	168.616066	-0.000504
142.000000	21.219000	168.774779	-0.001432
143.000000	21.229000	168.933568	-0.001944
144.000000	21.239000	169.092431	-0.001603
145.000000	21.249000	169.251368	-0.001700
146.000000	21.259000	169.410381	-0.002677
147.000000	21.269000	169.569468	-0.001920
148.000000	21.279000	169.728631	-0.001236
149.000000	21.289000	169.887867	-0.000748
150.000000	21.299000	170.047178	-0.001139
151.000000	21.309000	170.206564	-0.001505
152.000000	21.319000	170.366024	-0.001480
153.000000	21.329000	170.525559	-0.002042
154.000000	21.339000	170.685169	-0.001310
155.000000	21.349000	170.844853	-0.001212
156.000000	21.359000	171.004612	-0.001334
157.000000	21.369000	171.164446	-0.000748
158.000000	21.379000	171.324354	-0.000992
159.000000	21.389000	171.484337	-0.000968
160.000000	21.399000	171.644394	-0.000626
161.000000	21.409000	171.804529	-0.001065
162.000000	21.419000	171.964735	-0.000724
163.000000	21.429000	172.125017	-0.001041
164.000000	21.439000	172.285373	-0.001114
165.000000	21.449000	172.445804	-0.000895
166.000000	21.459000	172.606310	-0.000870
167.000000	21.469000	172.766890	-0.001236
168.000000	21.479000	172.927545	-0.001065
169.000000	21.489000	173.088274	-0.001261
170.000000	21.499000	173.249078	-0.000943
171.000000	21.509000	173.409957	-0.001407
172.000000	21.519000	173.570911	-0.001407
173.000000	21.529000	173.731941	-0.000870
174.000000	21.539000	173.893044	-0.001139
175.000000	21.549000	174.054221	-0.001139
176.000000	21.559000	174.215473	-0.000919
177.000000	21.569000	174.376800	-0.000724
178.000000	21.579000	174.538202	-0.001090
179.000000	21.589000	174.699678	-0.000846
180.000000	21.599000	174.861229	-0.000480
181.000000	21.609000	175.022854	-0.000724
182.000000	21.619000	175.184554	-0.000675
183.000000	21.629000	175.346329	-0.001114
184.000000	21.639000	175.508178	-0.001114
185.000000	21.649000	175.670103	-0.000870
186.000000	21.659000	175.832103	-0.001310
187.000000	21.669000	175.994177	-0.001310
188.000000	21.679000	176.156325	-0.001188
189.000000	21.689000	176.318548	-0.001065
190.000000	21.699000	176.480845	-0.000699
191.000000	21.709000	176.643217	-0.001163
192.000000	21.719000	176.805664	-0.000699
193.000000	21.729000	176.968185	-0.000919
194.000000	21.739000	177.130781	-0.001285
195.000000	21.749000	177.293452	-0.000895
196.000000	21.759000	177.456197	-0.001041
197.000000	21.769000	177.619017	-0.000748
198.000000	21.779000	177.781912	-0.000992
199.000000	21.789000	177.944883	-0.001944
200.000000	21.799000	178.107927	-0.001456
201.000000	21.809000	178.271046	-0.002506
202.000000	21.819000	178.434239	-0.002433
203.000000	21.829000	178.597507	-0.002359
204.000000	21.839000	178.760850	-0.002066
205.000000	21.849000	178.924267	-0.001993
206.000000	21.859000	179.087759	-0.001358
207.000000	21.869000	179.251326	-0.001529
208.000000	21.879000	179.414967	-0.001529
209.000000	21.889000	179.578683	-0.001334
210.000000	21.899000	179.742474	-0.001017
211.000000	21.909000	179.906339	-0.001065
212.000000	21.919000	180.070279	-0.001383
213.000000	21.929000	180.234294	-0.001383
214.000000	21.939000	180.398383	-0.001676
215.000000	21.949000	180.562547	-0.001163
216.000000	21.959000	180.726786	-0.001188
217.000000	21.969000	180.891099	-0.001212
218.000000	21.979000	181.055491	-0.001090
219.000000	21.989000	181.219954	-0.001236
220.000000	21.999000	181.384491	-0.000772
221.000000	22.009000	181.549103	-0.000821
222.000000	22.019000	181.713789	-0.001188
223.000000	22.029000	181.878551	-0.001041
224.000000	22.039000	182.043386	-0.001529
225.000000	22.049000	182.208297	-0.001358
226.000000	22.059000	182.373282	-0.001505
227.000000	22.069000	182.538342	-0.000772
228.000000	22.079000	182.703477	-0.000699
229.000000	22.089000	182.868686	-0.001114
230.000000	22.099000	183.033970	-0.001017
231.000000	22.109000	183.199328	-0.001383
232.000000	22.119000	183.364761	-0.001188
233.000000	22.129000	183.530269	-0.001261
234.000000	22.139000	183.695852	-0.001065
235.000000	22.149000	183.861509	-0.001334
236.000000	22.159000	184.027241	-0.001432
237.000000	22.169000	184.193047	-0.001261
238.000000	22.179000	184.358928	-0.001065
239.000000	22.189000	184.524884	-0.001505
240.000000	22.199000	184.690915	-0.001139
241.000000	22.209000	184.857020	-0.001334
242.000000	22.219000	185.023200	-0.001041
243.000000	22.229000	185.189454	-0.001114
244.000000	22.239000	185.355787	-0.000968
245.000000	22.249000	185.522191	-0.001212
246.000000	22.259000	185.688670	-0.001554
247.000000	22.269000	185.855223	-0.001383
248.000000	22.279000	186.021850	-0.001651
249.000000	22.289000	186.188553	-0.001822
250.000000	22.299000	186.355330	-0.001749
251.000000	22.309000	186.522182	-0.002359
252.000000	22.319000	186.689108	-0.002115
253.000000	22.329000	186.856109	-0.001529
254.000000	22.339000	187.023185	-0.001749
255.000000	22.349000	187.190335	-0.001114
256.000000	22.359000	187.357560	-0.001798
257.000000	22.369000	187.524860	-0.001456
258.000000	22.379000	187.692235	-0.001822
259.000000	22.389000	187.859684	-0.001529
260.000000	22.399000	188.027207	-0.001090
261.000000	22.409000	188.194806	-0.000797
262.000000	22.419000	188.362479	-0.000821
263.000000	22.429000	188.530226	-0.001407
264.000000	22.439000	188.698049	-0.001505
265.000000	22.449000	188.865946	-0.001480
266.000000	22.459000	189.033917	-0.000895
267.000000	22.469000	189.201964	-0.000699
268.000000	22.479000	189.370085	-0.001017
269.000000	22.489000	189.538284	-0.000992
270.000000	22.499000	189.706555	-0.000992
271.000000	22.509000	189.874900	-0.001505
272.000000	22.519000	190.043319	-0.001505
273.000000	22.529000	190.211814	-0.001188
274.000000	22.539000	190.380383	-0.001163
275.000000	22.549000	190.549026	-0.000968
276.000000	22.559000	190.717745	-0.001578
277.000000	22.569000	190.886538	-0.001261
278.000000	22.579000	191.055405	-0.001529
279.000000	22.589000	191.224347	-0.000919
280.000000	22.599000	191.393364	-0.001896
281.000000	22.609000	191.562456	-0.001554
282.000000	22.619000	191.731622	-0.001334
283.000000	22.629000	191.900863	-0.002164
284.000000	22.639000	192.070179	-0.002237
285.000000	22.649000	192.239569	-0.002384
286.000000	22.659000	192.409034	-0.003092
287.000000	22.669000	192.578573	-0.002652
288.000000	22.679000	192.748188	-0.002237
289.000000	22.689000	192.917877	-0.001603
290.000000	22.699000	193.087640	-0.001285
291.000000	22.709000	193.257478	-0.001554
292.000000	22.719000	193.427391	-0.001310
293.000000	22.729000	193.597379	-0.001456
294.000000	22.739000	193.767441	-0.001627
295.000000	22.749000	193.937582	-0.001725
296.000000	22.759000	194.107793	-0.001114
297.000000	22.769000	194.278079	-0.001847
298.000000	22.779000	194.448440	-0.001578
299.000000	22.789000	194.618876	-0.002359
300.000000	22.799000	194.789386	-0.001920
301.000000	22.809000	194.959971	-0.001725
302.000000	22.819000	195.130630	-0.001700
303.000000	22.829000	195.301364	-0.001871
304.000000	22.839000	195.472173	-0.001798
305.000000	22.849000	195.643057	-0.001627
306.000000	22.859000	195.814015	-0.001407
307.000000	22.869000	195.985048	-0.001310
308.000000	22.879000	196.156155	-0.001163
309.000000	22.889000	196.327337	-0.001041
310.000000	22.899000	196.498594	-0.001700
311.000000	22.909000	196.669925	-0.001725
312.000000	22.919000	196.841332	-0.001456
313.000000	22.929000	197.012812	-0.001529
314.000000	22.939000	197.184368	-0.001065
315.000000	22.949000	197.355998	-0.001456
316.000000	22.959000	197.527703	-0.001041
317.000000	22.969000	197.699482	-0.001017
318.000000	22.979000	197.871336	-0.001432
319.000000	22.989000	198.043265	-0.002066
320.000000	22.999000	198.215268	-0.001651
321.000000	23.009000	198.387350	-0.001407
322.000000	23.019000	198.559503	-0.001554
323.000000	23.029000	198.731730	-0.001407
324.000000	23.039000	198.904032	-0.001505
325.000000	23.049000	199.076409	-0.001236
326.000000	23.059000	199.248860	-0.001212
327.000000	23.069000	199.421386	-0.001334
328.000000	23.079000	199.593987	-0.001651
329.000000	23.089000	199.766663	-0.001163
330.000000	23.099000	199.939413	-0.001358
331.000000	23.109000	200.112237	-0.001700
332.000000	23.119000	200.285137	-0.001163
333.000000	23.129000	200.458110	-0.001139
334.000000	23.139000	200.631159	-0.001432
335.000000	23.149000	200.804282	-0.001334
336.000000	23.159000	200.977480	-0.001578
337.000000	23.169000	201.150753	-0.001896
338.000000	23.179000	201.324100	-0.002140
339.000000	23.189000	201.497522	-0.002384
340.000000	23.199000	201.671019	-0.002604
341.000000	23.209000	201.844590	-0.003482
342.000000	23.219000	202.018236	-0.005533
343.000000	23.229000	202.191957	-0.007120
344.000000	23.239000	202.365752	-0.007535
345.000000	23.249000	202.539622	-0.004825
346.000000	23.259000	202.713571	-0.005167
347.000000	23.269000	202.887590	-0.003507
348.000000	23.279000	203.061684	-0.002897
349.000000	23.289000	203.235852	-0.002359
350.000000	23.299000	203.410096	-0.002506
351.000000	23.309000	203.584414	-0.002457
352.000000	23.319000	203.758806	-0.001603
353.000000	23.329000	203.933273	-0.002042
354.000000	23.339000	204.107815	-0.001871
355.000000	23.349000	204.282432	-0.002091
356.000000	23.359000	204.457123	-0.001407
357.000000	23.369000	204.631889	-0.001212
358.000000	23.379000	204.806729	-0.000992
359.000000	23.389000	204.981644	-0.001261
360.000000	23.399000	205.156634	-0.001920
361.000000	23.409000	205.331699	-0.001725
362.000000	23.419000	205.506838	-0.001920
363.000000	23.429000	205.682052	-0.002164
364.000000	23.439000	205.857340	-0.002970
365.000000	23.449000	206.032703	-0.002604
366.000000	23.459000	206.208141	-0.003214
367.000000	23.469000	206.383654	-0.002994
368.000000	23.479000	206.559241	-0.003995
369.000000	23.489000	206.734903	-0.003141
370.000000	23.499000	206.910639	-0.002481
371.000000	23.509000	207.086450	-0.003141
372.000000	23.519000	207.262340	-0.002091
373.000000	23.529000	207.438301	-0.002018
374.000000	23.539000	207.614336	-0.001700
375.000000	23.549000	207.790445	-0.002140
376.000000	23.559000	207.966630	-0.002115
377.000000	23.569000	208.142889	-0.002359
378.000000	23.579000	208.319223	-0.001651
379.000000	23.589000	208.495631	-0.001944
380.000000	23.599000	208.672114	-0.001896
381.000000	23.609000	208.848672	-0.001432
382.000000	23.619000	209.025304	-0.002018
383.000000	23.629000	209.202011	-0.001969
384.000000	23.639000	209.378793	-0.002140
385.000000	23.649000	209.555650	-0.001725
386.000000	23.659000	209.732581	-0.002359
387.000000	23.669000	209.909586	-0.001871
388.000000	23.679000	210.086667	-0.001773
389.000000	23.689000	210.263822	-0.001798
390.000000	23.699000	210.441051	-0.002042
391.000000	23.709000	210.618356	-0.001651
392.000000	23.719000	210.795735	-0.001554
393.000000	23.729000	210.973188	-0.001773
394.000000	23.739000	211.150717	-0.001822
395.000000	23.749000	211.328320	-0.002091
396.000000	23.759000	211.505997	-0.001554
397.000000	23.769000	211.683754	-0.001407
398.000000	23.779000	211.861581	-0.001798
399.000000	23.789000	212.039482	-0.001749
400.000000	23.799000	212.217459	-0.002115
401.000000	23.809000	212.395505	-0.001993
402.000000	23.819000	212.573635	-0.001871
403.000000	23.829000	212.751831	-0.001871
404.000000	23.839000	212.930111	-0.001163
405.000000	23.849000	213.108456	-0.001358
406.000000	23.859000	213.286884	-0.001432
407.000000	23.869000	213.465379	-0.001554
408.000000	23.879000	213.643957	-0.002091
409.000000	23.889000	213.822601	-0.001969
410.000000	23.899000	214.001328	-0.002921
411.000000	23.909000	214.180130	-0.003312
412.000000	23.919000	214.358998	-0.002359
413.000000	23.929000	214.537949	-0.001896
414.000000	23.939000	214.716966	-0.003238
415.000000	23.949000	214.896067	-0.002506
416.000000	23.959000	215.075233	-0.001920
417.000000	23.969000	215.254483	-0.001896
418.000000	23.979000	215.433799	-0.001847
419.000000	23.989000	215.613198	-0.002066
420.000000	23.999000	215.792664	-0.001871
421.000000	24.009000	215.972212	-0.001798
422.000000	24.019000	216.151827	-0.001456
423.000000	24.029000	216.331524	-0.001505
424.000000	24.039000	216.511288	-0.001847
425.000000	24.049000	216.691135	-0.001407
426.000000	24.059000	216.871049	-0.001822
427.000000	24.069000	217.051045	-0.001407
428.000000	24.079000	217.231108	-0.001432
429.000000	24.089000	217.411253	-0.000602
430.000000	24.099000	217.591465	-0.001261
431.000000	24.109000	217.771760	-0.001578
432.000000	24.119000	217.952121	-0.001554
433.000000	24.129000	218.132566	-0.001529
434.000000	24.139000	218.313076	-0.001065
435.000000	24.149000	218.493670	-0.001407
436.000000	24.159000	218.674339	-0.001578
437.000000	24.169000	218.855073	-0.002091
438.000000	24.179000	219.035891	-0.001676
439.000000	24.189000	219.216774	-0.002042
440.000000	24.199000	219.397742	-0.001798
441.000000	24.209000	219.578775	-0.002945
442.000000	24.219000	219.759891	-0.002921
443.000000	24.229000	219.941073	-0.001871
444.000000	24.239000	220.122339	-0.002701
445.000000	24.249000	220.303671	-0.003141
446.000000	24.259000	220.485086	-0.002970
447.000000	24.269000	220.666567	-0.003189
448.000000	24.279000	220.848131	-0.003385
449.000000	24.289000	221.029762	-0.001847
450.000000	24.299000	221.211475	-0.002066
451.000000	24.309000	221.393255	-0.001969
452.000000	24.319000	221.575118	-0.001432
453.000000	24.329000	221.757047	-0.002140
454.000000	24.339000	221.939060	-0.002140
455.000000	24.349000	222.121138	-0.001969
456.000000	24.359000	222.303300	-0.001700
457.000000	24.369000	222.485527	-0.001847
458.000000	24.379000	222.667838	-0.002042
459.000000	24.389000	222.850215	-0.002140
460.000000	24.399000	223.032675	-0.002408
461.000000	24.409000	223.215210	-0.001578
462.000000	24.419000	223.397811	-0.001969
463.000000	24.429000	223.580496	-0.001700
464.000000	24.439000	223.763246	-0.001627
465.000000	24.449000	223.946080	-0.001798
466.000000	24.459000	224.128979	-0.002140
467.000000	24.469000	224.311962	-0.002091
468.000000	24.479000	224.495011	-0.001798
469.000000	24.489000	224.678143	-0.001773
470.000000	24.499000	224.861342	-0.001627
471.000000	24.509000	225.044623	-0.001847
472.000000	24.519000	225.227971	-0.001847
473.000000	24.529000	225.411402	-0.001627
474.000000	24.539000	225.594899	-0.001749
475.000000	24.549000	225.778479	-0.001603
476.000000	24.559000	225.962125	-0.001603
477.000000	24.569000	226.145855	-0.001407
478.000000	24.579000	226.329650	-0.001505
479.000000	24.589000	226.513529	-0.001603
480.000000	24.599000	226.697474	-0.001798
481.000000	24.609000	226.881502	-0.001944
482.000000	24.619000	227.065596	-0.001603
483.000000	24.629000	227.249774	-0.001505
484.000000	24.639000	227.434017	-0.001822
485.000000	24.649000	227.618344	-0.001749
486.000000	24.659000	227.802737	-0.001651
487.000000	24.669000	227.987213	-0.002237
488.000000	24.679000	228.171764	-0.002408
489.000000	24.689000	228.356381	-0.002457
490.000000	24.699000	228.541081	-0.002726
491.000000	24.709000	228.725847	-0.002408
492.000000	24.719000	228.910697	-0.002018
493.000000	24.729000	229.095612	-0.002066
494.000000	24.739000	229.280611	-0.001651
495.000000	24.749000	229.465676	-0.002115
496.000000	24.759000	229.650824	-0.002359
497.000000	24.769000	229.836038	-0.001822
498.000000	24.779000	230.021335	-0.002189
499.000000	24.789000	230.206699	-0.001554
500.000000	24.799000	230.392146	-0.002359
501.000000	24.809000	230.577658	-0.001505
502.000000	24.819000	230.763255	-0.001969
503.000000	24.829000	230.948917	-0.001456
504.000000	24.839000	231.134662	-0.001847
505.000000	24.849000	231.320473	-0.002140
506.000000	24.859000	231.506368	-0.001432
507.000000	24.869000	231.692329	-0.001627
508.000000	24.879000	231.878373	-0.001798
509.000000	24.889000	232.064483	-0.001603
510.000000	24.899000	232.250676	-0.001773
511.000000	24.909000	232.436936	-0.001773
512.000000	24.919000	232.623278	-0.001432
513.000000	24.929000	232.809696	-0.001798
514.000000	24.939000	232.996179	-0.001773
515.000000	24.949000	233.182746	-0.001993
516.000000	24.959000	233.369379	-0.002115
517.000000	24.969000	233.556095	-0.001676
518.000000	24.979000	233.742877	-0.002237
519.000000	24.989000	233.929742	-0.002115
520.000000	24.999000	234.116673	-0.001700
521.000000	25.009000	234.303688	-0.002481
522.000000	25.019000	234.490769	-0.001700
523.000000	25.029000	234.677933	-0.002701
524.000000	25.039000	234.865162	-0.002286
525.000000	25.049000	235.052476	-0.001920
526.000000	25.059000	235.239855	-0.002091
527.000000	25.069000	235.427318	-0.002115
528.000000	25.079000	235.614846	-0.001847
529.000000	25.089000	235.802458	-0.001993
530.000000	25.099000	235.990136	-0.002018
531.000000	25.109000	236.177898	-0.002481
532.000000	25.119000	236.365725	-0.001847
533.000000	25.129000	236.553635	-0.002237
534.000000	25.139000	236.741612	-0.002066
535.000000	25.149000	236.929672	-0.001383
536.000000	25.159000	237.117798	-0.001578
537.000000	25.169000	237.306007	-0.002115
538.000000	25.179000	237.494291	-0.001920
539.000000	25.189000	237.682641	-0.001822
540.000000	25.199000	237.871074	-0.002066
541.000000	25.209000	238.059573	-0.001847
542.000000	25.219000	238.248156	-0.002750
543.000000	25.229000	238.436804	-0.002579
544.000000	25.239000	238.625536	-0.002262
545.000000	25.249000	238.814334	-0.002140
546.000000	25.259000	239.003215	-0.002091
547.000000	25.269000	239.192162	-0.001505
548.000000	25.279000	239.381193	-0.001749
549.000000	25.289000	239.570289	-0.002189
550.000000	25.299000	239.759469	-0.001236
551.000000	25.309000	239.948715	-0.001432
552.000000	25.319000	240.138044	-0.002384
553.000000	25.329000	240.327439	-0.001505
554.000000	25.339000	240.516918	-0.001847
555.000000	25.349000	240.706462	-0.001578
556.000000	25.359000	240.896090	-0.001529
557.000000	25.369000	241.085784	-0.001578
558.000000	25.379000	241.275561	-0.001700
559.000000	25.389000	241.465404	-0.001773
560.000000	25.399000	241.655331	-0.001407
561.000000	25.409000	241.845323	-0.001871
562.000000	25.419000	242.035399	-0.001407
563.000000	25.429000	242.225541	-0.001700
564.000000	25.439000	242.415766	-0.001651
565.000000	25.449000	242.606066	-0.001773
566.000000	25.459000	242.796431	-0.002140
567.000000	25.469000	242.986881	-0.001651
568.000000	25.479000	243.177396	-0.001773
569.000000	25.489000	243.367994	-0.001505
570.000000	25.499000	243.558658	-0.001920
571.000000	25.509000	243.749406	-0.001603
572.000000	25.519000	243.940220	-0.001358
573.000000	25.529000	244.131117	-0.001627
574.000000	25.539000	244.322080	-0.002091
575.000000	25.549000	244.513126	-0.001944
576.000000	25.559000	244.704239	-0.001505
577.000000	25.569000	244.895434	-0.002018
578.000000	25.579000	245.086696	-0.001920
579.000000	25.589000	245.278041	-0.001627
580.000000	25.599000	245.469452	-0.001969
581.000000	25.609000	245.660947	-0.001603
582.000000	25.619000	245.852507	-0.001993
583.000000	25.629000	246.044151	-0.002091
584.000000	25.639000	246.235860	-0.002335
585.000000	25.649000	246.427653	-0.002262
586.000000	25.659000	246.619512	-0.003019
587.000000	25.669000	246.811454	-0.002237
588.000000	25.679000	247.003462	-0.001993
589.000000	25.689000	247.195554	-0.001920
590.000000	25.699000	247.387721	-0.001871
591.000000	25.709000	247.579953	-0.002384
592.000000	25.719000	247.772269	-0.002286
593.000000	25.729000	247.964650	-0.001944
594.000000	25.739000	248.157115	-0.002262
595.000000	25.749000	248.349646	-0.001896
596.000000	25.759000	248.542260	-0.001847
597.000000	25.769000	248.734940	-0.001896
598.000000	25.779000	248.927704	-0.001798
599.000000	25.789000	249.120534	-0.001676
600.000000	25.799000	249.313447	-0.001334
601.000000	25.809000	249.506425	-0.001505
602.000000	25.819000	249.699488	-0.001725
603.000000	25.829000	249.892616	-0.002066
604.000000	25.839000	250.085828	-0.001334
605.000000	25.849000	250.279105	-0.001993
606.000000	25.859000	250.472466	-0.002408
607.000000	25.869000	250.665893	-0.002140
608.000000	25.879000	250.859403	-0.001480
609.000000	25.889000	251.052979	-0.001627
610.000000	25.899000	251.246639	-0.001627
611.000000	25.909000	251.440364	-0.001700
612.000000	25.919000	251.634173	-0.001725
613.000000	25.929000	251.828048	-0.002091
614.000000	25.939000	252.022006	-0.001871
615.000000	25.949000	252.216039	-0.002164
616.000000	25.959000	252.410138	-0.002359
617.000000	25.969000	252.604320	-0.002115
618.000000	25.979000	252.798568	-0.001676
619.000000	25.989000	252.992900	-0.001822
620.000000	25.999000	253.187297	-0.001847
621.000000	26.009000	253.381778	-0.001676
622.000000	26.019000	253.576325	-0.002018
623.000000	26.029000	253.770955	-0.002066
624.000000	26.039000	253.965651	-0.001920
625.000000	26.049000	254.160431	-0.002066
626.000000	26.059000	254.355276	-0.001896
627.000000	26.069000	254.550205	-0.001822
628.000000	26.079000	254.745199	-0.001847
629.000000	26.089000	254.940278	-0.001749
630.000000	26.099000	255.135421	-0.001725
631.000000	26.109000	255.330649	-0.001310
632.000000	26.119000	255.525942	-0.002189
633.000000	26.129000	255.721319	-0.001773
634.000000	26.139000	255.916762	-0.001822
635.000000	26.149000	256.112288	-0.001798
636.000000	26.159000	256.307880	-0.001749
637.000000	26.169000	256.503555	-0.001676
638.000000	26.179000	256.699296	-0.001505
639.000000	26.189000	256.895121	-0.001505
640.000000	26.199000	257.091012	-0.001432
641.000000	26.209000	257.286986	-0.001749
642.000000	26.219000	257.483035	-0.001578
643.000000	26.229000	257.679149	-0.001603
644.000000	26.239000	257.875348	-0.001993
645.000000	26.249000	258.071611	-0.001212
646.000000	26.259000	258.267959	-0.001578
647.000000	26.269000	258.464372	-0.001554
648.000000	26.279000	258.660869	-0.001578
649.000000	26.289000	258.857431	-0.001603
650.000000	26.299000	259.054078	-0.001651
651.000000	26.309000	259.250789	-0.001627
652.000000	26.319000	259.447585	-0.001676
653.000000	26.329000	259.644446	-0.001603
654.000000	26.339000	259.841391	-0.001798
655.000000	26.349000	260.038401	-0.001920
656.000000	26.359000	260.235495	-0.001456
657.000000	26.369000	260.432655	-0.001920
658.000000	26.379000	260.629899	-0.001725
659.000000	26.389000	260.827207	-0.002115
660.000000	26.399000	261.024600	-0.001798
661.000000	26.409000	261.222059	-0.002115
662.000000	26.419000	261.419601	-0.001798
663.000000	26.429000	261.617208	-0.001773
664.000000	26.439000	261.814900	-0.001627
665.000000	26.449000	262.012657	-0.002115
666.000000	26.459000	262.210498	-0.002066
667.000000	26.469000	262.408413	-0.001822
668.000000	26.479000	262.606394	-0.002066
669.000000	26.489000	262.804459	-0.001896
670.000000	26.499000	263.002589	-0.002481
671.000000	26.509000	263.200803	-0.002237
672.000000	26.519000	263.399083	-0.002237
673.000000	26.529000	263.597447	-0.001676
674.000000	26.539000	263.795875	-0.001798
675.000000	26.549000	263.994388	-0.001798
676.000000	26.559000	264.192966	-0.001603
677.000000	26.569000	264.391628	-0.001993
678.000000	26.579000	264.590356	-0.001749
679.000000	26.589000	264.789167	-0.002066
680.000000	26.599000	264.988044	-0.002115
681.000000	26.609000	265.187005	-0.001798
682.000000	26.619000	265.386031	-0.001310
683.000000	26.629000	265.585141	-0.001871
684.000000	26.639000	265.784317	-0.001603
685.000000	26.649000	265.983576	-0.001456
686.000000	26.659000	266.182901	-0.001896
687.000000	26.669000	266.382310	-0.002164
688.000000	26.679000	266.581784	-0.001944
689.000000	26.689000	266.781342	-0.001505
690.000000	26.699000	266.980965	-0.001700
691.000000	26.709000	267.180673	-0.001554
692.000000	26.719000	267.380455	-0.001871
693.000000	26.729000	267.580302	-0.001554
694.000000	26.739000	267.780234	-0.001163
695.000000	26.749000	267.980230	-0.001700
696.000000	26.759000	268.180311	-0.001920
697.000000	26.769000	268.380457	-0.001627
698.000000	26.779000	268.580687	-0.001944
699.000000	26.789000	268.780983	-0.002018
700.000000	26.799000	268.981362	-0.001383
701.000000	26.809000	269.181807	-0.001529
702.000000	26.819000	269.382335	-0.001822
703.000000	26.829000	269.582929	-0.001773
704.000000	26.839000	269.783607	-0.001773
705.000000	26.849000	269.984351	-0.001627
706.000000	26.859000	270.185178	-0.001773
707.000000	26.869000	270.386071	-0.001505
708.000000	26.879000	270.587047	-0.001505
709.000000	26.889000	270.788089	-0.001554
710.000000	26.899000	270.989215	-0.002189
711.000000	26.909000	271.190407	-0.001603
712.000000	26.919000	271.391682	-0.001847
713.000000	26.929000	271.593023	-0.001603
714.000000	26.939000	271.794447	-0.001773
715.000000	26.949000	271.995937	-0.001407
716.000000	26.959000	272.197511	-0.001651
717.000000	26.969000	272.399160	-0.001627
718.000000	26.979000	272.600874	-0.001798
719.000000	26.989000	272.802672	-0.001725
720.000000	26.999000	273.004535	-0.001676
721.000000	27.009000	273.206482	-0.001188
722.000000	27.019000	273.408495	-0.001334
723.000000	27.029000	273.610592	-0.001529
724.000000	27.039000	273.812753	-0.001529
725.000000	27.049000	274.014999	-0.001798
726.000000	27.059000	274.217310	-0.001334
727.000000	27.069000	274.419706	-0.001871
728.000000	27.079000	274.622166	-0.001603
729.000000	27.089000	274.824711	-0.001920
730.000000	27.099000	275.027321	-0.001505
731.000000	27.109000	275.230015	-0.001261
732.000000	27.119000	275.432774	-0.001603
733.000000	27.129000	275.635617	-0.001676
734.000000	27.139000	275.838525	-0.002140
735.000000	27.149000	276.041518	-0.001505
736.000000	27.159000	276.244576	-0.001847
737.000000	27.169000	276.447718	-0.001480
738.000000	27.179000	276.650925	-0.001700
739.000000	27.189000	276.854216	-0.001651
740.000000	27.199000	277.057572	-0.001627
741.000000	27.209000	277.261013	-0.001505
742.000000	27.219000	277.464519	-0.001529
743.000000	27.229000	277.668109	-0.001700
744.000000	27.239000	277.871773	-0.001700
745.000000	27.249000	278.075503	-0.001676
746.000000	27.259000	278.279317	-0.001871
747.000000	27.269000	278.483196	-0.001773
748.000000	27.279000	278.687159	-0.001603
749.000000	27.289000	278.891187	-0.001603
750.000000	27.299000	279.095300	-0.002311
751.000000	27.309000	279.299478	-0.001700
752.000000	27.319000	279.503740	-0.001993
753.000000	27.329000	279.708066	-0.001529
754.000000	27.339000	279.912478	-0.001407
755.000000	27.349000	280.116954	-0.001700
756.000000	27.359000	280.321515	-0.001578
757.000000	27.369000	280.526140	-0.001480
758.000000	27.379000	280.730850	-0.001651
759.000000	27.389000	280.935625	-0.001749
760.000000	27.399000	281.140484	-0.001944
761.000000	27.409000	281.345408	-0.001725
762.000000	27.419000	281.550417	-0.001700
763.000000	27.429000	281.755490	-0.001432
764.000000	27.439000	281.960648	-0.001773
765.000000	27.449000	282.165871	-0.001554
766.000000	27.459000	282.371178	-0.001578
767.000000	27.469000	282.576550	-0.001480
768.000000	27.479000	282.782007	-0.001285
769.000000	27.489000	282.987538	-0.001749
770.000000	27.499000	283.193134	-0.001773
771.000000	27.509000	283.398815	-0.001505
772.000000	27.519000	283.604560	-0.001651
773.000000	27.529000	283.810390	-0.001578
774.000000	27.539000	284.016285	-0.001578
775.000000	27.549000	284.222264	-0.001676
776.000000	27.559000	284.428308	-0.001773
777.000000	27.569000	284.634437	-0.001920
778.000000	27.579000	284.840630	-0.001505
779.000000	27.589000	285.046908	-0.002091
780.000000	27.599000	285.253251	-0.001334
781.000000	27.609000	285.459678	-0.001432
782.000000	27.619000	285.666170	-0.001261
783.000000	27.629000	285.872746	-0.001603
784.000000	27.639000	286.079388	-0.001822
785.000000	27.649000	286.286113	-0.001700
786.000000	27.659000	286.492904	-0.001749
787.000000	27.669000	286.699779	-0.001456
788.000000	27.679000	286.906719	-0.001529
789.000000	27.689000	287.113744	-0.001456
790.000000	27.699000	287.320833	-0.001749
791.000000	27.709000	287.528007	-0.001505
792.000000	27.719000	287.735245	-0.001627
793.000000	27.729000	287.942569	-0.002042
794.000000	27.739000	288.149966	-0.001383
795.000000	27.749000	288.357429	-0.001847
796.000000	27.759000	288.564976	-0.001432
797.000000	27.769000	288.772588	-0.001578
798.000000	27.779000	288.980285	-0.001944
799.000000	27.789000	289.188046	-0.001676
800.000000	27.799000	289.395892	-0.001725
801.000000	27.809000	289.603812	-0.001993
802.000000	27.819000	289.811787	-0.001554
803.000000	27.829000	290.019857	-0.001358
804.000000	27.839000	290.228001	-0.001505
805.000000	27.849000	290.436221	-0.001603
806.000000	27.858999	290.644494	-0.001749
807.000000	27.869000	290.852863	-0.001505
808.000000	27.879000	291.061306	-0.001432
809.000000	27.889000	291.269824	-0.001505
810.000000	27.898999	291.478396	-0.001676
811.000000	27.909000	291.687063	-0.001358
812.000000	27.919000	291.895805	-0.001139
813.000000	27.929000	292.104622	-0.001285
814.000000	27.938999	292.313493	-0.001407
815.000000	27.949000	292.522458	-0.001798
816.000000	27.959000	292.731499	-0.001627
817.000000	27.969000	292.940614	-0.001969
818.000000	27.978999	293.149784	-0.001627
819.000000	27.989000	293.359048	-0.001407
820.000000	27.999000	293.568387	-0.002018
821.000000	28.009000	293.777801	-0.001188
822.000000	28.019000	293.987289	-0.001578
823.000000	28.029000	294.196832	-0.001505
824.000000	28.039000	294.406470	-0.001480
825.000000	28.049000	294.616182	-0.001651
826.000000	28.059000	294.825969	-0.001725
827.000000	28.069000	295.035811	-0.001554
828.000000	28.079000	295.245747	-0.001310
829.000000	28.089000	295.455758	-0.001554
830.000000	28.099000	295.665844	-0.001065
831.000000	28.108999	295.875984	-0.001188
832.000000	28.119000	296.086219	-0.001603
833.000000	28.129000	296.296529	-0.001896
834.000000	28.139000	296.506913	-0.002091
835.000000	28.148999	296.717352	-0.001212
836.000000	28.159000	296.927886	-0.001749
837.000000	28.169000	297.138494	-0.001554
838.000000	28.179000	297.349177	-0.001773
839.000000	28.188999	297.559915	-0.001236
840.000000	28.199000	297.770747	-0.001554
841.000000	28.209000	297.981654	-0.001578
842.000000	28.219000	298.192636	-0.001578
843.000000	28.228999	298.403672	-0.001480
844.000000	28.239000	298.614803	-0.001529
845.000000	28.249000	298.826009	-0.001407
846.000000	28.259000	299.037289	-0.001432
847.000000	28.269000	299.248644	-0.001090
848.000000	28.279000	299.460053	-0.001651
849.000000	28.289000	299.671558	-0.001578
850.000000	28.299000	299.883137	-0.001627
851.000000	28.309000	300.094790	-0.001163
852.000000	28.319000	300.306498	-0.001163
853.000000	28.329000	300.518301	-0.001261
854.000000	28.339000	300.730179	-0.001627
855.000000	28.349000	300.942131	-0.001261
856.000000	28.358999	301.154138	-0.001529
857.000000	28.369000	301.366239	-0.001432
858.000000	28.379000	301.578416	-0.001261
859.000000	28.389000	301.790667	-0.001725
860.000000	28.398999	302.002972	-0.001505
861.000000	28.409000	302.215372	-0.001383
862.000000	28.419000	302.427847	-0.001651
863.000000	28.429000	302.640397	-0.001773
864.000000	28.438999	302.853001	-0.001676
865.000000	28.449000	303.065699	-0.001627
866.000000	28.459000	303.278473	-0.001505
867.000000	28.469000	303.491321	-0.001163
868.000000	28.478999	303.704224	-0.001212
869.000000	28.489000	303.917221	-0.001188
870.000000	28.499000	304.130294	-0.002042
871.000000	28.509000	304.343440	-0.001773
872.000000	28.519000	304.556662	-0.001383
873.000000	28.529000	304.769938	-0.001725
874.000000	28.539000	304.983309	-0.001993
875.000000	28.549000	305.196754	-0.001700
876.000000	28.559000	305.410274	-0.001725
877.000000	28.569000	305.623849	-0.001236
878.000000	28.579000	305.837518	-0.001871
879.000000	28.589000	306.051263	-0.001773
880.000000	28.599000	306.265081	-0.001676
881.000000	28.608999	306.478954	-0.001798
882.000000	28.619000	306.692923	-0.001529
883.000000	28.629000	306.906965	-0.001725
884.000000	28.639000	307.121083	-0.001749
885.000000	28.648999	307.335255	-0.001163
886.000000	28.659000	307.549522	-0.001798
887.000000	28.669000	307.763863	-0.001065
888.000000	28.679000	307.978279	-0.001749
889.000000	28.688999	308.192749	-0.001676
890.000000	28.699000	308.407315	-0.001163
891.000000	28.709000	308.621955	-0.001310
892.000000	28.719000	308.836670	-0.001261
893.000000	28.728999	309.051439	-0.001432
894.000000	28.739000	309.266303	-0.001236
895.000000	28.749000	309.481242	-0.001114
896.000000	28.759000	309.696255	-0.001114
897.000000	28.769000	309.911343	-0.001505
898.000000	28.779000	310.126486	-0.001139
899.000000	28.789000	310.341723	-0.001505
900.000000	28.799000	310.557035	-0.001700
901.000000	28.809000	310.772422	-0.001310
902.000000	28.819000	310.987863	-0.001798
903.000000	28.829000	311.203399	-0.001236
904.000000	28.839000	311.419010	-0.001603
905.000000	28.849000	311.634695	-0.001749
906.000000	28.858999	311.850435	-0.001749
907.000000	28.869000	312.066269	-0.001627
908.000000	28.879000	312.282179	-0.001822
909.000000	28.889000	312.498163	-0.001236
910.000000	28.898999	312.714201	-0.001432
911.000000	28.909000	312.930334	-0.001603
912.000000	28.919000	313.146542	-0.001627
913.000000	28.929000	313.362825	-0.001529
914.000000	28.938999	313.579162	-0.001554
915.000000	28.949000	313.795594	-0.001993
916.000000	28.959000	314.012101	-0.001310
917.000000	28.969000	314.228682	-0.001041
918.000000	28.978999	314.445317	-0.001310
919.000000	28.989000	314.662048	-0.002091
920.000000	28.999000	314.878853	-0.002091
921.000000	29.009000	315.095733	-0.001554
922.000000	29.019000	315.312688	-0.001651
923.000000	29.029000	315.529697	-0.001700
924.000000	29.039000	315.746801	-0.001334
925.000000	29.049000	315.963980	-0.001261
926.000000	29.059000	316.181233	-0.001139
927.000000	29.069000	316.398540	-0.001676
928.000000	29.079000	316.615943	-0.001480
929.000000	29.089000	316.833420	-0.001554
930.000000	29.099000	317.050972	-0.001310
931.000000	29.108999	317.268578	-0.001456
932.000000	29.119000	317.486279	-0.001554
933.000000	29.129000	317.704055	-0.001310
934.000000	29.139000	317.921906	-0.001358
935.000000	29.148999	318.139811	-0.001017
936.000000	29.159000	318.357811	-0.001383
937.000000	29.169000	318.575885	-0.001676
938.000000	29.179000	318.794034	-0.001407
939.000000	29.188999	319.012238	-0.001676
940.000000	29.199000	319.230536	-0.001676
941.000000	29.209000	319.448910	-0.001163
942.000000	29.219000	319.667357	-0.001139
943.000000	29.228999	319.885859	-0.001529
944.000000	29.239000	320.104457	-0.001358
945.000000	29.249000	320.323128	-0.001358
946.000000	29.259000	320.541875	-0.001285
947.000000	29.268999	320.760675	-0.001358
948.000000	29.279000	320.979571	-0.001627
949.000000	29.289000	321.198542	-0.001163
950.000000	29.299000	321.417587	-0.001603
951.000000	29.309000	321.636707	-0.000919
952.000000	29.319000	321.855881	-0.001749
953.000000	29.329000	322.075150	-0.000968
954.000000	29.339000	322.294494	-0.001529
955.000000	29.349000	322.513913	-0.001334
956.000000	29.358999	322.733385	-0.001456
957.000000	29.369000	322.952953	-0.001578
958.000000	29.379000	323.172595	-0.000992
959.000000	29.389000	323.392313	-0.001505
960.000000	29.398999	323.612084	-0.001432
961.000000	29.409000	323.831950	-0.001456
962.000000	29.419000	324.051891	-0.001285
963.000000	29.429000	324.271907	-0.001627
964.000000	29.438999	324.491977	-0.000943
965.000000	29.449000	324.712142	-0.001285
966.000000	29.459000	324.932382	-0.001383
967.000000	29.469000	325.152696	-0.001310
968.000000	29.478999	325.373065	-0.001407
969.000000	29.489000	325.593528	-0.001554
970.000000	29.499000	325.814067	-0.001310
971.000000	29.509000	326.034680	-0.001456
972.000000	29.518999	326.255347	-0.001407
973.000000	29.529000	326.476109	-0.001139
974.000000	29.539000	326.696947	-0.001407
975.000000	29.549000	326.917858	-0.001456
976.000000	29.559000	327.138845	-0.001163
977.000000	29.569000	327.359885	-0.001041
978.000000	29.579000	327.581021	-0.001236
979.000000	29.589000	327.802231	-0.001505
980.000000	29.599000	328.023516	-0.001554
981.000000	29.608999	328.244855	-0.001603
982.000000	29.619000	328.466290	-0.001139
983.000000	29.629000	328.687799	-0.001456
984.000000	29.639000	328.909383	-0.001407
985.000000	29.648999	329.131020	-0.001212
986.000000	29.659000	329.352753	-0.001310
987.000000	29.669000	329.574561	-0.001456
988.000000	29.679000	329.796443	-0.001334
989.000000	29.688999	330.018379	-0.001285
990.000000	29.699000	330.240411	-0.001285
991.000000	29.709000	330.462517	-0.001285
992.000000	29.719000	330.684699	-0.001139
993.000000	29.728999	330.906933	-0.001285
994.000000	29.739000	331.129264	-0.001358
995.000000	29.749000	331.351669	-0.001383
996.000000	29.759000	331.574148	-0.001212
997.000000	29.768999	331.796682	-0.001334
998.000000	29.779000	332.019311	-0.001310
999.000000	29.789000	332.242015	-0.001603
