0.000000	15.099000	88.878479	0.005478
1.000000	15.109000	88.995905	0.005844
2.000000	15.119000	89.113408	0.005697
3.000000	15.129000	89.230989	0.005966
4.000000	15.139000	89.348648	0.005819
5.000000	15.149000	89.466383	0.005917
6.000000	15.159000	89.584197	0.005795
7.000000	15.169000	89.702088	0.005648
8.000000	15.179000	89.820056	0.005770
9.000000	15.189000	89.938102	0.005673
10.000000	15.199000	90.056225	0.006015
11.000000	15.209000	90.174427	0.005673
12.000000	15.219000	90.292705	0.006015
13.000000	15.229000	90.411061	0.005990
14.000000	15.239000	90.529495	0.005844
15.000000	15.249000	90.648006	0.005795
16.000000	15.259000	90.766594	0.005917
17.000000	15.269000	90.885260	0.005917
18.000000	15.279000	91.004004	0.005355
19.000000	15.289000	91.122825	0.005819
20.000000	15.299000	91.241724	0.005722
21.000000	15.309000	91.360700	0.005868
22.000000	15.319000	91.479754	0.005624
23.000000	15.329000	91.598885	0.006015
24.000000	15.339000	91.718094	0.005600
25.000000	15.349000	91.837380	0.005795
26.000000	15.359000	91.956744	0.005429
27.000000	15.369000	92.076185	0.005282
28.000000	15.379000	92.195704	0.005380
29.000000	15.389000	92.315300	0.005673
30.000000	15.399000	92.434974	0.005600
31.000000	15.409000	92.554726	0.005575
32.000000	15.419000	92.674555	0.005770
33.000000	15.429000	92.794461	0.005429
34.000000	15.439000	92.914445	0.005819
35.000000	15.449000	93.034506	0.005404
36.000000	15.459000	93.154645	0.005404
37.000000	15.469000	93.274862	0.005478
38.000000	15.479000	93.395156	0.005062
39.000000	15.489000	93.515527	0.004965
40.000000	15.499000	93.635976	0.005307
41.000000	15.509000	93.756503	0.005185
42.000000	15.519000	93.877107	0.004574
43.000000	15.529000	93.997789	0.005478
44.000000	15.539000	94.118548	0.005624
45.000000	15.549000	94.239385	0.005795
46.000000	15.559000	94.360299	0.005770
47.000000	15.569000	94.481291	0.005648
48.000000	15.579000	94.602360	0.005600
49.000000	15.589000	94.723506	0.005551
50.000000	15.599000	94.844731	0.005673
51.000000	15.609000	94.966033	0.005600
52.000000	15.619000	95.087412	0.005746
53.000000	15.629000	95.208869	0.005648
54.000000	15.639000	95.330403	0.005160
55.000000	15.649000	95.452015	0.005307
56.000000	15.659000	95.573705	0.005478
57.000000	15.669000	95.695471	0.005697
58.000000	15.679000	95.817316	0.005380
59.000000	15.689000	95.939238	0.005502
60.000000	15.699000	96.061237	0.005624
61.000000	15.709000	96.183315	0.005429
62.000000	15.719000	96.305469	0.005697
63.000000	15.729000	96.427701	0.005600
64.000000	15.739000	96.550010	0.005600
65.000000	15.749000	96.672397	0.005282
66.000000	15.759000	96.794862	0.005770
67.000000	15.769000	96.917404	0.005258
68.000000	15.779000	97.040024	0.005502
69.000000	15.789000	97.162721	0.005478
70.000000	15.799000	97.285496	0.005380
71.000000	15.809000	97.408348	0.005233
72.000000	15.819000	97.531277	0.005355
73.000000	15.829000	97.654284	0.005233
74.000000	15.839000	97.777370	0.005355
75.000000	15.849000	97.900532	0.005478
76.000000	15.859000	98.023772	0.005429
77.000000	15.869000	98.147089	0.005502
78.000000	15.879000	98.270483	0.005136
79.000000	15.889000	98.393956	0.005331
80.000000	15.899000	98.517505	0.005136
81.000000	15.909000	98.641133	0.005429
82.000000	15.919000	98.764838	0.005600
83.000000	15.929000	98.888621	0.004989
84.000000	15.939000	99.012480	0.005478
85.000000	15.949000	99.136418	0.005209
86.000000	15.959000	99.260433	0.005355
87.000000	15.969000	99.384526	0.005429
88.000000	15.979000	99.508696	0.005307
89.000000	15.989000	99.632943	0.005160
90.000000	15.999000	99.757268	0.005038
91.000000	16.009000	99.881671	0.005355
92.000000	16.019000	100.006151	0.005160
93.000000	16.029000	100.130709	0.005160
94.000000	16.039000	100.255344	0.005258
95.000000	16.049000	100.380056	0.005233
96.000000	16.059000	100.504846	0.005404
97.000000	16.069000	100.629714	0.005136
98.000000	16.079000	100.754659	0.005307
99.000000	16.089000	100.879682	0.004818
100.000000	16.099000	101.004783	0.004867
101.000000	16.109000	101.129960	0.005307
102.000000	16.119000	101.255216	0.005087
103.000000	16.129000	101.380548	0.005404
104.000000	16.139000	101.505959	0.005136
105.000000	16.149000	101.631446	0.005380
106.000000	16.159000	101.757012	0.005429
107.000000	16.169000	101.882654	0.005038
108.000000	16.179000	102.008375	0.005014
109.000000	16.189000	102.134174	0.005380
110.000000	16.199000	102.260049	0.004989
111.000000	16.209000	102.386002	0.005136
112.000000	16.219000	102.512033	0.005160
113.000000	16.229000	102.638141	0.004965
114.000000	16.239000	102.764326	0.005111
115.000000	16.249000	102.890589	0.004940
116.000000	16.259000	103.016929	0.005233
117.000000	16.269000	103.143347	0.005185
118.000000	16.279000	103.269843	0.005160
119.000000	16.289000	103.396416	0.005209
120.000000	16.299000	103.523067	0.004794
121.000000	16.309000	103.649795	0.004867
122.000000	16.319000	103.776602	0.005136
123.000000	16.329000	103.903485	0.005087
124.000000	16.339000	104.030445	0.004916
125.000000	16.349000	104.157484	0.005282
126.000000	16.359000	104.284599	0.005282
127.000000	16.369000	104.411792	0.005038
128.000000	16.379000	104.539063	0.004721
129.000000	16.389000	104.666411	0.004989
130.000000	16.399000	104.793837	0.004892
131.000000	16.409000	104.921340	0.004965
132.000000	16.419000	105.048921	0.005160
133.000000	16.429000	105.176580	0.005038
134.000000	16.439000	105.304315	0.005160
135.000000	16.449000	105.432130	0.005209
136.000000	16.459000	105.560021	0.005136
137.000000	16.469000	105.687989	0.005087
138.000000	16.479000	105.816035	0.005038
139.000000	16.489000	105.944159	0.004843
140.000000	16.499000	106.072360	0.005087
141.000000	16.509000	106.200638	0.005111
142.000000	16.519000	106.328994	0.004770
143.000000	16.529000	106.457428	0.004477
144.000000	16.539000	106.585939	0.004770
145.000000	16.549000	106.714527	0.004867
146.000000	16.559000	106.843193	0.005136
147.000000	16.569000	106.971937	0.004794
148.000000	16.579000	107.100760	0.004623
149.000000	16.589000	107.229658	0.005136
150.000000	16.599000	107.358634	0.004867
151.000000	16.609000	107.487688	0.005209
152.000000	16.619000	107.616819	0.004574
153.000000	16.629000	107.746028	0.004647
154.000000	16.639000	107.875314	0.004892
155.000000	16.649000	108.004678	0.005014
156.000000	16.659000	108.134119	0.004818
157.000000	16.669000	108.263638	0.004867
158.000000	16.679000	108.393234	0.004647
159.000000	16.689000	108.522908	0.004647
160.000000	16.699000	108.652660	0.004428
161.000000	16.709000	108.782490	0.004867
162.000000	16.719000	108.912396	0.004770
163.000000	16.729000	109.042380	0.004623
164.000000	16.739000	109.172442	0.004745
165.000000	16.749000	109.302581	0.004843
166.000000	16.759000	109.432797	0.004721
167.000000	16.769000	109.563091	0.004428
168.000000	16.779000	109.693463	0.004770
169.000000	16.789000	109.823912	0.004428
170.000000	16.799000	109.954438	0.004989
171.000000	16.809000	110.085042	0.004647
172.000000	16.819000	110.215724	0.004452
173.000000	16.829000	110.346484	0.004477
174.000000	16.839000	110.477321	0.005038
175.000000	16.849000	110.608235	0.004574
176.000000	16.859000	110.739227	0.004696
177.000000	16.869000	110.870296	0.004843
178.000000	16.879000	111.001443	0.004892
179.000000	16.889000	111.132667	0.004745
180.000000	16.899000	111.263969	0.004745
181.000000	16.909000	111.395348	0.004428
182.000000	16.919000	111.526805	0.004989
183.000000	16.929000	111.658339	0.004452
184.000000	16.939000	111.789951	0.004696
185.000000	16.949000	111.921640	0.004574
186.000000	16.959000	112.053409	0.004623
187.000000	16.969000	112.185253	0.004525
188.000000	16.979000	112.317175	0.004428
189.000000	16.989000	112.449174	0.004599
190.000000	16.999000	112.581251	0.004379
191.000000	17.009000	112.713406	0.004452
192.000000	17.019000	112.845638	0.004501
193.000000	17.029000	112.977947	0.004525
194.000000	17.039000	113.110334	0.004257
195.000000	17.049000	113.242799	0.004428
196.000000	17.059000	113.375341	0.004696
197.000000	17.069000	113.507961	0.004232
198.000000	17.079000	113.640658	0.004867
199.000000	17.089000	113.773434	0.004770
200.000000	17.099000	113.906286	0.004623
201.000000	17.109000	114.039216	0.004623
202.000000	17.119000	114.172223	0.004794
203.000000	17.129000	114.305308	0.004574
204.000000	17.139000	114.438470	0.004721
205.000000	17.149000	114.571710	0.004623
206.000000	17.159000	114.705027	0.004672
207.000000	17.169000	114.838422	0.004452
208.000000	17.179000	114.971894	0.004477
209.000000	17.189000	115.105444	0.004452
210.000000	17.199000	115.239071	0.004330
211.000000	17.209000	115.372776	0.004159
212.000000	17.219000	115.506558	0.004818
213.000000	17.229000	115.640418	0.004330
214.000000	17.239000	115.774356	0.004428
215.000000	17.249000	115.908371	0.004525
216.000000	17.259000	116.042463	0.004110
217.000000	17.269000	116.176633	0.004525
218.000000	17.279000	116.310884	0.004379
219.000000	17.289000	116.445209	0.004574
220.000000	17.299000	116.579611	0.004452
221.000000	17.309000	116.714091	0.004354
222.000000	17.319000	116.848649	0.004550
223.000000	17.329000	116.983284	0.004354
224.000000	17.339000	117.117997	0.004403
225.000000	17.349000	117.252787	0.004452
226.000000	17.359000	117.387655	0.004354
227.000000	17.369000	117.522600	0.004232
228.000000	17.379000	117.657622	0.004379
229.000000	17.389000	117.792723	0.004354
230.000000	17.399000	117.927900	0.004306
231.000000	17.409000	118.063156	0.004184
232.000000	17.419000	118.198488	0.004232
233.000000	17.429000	118.333899	0.004525
234.000000	17.439000	118.469387	0.004354
235.000000	17.449000	118.604952	0.004525
236.000000	17.459000	118.740595	0.004330
237.000000	17.469000	118.876315	0.004672
238.000000	17.479000	119.012113	0.004208
239.000000	17.489000	119.147988	0.004232
240.000000	17.499000	119.283941	0.004330
241.000000	17.509000	119.419972	0.004110
242.000000	17.519000	119.556080	0.004501
243.000000	17.529000	119.692265	0.003988
244.000000	17.539000	119.828532	0.004330
245.000000	17.549000	119.964872	0.004306
246.000000	17.559000	120.101290	0.004086
247.000000	17.569000	120.237786	0.004257
248.000000	17.579000	120.374359	0.004135
249.000000	17.589000	120.511010	0.004086
250.000000	17.599000	120.647738	0.003842
251.000000	17.609000	120.784543	0.003842
252.000000	17.619000	120.921427	0.004330
253.000000	17.629000	121.058387	0.004257
254.000000	17.639000	121.195425	0.004232
255.000000	17.649000	121.332541	0.003915
256.000000	17.659000	121.469734	0.003573
257.000000	17.669000	121.607005	0.003695
258.000000	17.679000	121.744354	0.004061
259.000000	17.689000	121.881779	0.003866
260.000000	17.699000	122.019283	0.004086
261.000000	17.709000	122.156864	0.004306
262.000000	17.719000	122.294522	0.003671
263.000000	17.729000	122.432258	0.003939
264.000000	17.739000	122.570071	0.004135
265.000000	17.749000	122.707962	0.004061
266.000000	17.759000	122.845931	0.003866
267.000000	17.769000	122.983977	0.004110
268.000000	17.779000	123.122100	0.004037
269.000000	17.789000	123.260304	0.004061
270.000000	17.799000	123.398583	0.004232
271.000000	17.809000	123.536939	0.004452
272.000000	17.819000	123.675373	0.004184
273.000000	17.829000	123.813884	0.004135
274.000000	17.839000	123.952472	0.004135
275.000000	17.849000	124.091138	0.003866
276.000000	17.859000	124.229882	0.004379
277.000000	17.869000	124.368703	0.004086
278.000000	17.879000	124.507602	0.003988
279.000000	17.889000	124.646578	0.004208
280.000000	17.899000	124.785632	0.003915
281.000000	17.909000	124.924763	0.004013
282.000000	17.919000	125.063972	0.004037
283.000000	17.929000	125.203258	0.003866
284.000000	17.939000	125.342622	0.003915
285.000000	17.949000	125.482063	0.004086
286.000000	17.959000	125.621582	0.004110
287.000000	17.969000	125.761179	0.004184
288.000000	17.979000	125.900853	0.004037
289.000000	17.989000	126.040604	0.004110
290.000000	17.999000	126.180433	0.003646
291.000000	18.009000	126.320339	0.003915
292.000000	18.019000	126.460323	0.004281
293.000000	18.029000	126.600385	0.003817
294.000000	18.039000	126.740524	0.003866
295.000000	18.049000	126.880744	0.004135
296.000000	18.059000	127.021038	0.003695
297.000000	18.069000	127.161409	0.003354
298.000000	18.079000	127.301858	0.002890
299.000000	18.089000	127.442385	0.003305
300.000000	18.099000	127.582989	0.002743
301.000000	18.109000	127.723671	0.002987
302.000000	18.119000	127.864430	0.003109
303.000000	18.129000	128.005267	0.003256
304.000000	18.139000	128.146181	0.003476
305.000000	18.149000	128.287173	0.003549
306.000000	18.159000	128.428242	0.003964
307.000000	18.169000	128.569389	0.003720
308.000000	18.179000	128.710613	0.003915
309.000000	18.189000	128.851915	0.003939
310.000000	18.199000	128.993294	0.003842
311.000000	18.209000	129.134751	0.003671
312.000000	18.219000	129.276285	0.004208
313.000000	18.229000	129.417897	0.003939
314.000000	18.239000	129.559587	0.003476
315.000000	18.249000	129.701354	0.003988
316.000000	18.259000	129.843198	0.004184
317.000000	18.269000	129.985120	0.003720
318.000000	18.279000	130.127120	0.003866
319.000000	18.289000	130.269197	0.003598
320.000000	18.299000	130.411351	0.003646
321.000000	18.309000	130.553587	0.003671
322.000000	18.319000	130.695896	0.003622
323.000000	18.329000	130.838283	0.003646
324.000000	18.339000	130.980748	0.003964
325.000000	18.349000	131.123290	0.003964
326.000000	18.359000	131.265910	0.003817
327.000000	18.369000	131.408607	0.004061
328.000000	18.379000	131.551382	0.003939
329.000000	18.389000	131.694234	0.003866
330.000000	18.399000	131.837163	0.003793
331.000000	18.409000	131.980171	0.003476
332.000000	18.419000	132.123255	0.003549
333.000000	18.429000	132.266418	0.003671
334.000000	18.439000	132.409658	0.003769
335.000000	18.449000	132.552975	0.003671
336.000000	18.459000	132.696370	0.003476
337.000000	18.469000	132.839842	0.003817
338.000000	18.479000	132.983392	0.003720
339.000000	18.489000	133.127019	0.003671
340.000000	18.499000	133.270724	0.003964
341.000000	18.509000	133.414507	0.003622
342.000000	18.519000	133.558367	0.003622
343.000000	18.529000	133.702304	0.003354
344.000000	18.539000	133.846319	0.003549
345.000000	18.549000	133.990412	0.003769
346.000000	18.559000	134.134585	0.003598
347.000000	18.569000	134.278833	0.003207
348.000000	18.579000	134.423158	0.003817
349.000000	18.589000	134.567561	0.003817
350.000000	18.599000	134.712041	0.003891
351.000000	18.609000	134.856598	0.003524
352.000000	18.619000	135.001234	0.003720
353.000000	18.629000	135.145946	0.003476
354.000000	18.639000	135.290736	0.003354
355.000000	18.649000	135.435604	0.003256
356.000000	18.659000	135.580549	0.003500
357.000000	18.669000	135.725572	0.003476
358.000000	18.679000	135.870673	0.003476
359.000000	18.689000	136.015850	0.003549
360.000000	18.699000	136.161106	0.003402
361.000000	18.709000	136.306438	0.003476
362.000000	18.719000	136.451849	0.003378
363.000000	18.729000	136.597337	0.003183
364.000000	18.739000	136.742902	0.003769
365.000000	18.749000	136.888545	0.003793
366.000000	18.759000	137.034266	0.003451
367.000000	18.769000	137.180064	0.003549
368.000000	18.779000	137.325939	0.003524
369.000000	18.789000	137.471892	0.003451
370.000000	18.799000	137.617923	0.003329
371.000000	18.809000	137.764031	0.003451
372.000000	18.819000	137.910220	0.003476
373.000000	18.829000	138.056483	0.003817
374.000000	18.839000	138.202823	0.003280
375.000000	18.849000	138.349241	0.003280
376.000000	18.859000	138.495737	0.003158
377.000000	18.869000	138.642310	0.003378
378.000000	18.879000	138.788961	0.003549
379.000000	18.889000	138.935689	0.003476
380.000000	18.899000	139.082495	0.003378
381.000000	18.909000	139.229378	0.003354
382.000000	18.919000	139.376339	0.003402
383.000000	18.929000	139.523377	0.003354
384.000000	18.939000	139.670493	0.003427
385.000000	18.949000	139.817686	0.003354
386.000000	18.959000	139.964957	0.003231
387.000000	18.969000	140.112306	0.003061
388.000000	18.979000	140.259731	0.003329
389.000000	18.989000	140.407235	0.003524
390.000000	18.999000	140.554816	0.003402
391.000000	19.009000	140.702474	0.003354
392.000000	19.019000	140.850210	0.003378
393.000000	19.029000	140.998024	0.003451
394.000000	19.039000	141.145915	0.003354
395.000000	19.049000	141.293883	0.003183
396.000000	19.059000	141.441929	0.003085
397.000000	19.069000	141.590056	0.003671
398.000000	19.079000	141.738257	0.003305
399.000000	19.089000	141.886536	0.003402
400.000000	19.099000	142.034892	0.003085
401.000000	19.109000	142.183322	0.003329
402.000000	19.119000	142.331837	0.002938
403.000000	19.129000	142.480422	0.003500
404.000000	19.139000	142.629092	0.003354
405.000000	19.149000	142.777832	0.003354
406.000000	19.159000	142.926657	0.003549
407.000000	19.169000	143.075552	0.002816
408.000000	19.179000	143.224532	0.003305
409.000000	19.189000	143.373582	0.003402
410.000000	19.199000	143.522717	0.003354
411.000000	19.209000	143.671929	0.003158
412.000000	19.219000	143.821212	0.003524
413.000000	19.229000	143.970580	0.003207
414.000000	19.239000	144.120018	0.003476
415.000000	19.249000	144.269540	0.003158
416.000000	19.259000	144.419133	0.003256
417.000000	19.269000	144.568810	0.003012
418.000000	19.279000	144.718558	0.003256
419.000000	19.289000	144.868391	0.003085
420.000000	19.299000	145.018294	0.003354
421.000000	19.309000	145.168282	0.003354
422.000000	19.319000	145.318340	0.003500
423.000000	19.329000	145.468482	0.003256
424.000000	19.339000	145.618695	0.003451
425.000000	19.349000	145.768993	0.003451
426.000000	19.359000	145.919361	0.003207
427.000000	19.369000	146.069814	0.003305
428.000000	19.379000	146.220337	0.003183
429.000000	19.389000	146.370945	0.003280
430.000000	19.399000	146.521623	0.003549
431.000000	19.409000	146.672386	0.003256
432.000000	19.419000	146.823219	0.002963
433.000000	19.429000	146.974137	0.003573
434.000000	19.439000	147.125125	0.003280
435.000000	19.449000	147.276198	0.003036
436.000000	19.459000	147.427348	0.003451
437.000000	19.469000	147.578569	0.003158
438.000000	19.479000	147.729874	0.003183
439.000000	19.489000	147.881250	0.003378
440.000000	19.499000	148.032711	0.003085
441.000000	19.509000	148.184242	0.003256
442.000000	19.519000	148.335857	0.003134
443.000000	19.529000	148.487543	0.002963
444.000000	19.539000	148.639314	0.003036
445.000000	19.549000	148.791155	0.002865
446.000000	19.559000	148.943080	0.002841
447.000000	19.569000	149.095076	0.002938
448.000000	19.579000	149.247157	0.002890
449.000000	19.589000	149.399308	0.003207
450.000000	19.599000	149.551544	0.003134
451.000000	19.609000	149.703850	0.003061
452.000000	19.619000	149.856240	0.003231
453.000000	19.629000	150.008701	0.003183
454.000000	19.639000	150.161247	0.003402
455.000000	19.649000	150.313863	0.003158
456.000000	19.659000	150.466564	0.003134
457.000000	19.669000	150.619335	0.002914
458.000000	19.679000	150.772191	0.002792
459.000000	19.689000	150.925117	0.002645
460.000000	19.699000	151.078128	0.002670
461.000000	19.709000	151.231217	0.002377
462.000000	19.719000	151.384376	0.001913
463.000000	19.729000	151.537619	0.002133
464.000000	19.739000	151.690933	0.001498
465.000000	19.749000	151.844332	0.001620
466.000000	19.759000	151.997800	0.001474
467.000000	19.769000	152.151354	-0.000113
468.000000	19.779000	152.304978	-0.001432
469.000000	19.789000	152.458686	-0.000992
470.000000	19.799000	152.612465	-0.003678
471.000000	19.809000	152.766329	-0.002262
472.000000	19.819000	152.920263	-0.003580
473.000000	19.829000	153.074282	-0.005021
474.000000	19.839000	153.228371	-0.003751
475.000000	19.849000	153.382544	-0.004898
476.000000	19.859000	153.536788	-0.004361
477.000000	19.869000	153.691117	-0.005704
478.000000	19.879000	153.845516	-0.004264
479.000000	19.889000	154.000000	-0.002506
480.000000	19.899000	154.154554	0.001059
481.000000	19.909000	154.309193	0.001522
482.000000	19.919000	154.463902	0.001791
483.000000	19.929000	154.618696	0.001742
484.000000	19.939000	154.773560	0.002353
485.000000	19.949000	154.928509	0.002499
486.000000	19.959000	155.083528	0.002426
487.000000	19.969000	155.238632	0.002938
488.000000	19.979000	155.393814	0.002865
489.000000	19.989000	155.549066	0.002938
490.000000	19.999000	155.704402	0.002572
491.000000	20.009000	155.859809	0.003158
492.000000	20.019000	156.015301	0.002768
493.000000	20.029000	156.170862	0.002865
494.000000	20.039000	156.326509	0.002499
495.000000	20.049000	156.482226	0.002865
496.000000	20.059000	156.638028	0.002743
497.000000	20.069000	156.793899	0.002890
498.000000	20.079000	156.949856	0.002938
499.000000	20.089000	157.105883	0.002572
500.000000	20.099000	157.261995	0.003207
501.000000	20.109000	157.418177	0.002865
502.000000	20.119000	157.574444	0.002377
503.000000	20.129000	157.730781	0.002816
504.000000	20.139000	157.887203	0.003012
505.000000	20.149000	158.043695	0.002768
506.000000	20.159000	158.200272	0.002963
507.000000	20.169000	158.356919	0.002572
508.000000	20.179000	158.513651	0.002401
509.000000	20.189000	158.670453	0.002768
510.000000	20.199000	158.827340	0.003061
511.000000	20.209000	158.984297	0.002938
512.000000	20.219000	159.141339	0.002572
513.000000	20.229000	159.298459	0.002792
514.000000	20.239000	159.455648	0.002914
515.000000	20.249000	159.612923	0.002719
516.000000	20.259000	159.770268	0.002938
517.000000	20.269000	159.927697	0.002401
518.000000	20.279000	160.085197	0.003061
519.000000	20.289000	160.242782	0.002621
520.000000	20.299000	160.400437	0.002621
521.000000	20.309000	160.558176	0.002621
522.000000	20.319000	160.715986	0.002621
523.000000	20.329000	160.873881	0.002645
524.000000	20.339000	161.031846	0.002987
525.000000	20.349000	161.189896	0.002426
526.000000	20.359000	161.348016	0.002841
527.000000	20.369000	161.506220	0.002377
528.000000	20.379000	161.664495	0.002719
529.000000	20.389000	161.822855	0.002841
530.000000	20.399000	161.981285	0.002743
531.000000	20.409000	162.139800	0.002645
532.000000	20.419000	162.298385	0.002743
533.000000	20.429000	162.457055	0.002621
534.000000	20.439000	162.615795	0.002450
535.000000	20.449000	162.774620	0.002670
536.000000	20.459000	162.933515	0.003061
537.000000	20.469000	163.092496	0.002841
538.000000	20.479000	163.251553	0.002914
539.000000	20.489000	163.410681	0.002694
540.000000	20.499000	163.569894	0.002694
541.000000	20.509000	163.729176	0.002768
542.000000	20.519000	163.888544	0.003036
543.000000	20.529000	164.047982	0.002670
544.000000	20.539000	164.207504	0.002768
545.000000	20.549000	164.367097	0.002621
546.000000	20.559000	164.526775	0.002792
547.000000	20.569000	164.686523	0.002792
548.000000	20.579000	164.846356	0.002621
549.000000	20.589000	165.006258	0.002450
550.000000	20.599000	165.166246	0.002401
551.000000	20.609000	165.326304	0.002670
552.000000	20.619000	165.486447	0.002597
553.000000	20.629000	165.646660	0.002426
554.000000	20.639000	165.806958	0.002621
555.000000	20.649000	165.967326	0.002353
556.000000	20.659000	166.127779	0.002401
557.000000	20.669000	166.288302	0.002621
558.000000	20.679000	166.448910	0.002523
559.000000	20.689000	166.609588	0.003012
560.000000	20.699000	166.770351	0.002572
561.000000	20.709000	166.931184	0.002841
562.000000	20.719000	167.092102	0.002938
563.000000	20.729000	167.253090	0.002377
564.000000	20.739000	167.414164	0.002645
565.000000	20.749000	167.575314	0.002914
566.000000	20.759000	167.736535	0.002621
567.000000	20.769000	167.897841	0.002304
568.000000	20.779000	168.059216	0.002670
569.000000	20.789000	168.220677	0.002768
570.000000	20.799000	168.382208	0.002523
571.000000	20.809000	168.543824	0.002499
572.000000	20.819000	168.705509	0.002865
573.000000	20.829000	168.867280	0.002694
574.000000	20.839000	169.029121	0.002768
575.000000	20.849000	169.191047	0.002621
576.000000	20.859000	169.353043	0.002694
577.000000	20.869000	169.515124	0.002548
578.000000	20.879000	169.677275	0.002548
579.000000	20.889000	169.839511	0.002841
580.000000	20.899000	170.001816	0.002523
581.000000	20.909000	170.164208	0.002255
582.000000	20.919000	170.326668	0.002328
583.000000	20.929000	170.489215	0.002401
584.000000	20.939000	170.651831	0.002255
585.000000	20.949000	170.814532	0.002499
586.000000	20.959000	170.977303	0.002353
587.000000	20.969000	171.140159	0.002523
588.000000	20.979000	171.303085	0.002670
589.000000	20.989000	171.466096	0.002572
590.000000	20.999000	171.629185	0.002426
591.000000	21.009000	171.792343	0.002157
592.000000	21.019000	171.955587	0.002206
593.000000	21.029000	172.118901	0.002645
594.000000	21.039000	172.282300	0.002548
595.000000	21.049000	172.445768	0.002621
596.000000	21.059000	172.609322	0.002304
597.000000	21.069000	172.772946	0.002304
598.000000	21.079000	172.936655	0.002548
599.000000	21.089000	173.100434	0.002499
600.000000	21.099000	173.264298	0.002353
601.000000	21.109000	173.428231	0.002328
602.000000	21.119000	173.592250	0.002499
603.000000	21.129000	173.756339	0.002499
604.000000	21.139000	173.920513	0.002499
605.000000	21.149000	174.084757	0.002890
606.000000	21.159000	174.249086	0.002426
607.000000	21.169000	174.413485	0.002084
608.000000	21.179000	174.577969	0.002230
609.000000	21.189000	174.742523	0.002450
610.000000	21.199000	174.907162	0.002572
611.000000	21.209000	175.071871	0.002255
612.000000	21.219000	175.236665	0.002523
613.000000	21.229000	175.401529	0.002377
614.000000	21.239000	175.566479	0.002377
615.000000	21.249000	175.731506	0.002328
616.000000	21.259000	175.896602	0.002157
617.000000	21.269000	176.061784	0.002499
618.000000	21.279000	176.227035	0.002768
619.000000	21.289000	176.392372	0.002401
620.000000	21.299000	176.557779	0.002401
621.000000	21.309000	176.723271	0.002426
622.000000	21.319000	176.888833	0.002426
623.000000	21.329000	177.054480	0.002743
624.000000	21.339000	177.220196	0.002084
625.000000	21.349000	177.385998	0.002548
626.000000	21.359000	177.551870	0.002426
627.000000	21.369000	177.717827	0.002401
628.000000	21.379000	177.883854	0.002108
629.000000	21.389000	178.049966	0.002621
630.000000	21.399000	178.216148	0.002230
631.000000	21.409000	178.382415	0.002255
632.000000	21.419000	178.548752	0.002401
633.000000	21.429000	178.715174	0.002255
634.000000	21.439000	178.881666	0.002450
635.000000	21.449000	179.048243	0.002475
636.000000	21.459000	179.214890	0.002304
637.000000	21.469000	179.381622	0.001815
638.000000	21.479000	179.548424	0.002475
639.000000	21.489000	179.715311	0.001913
640.000000	21.499000	179.882268	0.002670
641.000000	21.509000	180.049311	0.002255
642.000000	21.519000	180.216431	0.002426
643.000000	21.529000	180.383620	0.002426
644.000000	21.539000	180.550895	0.002255
645.000000	21.549000	180.718240	0.002353
646.000000	21.559000	180.885670	0.002523
647.000000	21.569000	181.053169	0.002572
648.000000	21.579000	181.220754	0.002133
649.000000	21.589000	181.388409	0.002182
650.000000	21.599000	181.556149	0.002426
651.000000	21.609000	181.723958	0.002157
652.000000	21.619000	181.891854	0.002475
653.000000	21.629000	182.059818	0.002548
654.000000	21.639000	182.227868	0.002450
655.000000	21.649000	182.395988	0.002230
656.000000	21.659000	182.564193	0.002548
657.000000	21.669000	182.732468	0.002279
658.000000	21.679000	182.900828	0.002621
659.000000	21.689000	183.069258	0.002230
660.000000	21.699000	183.237774	0.002304
661.000000	21.709000	183.406358	0.002011
662.000000	21.719000	183.575029	0.002230
663.000000	21.729000	183.743769	0.002133
664.000000	21.739000	183.912594	0.002572
665.000000	21.749000	184.081489	0.002279
666.000000	21.759000	184.250469	0.002694
667.000000	21.769000	184.419527	0.002011
668.000000	21.779000	184.588655	0.002377
669.000000	21.789000	184.757868	0.002328
670.000000	21.799000	184.927150	0.002035
671.000000	21.809000	185.096518	0.001840
672.000000	21.819000	185.265956	0.001962
673.000000	21.829000	185.435479	0.002133
674.000000	21.839000	185.605071	0.001645
675.000000	21.849000	185.774749	0.001937
676.000000	21.859000	185.944497	0.002230
677.000000	21.869000	186.114330	0.001962
678.000000	21.879000	186.284233	0.002572
679.000000	21.889000	186.454221	0.002279
680.000000	21.899000	186.624279	0.002060
681.000000	21.909000	186.794422	0.002084
682.000000	21.919000	186.964635	0.002255
683.000000	21.929000	187.134933	0.001962
684.000000	21.939000	187.305301	0.002279
685.000000	21.949000	187.475754	0.002304
686.000000	21.959000	187.646277	0.002084
687.000000	21.969000	187.816885	0.002084
688.000000	21.979000	187.987563	0.002011
689.000000	21.989000	188.158326	0.002475
690.000000	21.999000	188.329159	0.002108
691.000000	22.009000	188.500078	0.002084
692.000000	22.019000	188.671074	0.002182
693.000000	22.029000	188.842139	0.002328
694.000000	22.039000	189.013290	0.002499
695.000000	22.049000	189.184511	0.002133
696.000000	22.059000	189.355817	0.002011
697.000000	22.069000	189.527192	0.002401
698.000000	22.079000	189.698653	0.001962
699.000000	22.089000	189.870184	0.001889
700.000000	22.099000	190.041800	0.002011
701.000000	22.109000	190.213486	0.001913
702.000000	22.119000	190.385257	0.001767
703.000000	22.129000	190.557097	0.002060
704.000000	22.139000	190.729024	0.002304
705.000000	22.149000	190.901019	0.001986
706.000000	22.159000	191.073101	0.002230
707.000000	22.169000	191.245251	0.001303
708.000000	22.179000	191.417488	0.002401
709.000000	22.189000	191.589793	0.002133
710.000000	22.199000	191.762185	0.002304
711.000000	22.209000	191.934645	0.001815
712.000000	22.219000	192.107192	0.001791
713.000000	22.229000	192.279808	0.002645
714.000000	22.239000	192.452509	0.001913
715.000000	22.249000	192.625280	0.002035
716.000000	22.259000	192.798136	0.001889
717.000000	22.269000	192.971070	0.001718
718.000000	22.279000	193.144074	0.001718
719.000000	22.289000	193.317163	0.001864
720.000000	22.299000	193.490321	0.001669
721.000000	22.309000	193.663565	0.001889
722.000000	22.319000	193.836879	0.002011
723.000000	22.329000	194.010278	0.001620
724.000000	22.339000	194.183746	0.002084
725.000000	22.349000	194.357301	0.002157
726.000000	22.359000	194.530924	0.002157
727.000000	22.369000	194.704633	0.001889
728.000000	22.379000	194.878412	0.001986
729.000000	22.389000	195.052276	0.001840
730.000000	22.399000	195.226210	0.001791
731.000000	22.409000	195.400229	0.001889
732.000000	22.419000	195.574318	0.001742
733.000000	22.429000	195.748492	0.002084
734.000000	22.439000	195.922736	0.001791
735.000000	22.449000	196.097065	0.002133
736.000000	22.459000	196.271464	0.002157
737.000000	22.469000	196.445948	0.002182
738.000000	22.479000	196.620502	0.002108
739.000000	22.489000	196.795142	0.001669
740.000000	22.499000	196.969850	0.001937
741.000000	22.509000	197.144645	0.002084
742.000000	22.519000	197.319509	0.001791
743.000000	22.529000	197.494458	0.002230
744.000000	22.539000	197.669485	0.002255
745.000000	22.549000	197.844582	0.001889
746.000000	22.559000	198.019764	0.001864
747.000000	22.569000	198.195015	0.001962
748.000000	22.579000	198.370353	0.002426
749.000000	22.589000	198.545759	0.002230
750.000000	22.599000	198.721251	0.001913
751.000000	22.609000	198.896813	0.001742
752.000000	22.619000	199.072460	0.002035
753.000000	22.629000	199.248176	0.001791
754.000000	22.639000	199.423979	0.002011
755.000000	22.649000	199.599850	0.001693
756.000000	22.659000	199.775808	0.001522
757.000000	22.669000	199.951834	0.001669
758.000000	22.679000	200.127947	0.001742
759.000000	22.689000	200.304128	0.001303
760.000000	22.699000	200.480396	0.000937
761.000000	22.709000	200.656732	0.000985
762.000000	22.719000	200.833155	0.001010
763.000000	22.729000	201.009647	0.000448
764.000000	22.739000	201.186224	0.000717
765.000000	22.749000	201.362871	0.000619
766.000000	22.759000	201.539603	0.001010
767.000000	22.769000	201.716405	0.000009
768.000000	22.779000	201.893293	0.000228
769.000000	22.789000	202.070258	0.001449
770.000000	22.799000	202.247292	0.001352
771.000000	22.809000	202.424413	0.000937
772.000000	22.819000	202.601602	0.001522
773.000000	22.829000	202.778877	0.001693
774.000000	22.839000	202.956221	0.001596
775.000000	22.849000	203.133652	0.001693
776.000000	22.859000	203.311151	0.001767
777.000000	22.869000	203.488737	0.002157
778.000000	22.879000	203.666391	0.001937
779.000000	22.889000	203.844131	0.002230
780.000000	22.899000	204.021941	0.001498
781.000000	22.909000	204.199836	0.001864
782.000000	22.919000	204.377801	0.001547
783.000000	22.929000	204.555851	0.001840
784.000000	22.939000	204.733971	0.001767
785.000000	22.949000	204.912176	0.001620
786.000000	22.959000	205.090451	0.000937
787.000000	22.969000	205.268811	0.001327
788.000000	22.979000	205.447241	0.001303
789.000000	22.989000	205.625757	0.001693
790.000000	22.999000	205.804341	0.000912
791.000000	23.009000	205.983012	0.000985
792.000000	23.019000	206.161752	0.001327
793.000000	23.029000	206.340577	0.001645
794.000000	23.039000	206.519481	0.001791
795.000000	23.049000	206.698453	0.001522
796.000000	23.059000	206.877511	0.002011
797.000000	23.069000	207.056638	0.001767
798.000000	23.079000	207.235852	0.001840
799.000000	23.089000	207.415134	0.001693
800.000000	23.099000	207.594502	0.001596
801.000000	23.109000	207.773948	0.001767
802.000000	23.119000	207.953455	0.001840
803.000000	23.129000	208.133055	0.001474
804.000000	23.139000	208.312734	0.001986
805.000000	23.149000	208.492490	0.001303
806.000000	23.158999	208.672306	0.001864
807.000000	23.169000	208.852217	0.001449
808.000000	23.179000	209.032206	0.001278
809.000000	23.189000	209.212272	0.001840
810.000000	23.198999	209.392398	0.001962
811.000000	23.209000	209.572619	0.001571
812.000000	23.219000	209.752918	0.001547
813.000000	23.229000	209.933294	0.001327
814.000000	23.238999	210.113731	0.001913
815.000000	23.249000	210.294262	0.001449
816.000000	23.259000	210.474870	0.002133
817.000000	23.269000	210.655557	0.002108
818.000000	23.278999	210.836303	0.001937
819.000000	23.289000	211.017145	0.001669
820.000000	23.299000	211.198063	0.001767
821.000000	23.309000	211.379060	0.001400
822.000000	23.319000	211.560133	0.001669
823.000000	23.329000	211.741268	0.001889
824.000000	23.339000	211.922496	0.001620
825.000000	23.349000	212.103803	0.001962
826.000000	23.359000	212.285187	0.001620
827.000000	23.369000	212.466631	0.001620
828.000000	23.379000	212.648170	0.001620
829.000000	23.389000	212.829786	0.002133
830.000000	23.399000	213.011480	0.001718
831.000000	23.408999	213.193235	0.001034
832.000000	23.419000	213.375084	0.001815
833.000000	23.429000	213.557010	0.001791
834.000000	23.439000	213.739014	0.001522
835.000000	23.448999	213.921079	0.001449
836.000000	23.459000	214.103238	0.001522
837.000000	23.469000	214.285474	0.001913
838.000000	23.479000	214.467789	0.001547
839.000000	23.488999	214.650163	0.001767
840.000000	23.499000	214.832632	0.001718
841.000000	23.509000	215.015179	0.001474
842.000000	23.519000	215.197803	0.001205
843.000000	23.528999	215.380488	0.001937
844.000000	23.539000	215.563267	0.001840
845.000000	23.549000	215.746124	0.002060
846.000000	23.559000	215.929058	0.001742
847.000000	23.569000	216.112070	0.001596
848.000000	23.579000	216.295142	0.001278
849.000000	23.589000	216.478309	0.001669
850.000000	23.599000	216.661553	0.001864
851.000000	23.609000	216.844875	0.001474
852.000000	23.619000	217.028257	0.001889
853.000000	23.629000	217.211734	0.001254
854.000000	23.639000	217.395289	0.002084
855.000000	23.649000	217.578921	0.000912
856.000000	23.658999	217.762613	0.001669
857.000000	23.669000	217.946400	0.001840
858.000000	23.679000	218.130265	0.001303
859.000000	23.689000	218.314207	0.001278
860.000000	23.698999	218.498209	0.000912
861.000000	23.709000	218.682306	0.001376
862.000000	23.719000	218.866481	0.001376
863.000000	23.729000	219.050733	0.001352
864.000000	23.738999	219.235045	0.001498
865.000000	23.749000	219.419453	0.001376
866.000000	23.759000	219.603937	0.001425
867.000000	23.769000	219.788500	0.000839
868.000000	23.778999	219.973122	0.001474
869.000000	23.789000	220.157839	0.001547
870.000000	23.799000	220.342634	0.001620
871.000000	23.809000	220.527507	0.001815
872.000000	23.819000	220.712457	0.001889
873.000000	23.829000	220.897466	0.001742
874.000000	23.839000	221.082571	0.001303
875.000000	23.849000	221.267754	0.001132
876.000000	23.859000	221.453014	0.001303
877.000000	23.869000	221.638334	0.001645
878.000000	23.879000	221.823749	0.001596
879.000000	23.889000	222.009241	0.001498
880.000000	23.899000	222.194812	0.001522
881.000000	23.908999	222.380441	0.001474
882.000000	23.919000	222.566167	0.001376
883.000000	23.929000	222.751969	0.001205
884.000000	23.939000	222.937849	0.001449
885.000000	23.948999	223.123789	0.001913
886.000000	23.959000	223.309825	0.001303
887.000000	23.969000	223.495937	0.001693
888.000000	23.979000	223.682128	0.001400
889.000000	23.988999	223.868378	0.002011
890.000000	23.999000	224.054723	0.001718
891.000000	24.009000	224.241146	0.001693
892.000000	24.019000	224.427646	0.001864
893.000000	24.028999	224.614206	0.001596
894.000000	24.039000	224.800862	0.001498
895.000000	24.049000	224.987595	0.001352
896.000000	24.059000	225.174405	0.001400
897.000000	24.069000	225.361293	0.001693
898.000000	24.079000	225.548241	0.001449
899.000000	24.089000	225.735284	0.001791
900.000000	24.099000	225.922404	0.001400
901.000000	24.109000	226.109602	0.001449
902.000000	24.119000	226.296860	0.001449
903.000000	24.129000	226.484213	0.001522
904.000000	24.139000	226.671644	0.001400
905.000000	24.149000	226.859152	0.001083
906.000000	24.158999	227.046720	0.001596
907.000000	24.169000	227.234383	0.001278
908.000000	24.179000	227.422124	0.000619
909.000000	24.189000	227.609942	0.000521
910.000000	24.198999	227.797820	0.000595
911.000000	24.209000	227.985793	0.001645
912.000000	24.219000	228.173844	0.001327
913.000000	24.229000	228.361972	0.001254
914.000000	24.238999	228.550160	0.001645
915.000000	24.249000	228.738444	0.002084
916.000000	24.259000	228.926804	0.001962
917.000000	24.269000	229.115243	0.001815
918.000000	24.278999	229.303741	0.001767
919.000000	24.289000	229.492334	0.001498
920.000000	24.299000	229.681005	0.001571
921.000000	24.309000	229.869754	0.001718
922.000000	24.319000	230.058580	0.001522
923.000000	24.329000	230.247465	0.001718
924.000000	24.339000	230.436446	0.001986
925.000000	24.349000	230.625505	0.001937
926.000000	24.359000	230.814641	0.001620
927.000000	24.369000	231.003837	0.001205
928.000000	24.379000	231.193128	0.001767
929.000000	24.389000	231.382496	0.001254
930.000000	24.399000	231.571943	0.001571
931.000000	24.408999	231.761448	0.001913
932.000000	24.419000	231.951049	0.001425
933.000000	24.429000	232.140728	0.001742
934.000000	24.439000	232.330485	0.001742
935.000000	24.448999	232.520300	0.001718
936.000000	24.459000	232.710212	0.001718
937.000000	24.469000	232.900200	0.001449
938.000000	24.479000	233.090267	0.001522
939.000000	24.488999	233.280393	0.001718
940.000000	24.499000	233.470614	0.001498
941.000000	24.509000	233.660913	0.001107
942.000000	24.519000	233.851289	0.001742
943.000000	24.528999	234.041725	0.001937
944.000000	24.539000	234.232257	0.001571
945.000000	24.549000	234.422866	0.001498
946.000000	24.559000	234.613552	0.001571
947.000000	24.568999	234.804298	0.001791
948.000000	24.579000	234.995140	0.001278
949.000000	24.589000	235.186059	0.001547
950.000000	24.599000	235.377055	0.001083
951.000000	24.609000	235.568130	0.001571
952.000000	24.619000	235.759263	0.001278
953.000000	24.629000	235.950492	0.001376
954.000000	24.639000	236.141799	0.001620
955.000000	24.649000	236.333183	0.001620
956.000000	24.658999	236.524627	0.001400
957.000000	24.669000	236.716166	0.001962
958.000000	24.679000	236.907783	0.001620
959.000000	24.689000	237.099477	0.001596
960.000000	24.698999	237.291231	0.001449
961.000000	24.709000	237.483080	0.001229
962.000000	24.719000	237.675007	0.001498
963.000000	24.729000	237.867011	0.001400
964.000000	24.738999	238.059075	0.001718
965.000000	24.749000	238.251234	0.001156
966.000000	24.759000	238.443471	0.001522
967.000000	24.769000	238.635786	0.001449
968.000000	24.778999	238.828159	0.001693
969.000000	24.789000	239.020629	0.001376
970.000000	24.799000	239.213176	0.001718
971.000000	24.809000	239.405801	0.001620
972.000000	24.818999	239.598484	0.001864
973.000000	24.829000	239.791264	0.001791
974.000000	24.839000	239.984121	0.001913
975.000000	24.849000	240.177056	0.001400
976.000000	24.859000	240.370068	0.001718
977.000000	24.869000	240.563139	0.001474
978.000000	24.879000	240.756307	0.001352
979.000000	24.889000	240.949551	0.001474
980.000000	24.899000	241.142874	0.001889
981.000000	24.908999	241.336255	0.001693
982.000000	24.919000	241.529732	0.001718
983.000000	24.929000	241.723287	0.001474
984.000000	24.939000	241.916920	0.001547
985.000000	24.948999	242.110611	0.001620
986.000000	24.959000	242.304398	0.001718
987.000000	24.969000	242.498263	0.001547
988.000000	24.979000	242.692206	0.001571
989.000000	24.988999	242.886207	0.001742
990.000000	24.999000	243.080305	0.001620
991.000000	25.009000	243.274480	0.001303
992.000000	25.019000	243.468732	0.001596
993.000000	25.028999	243.663044	0.001083
994.000000	25.039000	243.857451	0.001327
995.000000	25.049000	244.051937	0.001425
996.000000	25.059000	244.246499	0.001449
997.000000	25.068999	244.441121	0.001376
998.000000	25.079000	244.635838	0.001327
999.000000	25.089000	244.830634	0.001498
