0.000000	15.299000	91.241724	0.004159
1.000000	15.309000	91.360700	0.004257
2.000000	15.319000	91.479754	0.004135
3.000000	15.329000	91.598885	0.004208
4.000000	15.339000	91.718094	0.004232
5.000000	15.349000	91.837380	0.004232
6.000000	15.359000	91.956744	0.004281
7.000000	15.369000	92.076185	0.003964
8.000000	15.379000	92.195704	0.004135
9.000000	15.389000	92.315300	0.004184
10.000000	15.399000	92.434974	0.004061
11.000000	15.409000	92.554726	0.004159
12.000000	15.419000	92.674555	0.004306
13.000000	15.429000	92.794461	0.003964
14.000000	15.439000	92.914445	0.003720
15.000000	15.449000	93.034506	0.002645
16.000000	15.459000	93.154645	0.002890
17.000000	15.469000	93.274862	0.002719
18.000000	15.479000	93.395156	0.003451
19.000000	15.489000	93.515528	0.004135
20.000000	15.499000	93.635976	0.004281
21.000000	15.509000	93.756503	0.003964
22.000000	15.519000	93.877107	0.003329
23.000000	15.529000	93.997789	0.001596
24.000000	15.539000	94.118548	0.000888
25.000000	15.549000	94.239385	0.001986
26.000000	15.559000	94.360299	0.002890
27.000000	15.569000	94.481290	0.003695
28.000000	15.579000	94.602360	0.004159
29.000000	15.589000	94.723507	0.003939
30.000000	15.599000	94.844731	0.003646
31.000000	15.609000	94.966033	0.003891
32.000000	15.619000	95.087412	0.003695
33.000000	15.629000	95.208869	0.003500
34.000000	15.639000	95.330403	0.003744
35.000000	15.649000	95.452015	0.004208
36.000000	15.659000	95.573704	0.004257
37.000000	15.669000	95.695472	0.003939
38.000000	15.679000	95.817316	0.003964
39.000000	15.689000	95.939238	0.003769
40.000000	15.699000	96.061237	0.003744
41.000000	15.709000	96.183314	0.004061
42.000000	15.719000	96.305469	0.003988
43.000000	15.729000	96.427701	0.004061
44.000000	15.739000	96.550010	0.003915
45.000000	15.749000	96.672397	0.003842
46.000000	15.759000	96.794862	0.003939
47.000000	15.769000	96.917404	0.004013
48.000000	15.779000	97.040024	0.003964
49.000000	15.789000	97.162721	0.003842
50.000000	15.799000	97.285496	0.003939
51.000000	15.809000	97.408348	0.004135
52.000000	15.819000	97.531277	0.003769
53.000000	15.829000	97.654284	0.003964
54.000000	15.839000	97.777369	0.003842
55.000000	15.849000	97.900532	0.003744
56.000000	15.859000	98.023772	0.003744
57.000000	15.869000	98.147089	0.003720
58.000000	15.879000	98.270484	0.003915
59.000000	15.889000	98.393956	0.003769
60.000000	15.899000	98.517506	0.003939
61.000000	15.909000	98.641134	0.004013
62.000000	15.919000	98.764838	0.003744
63.000000	15.929000	98.888621	0.003891
64.000000	15.939000	99.012481	0.003866
65.000000	15.949000	99.136418	0.003671
66.000000	15.959000	99.260433	0.003964
67.000000	15.969000	99.384525	0.003866
68.000000	15.979000	99.508696	0.003793
69.000000	15.989000	99.632943	0.003720
70.000000	15.999000	99.757268	0.003598
71.000000	16.009000	99.881671	0.003646
72.000000	16.019000	100.006151	0.003793
73.000000	16.029000	100.130708	0.003695
74.000000	16.039000	100.255344	0.004013
75.000000	16.049000	100.380057	0.003646
76.000000	16.059000	100.504847	0.003769
77.000000	16.069000	100.629714	0.003793
78.000000	16.079000	100.754659	0.003500
79.000000	16.089000	100.879682	0.003183
80.000000	16.099000	101.004782	0.002938
81.000000	16.109000	101.129961	0.003622
82.000000	16.119000	101.255216	0.002768
83.000000	16.129000	101.380548	0.003036
84.000000	16.139000	101.505959	0.003598
85.000000	16.149000	101.631446	0.002572
86.000000	16.159000	101.757012	0.002279
87.000000	16.169000	101.882655	0.001059
88.000000	16.179000	102.008376	0.000863
89.000000	16.189000	102.134173	-0.000040
90.000000	16.199000	102.260049	0.000741
91.000000	16.209000	102.386002	-0.000309
92.000000	16.219000	102.512032	0.000106
93.000000	16.229000	102.638141	0.002670
94.000000	16.239000	102.764326	0.002304
95.000000	16.249000	102.890589	0.002548
96.000000	16.259000	103.016930	0.002816
97.000000	16.269000	103.143348	0.003280
98.000000	16.279000	103.269843	0.003451
99.000000	16.289000	103.396416	0.003378
100.000000	16.299000	103.523067	0.003500
101.000000	16.309000	103.649795	0.003598
102.000000	16.319000	103.776601	0.003451
103.000000	16.329000	103.903484	0.003549
104.000000	16.339000	104.030445	0.003671
105.000000	16.349000	104.157483	0.003671
106.000000	16.359000	104.284599	0.003671
107.000000	16.369000	104.411792	0.003695
108.000000	16.379000	104.539063	0.003500
109.000000	16.389000	104.666412	0.003500
110.000000	16.399000	104.793838	0.003158
111.000000	16.409000	104.921341	0.003305
112.000000	16.419000	105.048922	0.003305
113.000000	16.429000	105.176580	0.003183
114.000000	16.439000	105.304316	0.003524
115.000000	16.449000	105.432130	0.003207
116.000000	16.459000	105.560020	0.003549
117.000000	16.469000	105.687989	0.003305
118.000000	16.479000	105.816035	0.003451
119.000000	16.489000	105.944158	0.003402
120.000000	16.499000	106.072359	0.003256
121.000000	16.509000	106.200638	0.003354
122.000000	16.519000	106.328995	0.003476
123.000000	16.529000	106.457429	0.003451
124.000000	16.539000	106.585940	0.003427
125.000000	16.549000	106.714528	0.003354
126.000000	16.559000	106.843194	0.002670
127.000000	16.569000	106.971938	0.001571
128.000000	16.579000	107.100759	0.001327
129.000000	16.589000	107.229658	0.001620
130.000000	16.599000	107.358634	0.002719
131.000000	16.609000	107.487687	0.002841
132.000000	16.619000	107.616819	0.003549
133.000000	16.629000	107.746027	0.002426
134.000000	16.639000	107.875314	0.000863
135.000000	16.649000	108.004679	0.000155
136.000000	16.659000	108.134120	0.000033
137.000000	16.669000	108.263639	-0.000260
138.000000	16.679000	108.393235	0.001400
139.000000	16.689000	108.522909	0.002621
140.000000	16.699000	108.652660	0.002816
141.000000	16.709000	108.782489	0.002792
142.000000	16.719000	108.912396	0.002743
143.000000	16.729000	109.042380	0.002206
144.000000	16.739000	109.172441	0.002719
145.000000	16.749000	109.302580	0.002987
146.000000	16.759000	109.432796	0.003207
147.000000	16.769000	109.563090	0.002816
148.000000	16.779000	109.693464	0.002938
149.000000	16.789000	109.823913	0.002768
150.000000	16.799000	109.954439	0.002621
151.000000	16.809000	110.085043	0.002328
152.000000	16.819000	110.215725	0.002792
153.000000	16.829000	110.346484	0.002670
154.000000	16.839000	110.477320	0.002719
155.000000	16.849000	110.608235	0.003329
156.000000	16.859000	110.739226	0.003061
157.000000	16.869000	110.870295	0.003061
158.000000	16.879000	111.001442	0.003036
159.000000	16.889000	111.132666	0.002938
160.000000	16.899000	111.263968	0.003036
161.000000	16.909000	111.395349	0.003109
162.000000	16.919000	111.526806	0.003207
163.000000	16.929000	111.658340	0.003280
164.000000	16.939000	111.789952	0.003207
165.000000	16.949000	111.921641	0.003109
166.000000	16.959000	112.053408	0.003158
167.000000	16.969000	112.185253	0.002938
168.000000	16.979000	112.317174	0.002841
169.000000	16.989000	112.449174	0.003280
170.000000	16.999000	112.581251	0.002938
171.000000	17.009000	112.713405	0.003061
172.000000	17.019000	112.845637	0.003378
173.000000	17.029000	112.977948	0.003158
174.000000	17.039000	113.110335	0.003012
175.000000	17.049000	113.242800	0.002914
176.000000	17.059000	113.375342	0.002890
177.000000	17.069000	113.507962	0.002768
178.000000	17.079000	113.640659	0.003280
179.000000	17.089000	113.773433	0.003109
180.000000	17.099000	113.906285	0.003134
181.000000	17.109000	114.039215	0.003256
182.000000	17.119000	114.172222	0.003158
183.000000	17.129000	114.305307	0.003061
184.000000	17.139000	114.438469	0.003036
185.000000	17.149000	114.571709	0.002572
186.000000	17.159000	114.705028	0.002670
187.000000	17.169000	114.838423	0.002890
188.000000	17.179000	114.971895	0.002865
189.000000	17.189000	115.105445	0.002645
190.000000	17.199000	115.239072	0.002890
191.000000	17.209000	115.372777	0.002279
192.000000	17.219000	115.506559	0.002182
193.000000	17.229000	115.640419	0.002279
194.000000	17.239000	115.774357	0.002572
195.000000	17.249000	115.908372	0.001889
196.000000	17.259000	116.042464	0.000912
197.000000	17.269000	116.176634	0.000937
198.000000	17.279000	116.310882	0.001864
199.000000	17.289000	116.445208	0.002035
200.000000	17.299000	116.579611	0.002694
201.000000	17.309000	116.714091	0.002743
202.000000	17.319000	116.848648	0.002548
203.000000	17.329000	116.983283	0.002645
204.000000	17.339000	117.117996	0.002670
205.000000	17.349000	117.252786	0.002279
206.000000	17.359000	117.387654	0.002597
207.000000	17.369000	117.522599	0.002548
208.000000	17.379000	117.657622	0.002597
209.000000	17.389000	117.792722	0.002841
210.000000	17.399000	117.927900	0.002523
211.000000	17.409000	118.063155	0.002719
212.000000	17.419000	118.198488	0.002597
213.000000	17.429000	118.333898	0.002426
214.000000	17.439000	118.469386	0.002499
215.000000	17.449000	118.604951	0.002475
216.000000	17.459000	118.740594	0.002401
217.000000	17.469000	118.876314	0.002572
218.000000	17.479000	119.012116	0.002694
219.000000	17.489000	119.147991	0.002255
220.000000	17.499000	119.283944	0.002328
221.000000	17.509000	119.419974	0.002426
222.000000	17.519000	119.556082	0.002768
223.000000	17.529000	119.692268	0.002499
224.000000	17.539000	119.828531	0.002597
225.000000	17.549000	119.964872	0.002377
226.000000	17.559000	120.101290	0.002475
227.000000	17.569000	120.237785	0.002230
228.000000	17.579000	120.374358	0.002816
229.000000	17.589000	120.511009	0.002572
230.000000	17.599000	120.647737	0.002523
231.000000	17.609000	120.784543	0.002304
232.000000	17.619000	120.921426	0.002255
233.000000	17.629000	121.058387	0.002035
234.000000	17.639000	121.195425	0.002621
235.000000	17.649000	121.332541	0.002108
236.000000	17.659000	121.469734	0.002523
237.000000	17.669000	121.607005	0.002230
238.000000	17.679000	121.744353	0.002230
239.000000	17.689000	121.881779	0.001596
240.000000	17.699000	122.019282	0.000985
241.000000	17.709000	122.156863	0.000717
242.000000	17.719000	122.294521	0.001010
243.000000	17.729000	122.432257	0.002108
244.000000	17.739000	122.570074	0.002328
245.000000	17.749000	122.707965	0.002475
246.000000	17.759000	122.845933	0.002304
247.000000	17.769000	122.983979	0.002401
248.000000	17.779000	123.122103	0.002426
249.000000	17.789000	123.260304	0.002230
250.000000	17.799000	123.398582	0.002255
251.000000	17.809000	123.536938	0.002182
252.000000	17.819000	123.675372	0.002645
253.000000	17.829000	123.813883	0.002206
254.000000	17.839000	123.952472	0.001449
255.000000	17.849000	124.091138	0.001400
256.000000	17.859000	124.229881	0.001840
257.000000	17.869000	124.368703	0.002499
258.000000	17.879000	124.507601	0.002645
259.000000	17.889000	124.646578	0.002377
260.000000	17.899000	124.785631	0.002670
261.000000	17.909000	124.924763	0.002353
262.000000	17.919000	125.063971	0.002255
263.000000	17.929000	125.203258	0.002328
264.000000	17.939000	125.342621	0.002230
265.000000	17.949000	125.482063	0.002475
266.000000	17.959000	125.621582	0.002523
267.000000	17.969000	125.761178	0.001571
268.000000	17.979000	125.900852	0.001303
269.000000	17.989000	126.040607	0.001669
270.000000	17.999000	126.180436	0.001522
271.000000	18.009000	126.320342	0.002011
272.000000	18.019000	126.460326	0.001571
273.000000	18.029000	126.600388	0.001181
274.000000	18.039000	126.740527	0.000351
275.000000	18.049000	126.880743	-0.002799
276.000000	18.059000	127.021037	-0.005045
277.000000	18.069000	127.161409	-0.004947
278.000000	18.079000	127.301858	-0.002237
279.000000	18.089000	127.442384	-0.002384
280.000000	18.099000	127.582989	-0.006534
281.000000	18.109000	127.723670	-0.025772
282.000000	18.119000	127.864429	-0.068424
283.000000	18.129000	128.005266	-0.114762
284.000000	18.139000	128.146180	-0.123185
285.000000	18.149000	128.287172	-0.092667
286.000000	18.159000	128.428241	-0.048063
287.000000	18.169000	128.569388	-0.015616
288.000000	18.179000	128.710612	-0.007145
289.000000	18.189000	128.851914	-0.007486
290.000000	18.199000	128.993294	-0.011710
291.000000	18.209000	129.134750	-0.011466
292.000000	18.219000	129.276285	-0.009147
293.000000	18.229000	129.417897	-0.003971
294.000000	18.239000	129.559586	-0.000943
295.000000	18.249000	129.701356	0.001059
296.000000	18.259000	129.843201	0.000546
297.000000	18.269000	129.985123	0.001107
298.000000	18.279000	130.127122	0.000912
299.000000	18.289000	130.269199	0.000985
300.000000	18.299000	130.411354	0.001474
301.000000	18.309000	130.553586	0.002011
302.000000	18.319000	130.695895	0.001449
303.000000	18.329000	130.838283	0.001425
304.000000	18.339000	130.980747	0.001547
305.000000	18.349000	131.123289	0.001669
306.000000	18.359000	131.265909	0.001791
307.000000	18.369000	131.408606	0.001962
308.000000	18.379000	131.551381	0.001669
309.000000	18.389000	131.694233	0.001498
310.000000	18.399000	131.837163	0.001522
311.000000	18.409000	131.980170	0.001107
312.000000	18.419000	132.123255	0.001474
313.000000	18.429000	132.266417	0.001181
314.000000	18.439000	132.409657	0.001669
315.000000	18.449000	132.552974	0.001913
316.000000	18.459000	132.696369	0.001840
317.000000	18.469000	132.839841	0.001718
318.000000	18.479000	132.983391	0.001791
319.000000	18.489000	133.127019	0.001767
320.000000	18.499000	133.270724	0.001767
321.000000	18.509000	133.414510	0.002206
322.000000	18.519000	133.558370	0.001791
323.000000	18.529000	133.702307	0.001742
324.000000	18.539000	133.846322	0.001864
325.000000	18.549000	133.990415	0.001522
326.000000	18.559000	134.134585	0.001229
327.000000	18.569000	134.278832	0.001693
328.000000	18.579000	134.423157	0.001181
329.000000	18.589000	134.567560	0.001547
330.000000	18.599000	134.712040	0.001596
331.000000	18.609000	134.856598	0.001156
332.000000	18.619000	135.001233	-0.000016
333.000000	18.629000	135.145946	0.000863
334.000000	18.639000	135.290736	0.000619
335.000000	18.649000	135.435604	0.001229
336.000000	18.659000	135.580549	0.001400
337.000000	18.669000	135.725572	0.001352
338.000000	18.679000	135.870672	0.001449
339.000000	18.689000	136.015850	0.000912
340.000000	18.699000	136.161105	0.000546
341.000000	18.709000	136.306438	0.001254
342.000000	18.719000	136.451848	0.001449
343.000000	18.729000	136.597336	0.001571
344.000000	18.739000	136.742901	0.001767
345.000000	18.749000	136.888544	0.001571
346.000000	18.759000	137.034268	0.002035
347.000000	18.769000	137.180066	0.001742
348.000000	18.779000	137.325942	0.002108
349.000000	18.789000	137.471895	0.001913
350.000000	18.799000	137.617925	0.001718
351.000000	18.809000	137.764033	0.001718
352.000000	18.819000	137.910219	0.001718
353.000000	18.829000	138.056482	0.001132
354.000000	18.839000	138.202823	0.001425
355.000000	18.849000	138.349241	0.001986
356.000000	18.859000	138.495736	0.001986
357.000000	18.869000	138.642310	0.001400
358.000000	18.879000	138.788960	0.001522
359.000000	18.889000	138.935688	0.001840
360.000000	18.899000	139.082494	0.001083
361.000000	18.909000	139.229377	0.001742
362.000000	18.919000	139.376338	0.001620
363.000000	18.929000	139.523377	0.001815
364.000000	18.939000	139.670492	0.001937
365.000000	18.949000	139.817686	0.002011
366.000000	18.959000	139.964957	0.001669
367.000000	18.969000	140.112305	0.001254
368.000000	18.979000	140.259731	0.001791
369.000000	18.989000	140.407234	0.001645
370.000000	18.999000	140.554815	0.001767
371.000000	19.009000	140.702474	0.001400
372.000000	19.019000	140.850213	0.001864
373.000000	19.029000	140.998027	0.001352
374.000000	19.039000	141.145918	0.000302
375.000000	19.049000	141.293886	0.000619
376.000000	19.059000	141.441932	0.001034
377.000000	19.069000	141.590056	0.001034
378.000000	19.079000	141.738257	0.001107
379.000000	19.089000	141.886535	0.000106
380.000000	19.099000	142.034891	-0.001676
381.000000	19.109000	142.183325	-0.002066
382.000000	19.119000	142.331836	-0.000235
383.000000	19.129000	142.480425	-0.000113
384.000000	19.139000	142.629091	0.001083
385.000000	19.149000	142.777835	0.001449
386.000000	19.159000	142.926656	0.001303
387.000000	19.169000	143.075555	0.000814
388.000000	19.179000	143.224531	0.001400
389.000000	19.189000	143.373585	0.001547
390.000000	19.199000	143.522716	0.001278
391.000000	19.209000	143.671925	0.001522
392.000000	19.219000	143.821212	0.001425
393.000000	19.229000	143.970575	0.001376
394.000000	19.239000	144.120017	0.001474
395.000000	19.249000	144.269536	0.001400
396.000000	19.259000	144.419132	0.001474
397.000000	19.269000	144.568810	0.001742
398.000000	19.279000	144.718561	0.001718
399.000000	19.289000	144.868390	0.001474
400.000000	19.299000	145.018297	0.001059
401.000000	19.309000	145.168277	0.001254
402.000000	19.319000	145.318342	0.001669
403.000000	19.329000	145.468478	0.001498
404.000000	19.339000	145.618698	0.001522
405.000000	19.349000	145.768989	0.001522
406.000000	19.359000	145.919364	0.001254
407.000000	19.369000	146.069809	0.001352
408.000000	19.379000	146.220340	0.001547
409.000000	19.389000	146.370940	0.001693
410.000000	19.399000	146.521626	0.001474
411.000000	19.409000	146.672388	0.001547
412.000000	19.419000	146.823222	0.001449
413.000000	19.429000	146.974140	0.001498
414.000000	19.439000	147.125128	0.001376
415.000000	19.449000	147.276201	0.001571
416.000000	19.459000	147.427344	0.001669
417.000000	19.469000	147.578572	0.001498
418.000000	19.479000	147.729870	0.001596
419.000000	19.489000	147.881253	0.001132
420.000000	19.499000	148.032706	0.001400
421.000000	19.509000	148.184245	0.001352
422.000000	19.519000	148.335853	0.001278
423.000000	19.529000	148.487546	0.001645
424.000000	19.539000	148.639309	0.000937
425.000000	19.549000	148.791157	0.001132
426.000000	19.559000	148.943076	0.001645
427.000000	19.569000	149.095079	0.001352
428.000000	19.579000	149.247153	0.001352
429.000000	19.589000	149.399311	0.001449
430.000000	19.599000	149.551539	0.001156
431.000000	19.609000	149.703853	0.000619
432.000000	19.619000	149.856236	0.000814
433.000000	19.629000	150.008704	0.000326
434.000000	19.639000	150.161243	0.000497
435.000000	19.649000	150.313866	0.000546
436.000000	19.659000	150.466567	0.000692
437.000000	19.669000	150.619338	0.001254
438.000000	19.679000	150.772194	0.000961
439.000000	19.689000	150.925120	0.000937
440.000000	19.699000	151.078131	0.000717
441.000000	19.709000	151.231213	0.000570
442.000000	19.719000	151.384379	0.000863
443.000000	19.729000	151.537615	0.000521
444.000000	19.739000	151.690936	0.000473
445.000000	19.749000	151.844327	-0.000309
446.000000	19.759000	151.997803	-0.000895
447.000000	19.769000	152.151350	-0.001407
448.000000	19.779000	152.304981	-0.000455
449.000000	19.789000	152.458682	0.000228
450.000000	19.799000	152.612468	0.000106
451.000000	19.809000	152.766325	-0.000577
452.000000	19.819000	152.920266	-0.002286
453.000000	19.829000	153.074277	-0.002457
454.000000	19.839000	153.228373	-0.002115
455.000000	19.849000	153.382540	-0.003043
456.000000	19.859000	153.536791	-0.002628
457.000000	19.869000	153.691113	-0.004996
458.000000	19.879000	153.845519	-0.009171
459.000000	19.889000	153.999996	-0.013370
460.000000	19.899000	154.154557	-0.015934
461.000000	19.909000	154.309196	-0.010392
462.000000	19.919000	154.463905	-0.006070
463.000000	19.929000	154.618699	-0.003873
464.000000	19.939000	154.773563	-0.001896
465.000000	19.949000	154.928512	-0.001358
466.000000	19.959000	155.083531	-0.000943
467.000000	19.969000	155.238635	-0.001139
468.000000	19.979000	155.393809	-0.000235
469.000000	19.989000	155.549069	0.000302
470.000000	19.999000	155.704398	0.000106
471.000000	20.009000	155.859812	-0.000260
472.000000	20.019000	156.015296	0.000692
473.000000	20.029000	156.170865	-0.000284
474.000000	20.039000	156.326505	0.000521
475.000000	20.049000	156.482229	0.000326
476.000000	20.059000	156.638023	0.000863
477.000000	20.069000	156.793902	0.000961
478.000000	20.079000	156.949852	0.001181
479.000000	20.089000	157.105886	0.000766
480.000000	20.099000	157.261991	0.000717
481.000000	20.109000	157.418180	0.000790
482.000000	20.119000	157.574439	0.001107
483.000000	20.129000	157.730784	0.001278
484.000000	20.139000	157.887198	0.000839
485.000000	20.149000	158.043698	0.000766
486.000000	20.159000	158.200267	0.000888
487.000000	20.169000	158.356922	0.000448
488.000000	20.179000	158.513654	0.000521
489.000000	20.189000	158.670456	0.001059
490.000000	20.199000	158.827343	0.000644
491.000000	20.209000	158.984300	0.000717
492.000000	20.219000	159.141342	0.000961
493.000000	20.229000	159.298454	0.000985
494.000000	20.239000	159.455651	0.000985
495.000000	20.249000	159.612918	0.001083
496.000000	20.259000	159.770271	0.000937
497.000000	20.269000	159.927693	0.000790
498.000000	20.279000	160.085200	0.001107
499.000000	20.289000	160.242777	0.001059
500.000000	20.299000	160.400440	0.001034
501.000000	20.309000	160.558172	0.000937
502.000000	20.319000	160.715989	0.001010
503.000000	20.329000	160.873876	0.000985
504.000000	20.339000	161.031849	0.001010
505.000000	20.349000	161.189891	0.000985
506.000000	20.359000	161.348019	0.001156
507.000000	20.369000	161.506216	0.001083
508.000000	20.379000	161.664498	0.001254
509.000000	20.389000	161.822851	0.000961
510.000000	20.399000	161.981288	0.000937
511.000000	20.409000	162.139796	0.000473
512.000000	20.419000	162.298388	0.000839
513.000000	20.429000	162.457058	0.000937
514.000000	20.439000	162.615798	0.001059
515.000000	20.449000	162.774623	0.001156
516.000000	20.459000	162.933519	0.001010
517.000000	20.469000	163.092499	0.000937
518.000000	20.479000	163.251549	0.000766
519.000000	20.489000	163.410684	0.000961
520.000000	20.499000	163.569889	0.000814
521.000000	20.509000	163.729179	0.000546
522.000000	20.519000	163.888539	0.000668
523.000000	20.529000	164.047985	0.000741
524.000000	20.539000	164.207500	0.000473
525.000000	20.549000	164.367100	0.000204
526.000000	20.559000	164.526770	0.000717
527.000000	20.569000	164.686526	0.000644
528.000000	20.579000	164.846351	0.000692
529.000000	20.589000	165.006261	0.001083
530.000000	20.599000	165.166242	0.000888
531.000000	20.609000	165.326307	0.000619
532.000000	20.619000	165.486443	0.001059
533.000000	20.629000	165.646663	0.000717
534.000000	20.639000	165.806953	0.000814
535.000000	20.649000	165.967329	-0.000040
536.000000	20.659000	166.127774	0.000424
537.000000	20.669000	166.288305	0.000692
538.000000	20.679000	166.448913	0.000839
539.000000	20.689000	166.609591	0.000717
540.000000	20.699000	166.770354	0.000912
541.000000	20.709000	166.931187	0.000180
542.000000	20.719000	167.092105	0.000399
543.000000	20.729000	167.253093	0.000644
544.000000	20.739000	167.414167	0.000790
545.000000	20.749000	167.575310	0.000180
546.000000	20.759000	167.736538	0.000399
547.000000	20.769000	167.897836	0.000180
548.000000	20.779000	168.059219	0.000131
549.000000	20.789000	168.220672	-0.000333
550.000000	20.799000	168.382211	0.000106
551.000000	20.809000	168.543819	-0.000333
552.000000	20.819000	168.705512	-0.000675
553.000000	20.829000	168.867276	-0.000577
554.000000	20.839000	169.029124	-0.001163
555.000000	20.849000	169.191042	-0.000675
556.000000	20.859000	169.353046	-0.000357
557.000000	20.869000	169.515119	-0.000089
558.000000	20.879000	169.677278	0.000082
559.000000	20.889000	169.839506	-0.000626
560.000000	20.899000	170.001820	-0.001114
561.000000	20.909000	170.164203	-0.000748
562.000000	20.919000	170.326672	0.000277
563.000000	20.929000	170.489210	-0.000382
564.000000	20.939000	170.651834	0.000424
565.000000	20.949000	170.814535	0.000717
566.000000	20.959000	170.977306	0.000595
567.000000	20.969000	171.140162	0.000619
568.000000	20.979000	171.303088	0.000473
569.000000	20.989000	171.466099	0.000546
570.000000	20.999000	171.629180	0.000863
571.000000	21.009000	171.792347	0.000863
572.000000	21.019000	171.955583	0.000888
573.000000	21.029000	172.118904	0.000619
574.000000	21.039000	172.282295	0.000937
575.000000	21.049000	172.445771	0.000546
576.000000	21.059000	172.609318	0.000570
577.000000	21.069000	172.772949	0.000473
578.000000	21.079000	172.936650	0.000521
579.000000	21.089000	173.100437	0.000473
580.000000	21.099000	173.264293	0.000351
581.000000	21.109000	173.428234	0.000961
582.000000	21.119000	173.592246	0.000204
583.000000	21.129000	173.756342	0.000399
584.000000	21.139000	173.920509	0.000399
585.000000	21.149000	174.084760	0.000277
586.000000	21.159000	174.249081	0.000448
587.000000	21.169000	174.413488	0.000424
588.000000	21.179000	174.577965	0.000814
589.000000	21.189000	174.742526	0.000253
590.000000	21.199000	174.907165	0.000351
591.000000	21.209000	175.071874	0.000644
592.000000	21.219000	175.236669	0.000424
593.000000	21.229000	175.401533	0.000497
594.000000	21.239000	175.566482	0.000839
595.000000	21.249000	175.731501	0.000937
596.000000	21.259000	175.896605	0.000668
597.000000	21.269000	176.061779	0.000497
598.000000	21.279000	176.227039	0.000888
599.000000	21.289000	176.392368	0.000570
600.000000	21.299000	176.557782	0.000155
601.000000	21.309000	176.723266	0.000424
602.000000	21.319000	176.888836	0.000521
603.000000	21.329000	177.054475	0.000473
604.000000	21.339000	177.220199	0.000741
605.000000	21.349000	177.385994	0.000448
606.000000	21.359000	177.551873	0.000521
607.000000	21.369000	177.717822	0.000277
608.000000	21.379000	177.883857	0.000375
609.000000	21.389000	178.049961	0.000253
610.000000	21.399000	178.216151	0.000326
611.000000	21.409000	178.382410	-0.000064
612.000000	21.419000	178.548755	0.000375
613.000000	21.429000	178.715169	0.000644
614.000000	21.439000	178.881669	0.000424
615.000000	21.449000	179.048246	0.000473
616.000000	21.459000	179.214893	0.000570
617.000000	21.469000	179.381625	0.000375
618.000000	21.479000	179.548427	0.000155
619.000000	21.489000	179.715315	0.000131
620.000000	21.499000	179.882271	0.000595
621.000000	21.509000	180.049314	0.000326
622.000000	21.519000	180.216426	0.000473
623.000000	21.529000	180.383623	0.000228
624.000000	21.539000	180.550890	0.000302
625.000000	21.549000	180.718243	0.000326
626.000000	21.559000	180.885665	0.000595
627.000000	21.569000	181.053172	0.000302
628.000000	21.579000	181.220749	0.000790
629.000000	21.589000	181.388412	0.000375
630.000000	21.599000	181.556144	0.000009
631.000000	21.609000	181.723962	0.000473
632.000000	21.619000	181.891849	0.000155
633.000000	21.629000	182.059821	0.000375
634.000000	21.639000	182.227864	0.000351
635.000000	21.649000	182.395991	0.000277
636.000000	21.659000	182.564189	0.000668
637.000000	21.669000	182.732471	0.000741
638.000000	21.679000	182.900824	0.000375
639.000000	21.689000	183.069261	0.000155
640.000000	21.699000	183.237769	0.000424
641.000000	21.709000	183.406362	0.000277
642.000000	21.719000	183.575032	0.000497
643.000000	21.729000	183.743772	0.000033
644.000000	21.739000	183.912597	-0.000064
645.000000	21.749000	184.081492	0.000106
646.000000	21.759000	184.250472	0.000277
647.000000	21.769000	184.419522	-0.000187
648.000000	21.779000	184.588658	-0.000040
649.000000	21.789000	184.757863	0.000351
650.000000	21.799000	184.927153	0.000277
651.000000	21.809000	185.096513	0.000302
652.000000	21.819000	185.265959	0.000326
653.000000	21.829000	185.435474	-0.000797
654.000000	21.839000	185.605075	-0.000431
655.000000	21.849000	185.774745	-0.002579
656.000000	21.859000	185.944500	-0.003507
657.000000	21.869000	186.114325	-0.003165
658.000000	21.879000	186.284236	-0.002726
659.000000	21.889000	186.454216	-0.001627
660.000000	21.899000	186.624282	-0.000748
661.000000	21.909000	186.794417	-0.000772
662.000000	21.919000	186.964638	-0.000309
663.000000	21.929000	187.134928	-0.000870
664.000000	21.939000	187.305304	-0.000187
665.000000	21.949000	187.475749	0.000131
666.000000	21.959000	187.646280	0.000399
667.000000	21.969000	187.816889	-0.000040
668.000000	21.979000	187.987566	0.000204
669.000000	21.989000	188.158330	0.000082
670.000000	21.999000	188.329163	0.000204
671.000000	22.009000	188.500081	-0.000162
672.000000	22.019000	188.671069	0.000009
673.000000	22.029000	188.842142	0.000009
674.000000	22.039000	189.013285	0.000326
675.000000	22.049000	189.184514	0.000277
676.000000	22.059000	189.355812	0.000521
677.000000	22.069000	189.527196	0.000131
678.000000	22.079000	189.698648	-0.000064
679.000000	22.089000	189.870187	-0.000284
680.000000	22.099000	190.041795	-0.000626
681.000000	22.109000	190.213489	0.000009
682.000000	22.119000	190.385252	-0.000187
683.000000	22.129000	190.557101	-0.000309
684.000000	22.139000	190.729019	-0.000187
685.000000	22.149000	190.901023	-0.000553
686.000000	22.159000	191.073096	-0.000895
687.000000	22.169000	191.245255	-0.000870
688.000000	22.179000	191.417483	-0.000675
689.000000	22.189000	191.589797	-0.001017
690.000000	22.199000	191.762180	-0.000138
691.000000	22.209000	191.934649	-0.000333
692.000000	22.219000	192.107195	-0.000064
693.000000	22.229000	192.279811	-0.000406
694.000000	22.239000	192.452512	0.000570
695.000000	22.249000	192.625283	-0.000455
696.000000	22.259000	192.798140	0.000204
697.000000	22.269000	192.971065	0.000497
698.000000	22.279000	193.144077	0.000082
699.000000	22.289000	193.317158	-0.000016
700.000000	22.299000	193.490325	-0.000138
701.000000	22.309000	193.663560	-0.000235
702.000000	22.319000	193.836882	-0.000040
703.000000	22.329000	194.010273	0.000155
704.000000	22.339000	194.183750	-0.000211
705.000000	22.349000	194.357296	-0.000260
706.000000	22.359000	194.530927	0.000277
707.000000	22.369000	194.704628	0.000180
708.000000	22.379000	194.878415	0.000033
709.000000	22.389000	195.052271	-0.000138
710.000000	22.399000	195.226213	0.000204
711.000000	22.409000	195.400224	0.000033
712.000000	22.419000	195.574321	0.000155
713.000000	22.429000	195.748487	-0.000089
714.000000	22.439000	195.922739	-0.001358
715.000000	22.449000	196.097060	-0.000260
716.000000	22.459000	196.271467	-0.000138
717.000000	22.469000	196.445952	-0.000455
718.000000	22.479000	196.620505	-0.000089
719.000000	22.489000	196.795145	-0.000357
720.000000	22.499000	196.969854	-0.000064
721.000000	22.509000	197.144648	0.000180
722.000000	22.519000	197.319512	0.000155
723.000000	22.529000	197.494462	0.000253
724.000000	22.539000	197.669480	0.000033
725.000000	22.549000	197.844585	0.000228
726.000000	22.559000	198.019759	0.000082
727.000000	22.569000	198.195019	-0.000113
728.000000	22.579000	198.370348	0.000058
729.000000	22.589000	198.545762	-0.000064
730.000000	22.599000	198.721246	-0.000016
731.000000	22.609000	198.896816	0.000204
732.000000	22.619000	199.072455	0.000228
733.000000	22.629000	199.248180	-0.000016
734.000000	22.639000	199.423974	0.000399
735.000000	22.649000	199.599854	0.000106
736.000000	22.659000	199.775803	0.000155
737.000000	22.669000	199.951838	-0.000211
738.000000	22.679000	200.127942	0.000131
739.000000	22.689000	200.304132	-0.000138
740.000000	22.699000	200.480391	0.000351
741.000000	22.709000	200.656736	0.000326
742.000000	22.719000	200.833150	-0.000211
743.000000	22.729000	201.009650	-0.000162
744.000000	22.739000	201.186228	0.000033
745.000000	22.749000	201.362874	0.000058
746.000000	22.759000	201.539607	-0.000138
747.000000	22.769000	201.716409	-0.000724
748.000000	22.779000	201.893296	-0.000797
749.000000	22.789000	202.070253	-0.000943
750.000000	22.799000	202.247296	-0.000602
751.000000	22.809000	202.424407	-0.000626
752.000000	22.819000	202.601605	-0.000187
753.000000	22.829000	202.778872	-0.000089
754.000000	22.839000	202.956225	-0.000187
755.000000	22.849000	203.133647	-0.000309
756.000000	22.859000	203.311155	0.000448
757.000000	22.869000	203.488731	-0.000089
758.000000	22.879000	203.666394	0.000033
759.000000	22.889000	203.844126	-0.000284
760.000000	22.899000	204.021944	-0.000187
761.000000	22.909000	204.199831	-0.000064
762.000000	22.919000	204.377804	0.000302
763.000000	22.929000	204.555846	0.000009
764.000000	22.939000	204.733974	0.000106
765.000000	22.949000	204.912171	-0.000162
766.000000	22.959000	205.090454	0.000058
767.000000	22.969000	205.268806	-0.000162
768.000000	22.979000	205.447244	-0.000406
769.000000	22.989000	205.625760	-0.001334
770.000000	22.999000	205.804345	-0.001725
771.000000	23.009000	205.983015	-0.002457
772.000000	23.019000	206.161755	-0.002481
773.000000	23.029000	206.340581	-0.001554
774.000000	23.039000	206.519475	-0.001334
775.000000	23.049000	206.698456	-0.000895
776.000000	23.059000	206.877506	-0.000577
777.000000	23.069000	207.056642	-0.000260
778.000000	23.079000	207.235847	-0.000504
779.000000	23.089000	207.415137	-0.000235
780.000000	23.099000	207.594497	-0.000162
781.000000	23.109000	207.773943	-0.000211
782.000000	23.119000	207.953458	-0.000602
783.000000	23.129000	208.133059	-0.000357
784.000000	23.139000	208.312729	0.000082
785.000000	23.149000	208.492485	-0.000382
786.000000	23.159000	208.672310	-0.000699
787.000000	23.169000	208.852221	-0.000724
788.000000	23.179000	209.032201	-0.000870
789.000000	23.189000	209.212267	-0.000724
790.000000	23.199000	209.392402	-0.000357
791.000000	23.209000	209.572623	-0.000113
792.000000	23.219000	209.752913	-0.000797
793.000000	23.229000	209.933289	-0.001065
794.000000	23.239000	210.113743	-0.000968
795.000000	23.249000	210.294265	-0.000797
796.000000	23.259000	210.474874	-0.000211
797.000000	23.269000	210.655552	-0.000382
798.000000	23.279000	210.836315	-0.000211
799.000000	23.289000	211.017148	-0.000333
800.000000	23.299000	211.198067	-0.000406
801.000000	23.309000	211.379063	-0.000577
802.000000	23.319000	211.560120	-0.000089
803.000000	23.329000	211.741271	-0.000333
804.000000	23.339000	211.922500	-0.000064
805.000000	23.349000	212.103806	-0.000602
806.000000	23.358999	212.285173	-0.000260
807.000000	23.369000	212.466634	-0.000235
808.000000	23.379000	212.648173	-0.000162
809.000000	23.389000	212.829790	-0.000211
810.000000	23.398999	213.011467	0.000058
811.000000	23.409000	213.193238	0.000131
812.000000	23.419000	213.375087	0.000106
813.000000	23.429000	213.557014	-0.000064
814.000000	23.438999	213.739001	0.000033
815.000000	23.449000	213.921082	-0.000187
816.000000	23.459000	214.103241	-0.000138
817.000000	23.469000	214.285478	-0.000528
818.000000	23.478999	214.467775	-0.000406
819.000000	23.489000	214.650166	-0.000260
820.000000	23.499000	214.832636	-0.000357
821.000000	23.509000	215.015182	-0.000187
822.000000	23.519000	215.197807	-0.000309
823.000000	23.529000	215.380491	-0.000235
824.000000	23.539000	215.563270	-0.000016
825.000000	23.549000	215.746127	0.000082
826.000000	23.559000	215.929062	-0.000309
827.000000	23.569000	216.112056	-0.000480
828.000000	23.579000	216.295146	-0.000089
829.000000	23.589000	216.478312	0.000009
830.000000	23.599000	216.661557	-0.000211
831.000000	23.608999	216.844861	-0.000040
832.000000	23.619000	217.028261	0.000082
833.000000	23.629000	217.211738	-0.000260
834.000000	23.639000	217.395292	-0.000211
835.000000	23.648999	217.578907	-0.000064
836.000000	23.659000	217.762617	-0.000138
837.000000	23.669000	217.946404	-0.000235
838.000000	23.679000	218.130268	-0.000431
839.000000	23.688999	218.314193	-0.000431
840.000000	23.699000	218.498213	-0.000089
841.000000	23.709000	218.682310	-0.000187
842.000000	23.719000	218.866484	-0.000064
843.000000	23.728999	219.050719	-0.000187
844.000000	23.739000	219.235049	-0.000113
845.000000	23.749000	219.419456	-0.000235
846.000000	23.759000	219.603941	-0.000577
847.000000	23.769000	219.788503	-0.001480
848.000000	23.779000	219.973126	-0.001847
849.000000	23.789000	220.157843	-0.001236
850.000000	23.799000	220.342638	-0.000699
851.000000	23.809000	220.527510	-0.000772
852.000000	23.819000	220.712443	-0.000406
853.000000	23.829000	220.897470	-0.000528
854.000000	23.839000	221.082575	-0.000431
855.000000	23.849000	221.267757	-0.000504
856.000000	23.858999	221.453000	-0.000357
857.000000	23.869000	221.638337	-0.000187
858.000000	23.879000	221.823752	-0.000846
859.000000	23.889000	222.009245	-0.000626
860.000000	23.898999	222.194797	-0.000309
861.000000	23.909000	222.380445	-0.000626
862.000000	23.919000	222.566170	-0.000016
863.000000	23.929000	222.751973	-0.000162
864.000000	23.938999	222.937835	-0.000480
865.000000	23.949000	223.123793	-0.000187
866.000000	23.959000	223.309828	-0.000162
867.000000	23.969000	223.495941	-0.000162
868.000000	23.978999	223.682114	-0.000138
869.000000	23.989000	223.868381	-0.000797
870.000000	23.999000	224.054727	-0.000504
871.000000	24.009000	224.241150	-0.000626
872.000000	24.019000	224.427650	-0.000602
873.000000	24.029000	224.614210	-0.000553
874.000000	24.039000	224.800865	-0.000357
875.000000	24.049000	224.987598	-0.000064
876.000000	24.059000	225.174409	0.000033
877.000000	24.069000	225.361279	-0.000211
878.000000	24.079000	225.548244	-0.000431
879.000000	24.089000	225.735287	-0.000504
880.000000	24.099000	225.922408	-0.000724
881.000000	24.108999	226.109588	-0.000455
882.000000	24.119000	226.296864	-0.000211
883.000000	24.129000	226.484217	-0.000138
884.000000	24.139000	226.671648	-0.000016
885.000000	24.148999	226.859138	-0.000235
886.000000	24.159000	227.046723	-0.000431
887.000000	24.169000	227.234387	-0.000406
888.000000	24.179000	227.422127	-0.000528
889.000000	24.188999	227.609928	-0.000992
890.000000	24.199000	227.797823	-0.000821
891.000000	24.209000	227.985797	-0.001236
892.000000	24.219000	228.173848	-0.000846
893.000000	24.228999	228.361958	-0.000675
894.000000	24.239000	228.550164	-0.000211
895.000000	24.249000	228.738447	-0.000577
896.000000	24.259000	228.926808	-0.000235
897.000000	24.269000	229.115246	-0.000480
898.000000	24.279000	229.303744	-0.000138
899.000000	24.289000	229.492338	-0.000309
900.000000	24.299000	229.681009	-0.000309
901.000000	24.309000	229.869757	-0.000602
902.000000	24.319000	230.058565	-0.000431
903.000000	24.329000	230.247469	-0.000260
904.000000	24.339000	230.436450	-0.000772
905.000000	24.349000	230.625509	-0.000675
906.000000	24.358999	230.814627	-0.000602
907.000000	24.369000	231.003840	-0.000821
908.000000	24.379000	231.193131	-0.000675
909.000000	24.389000	231.382500	-0.000406
910.000000	24.398999	231.571928	-0.000309
911.000000	24.409000	231.761452	-0.000772
912.000000	24.419000	231.951053	-0.000968
913.000000	24.429000	232.140732	-0.000211
914.000000	24.438999	232.330470	-0.000528
915.000000	24.449000	232.520304	-0.000284
916.000000	24.459000	232.710215	0.000033
917.000000	24.469000	232.900204	-0.000382
918.000000	24.478999	233.090252	-0.000406
919.000000	24.489000	233.280396	-0.000650
920.000000	24.499000	233.470618	-0.000333
921.000000	24.509000	233.660917	-0.000235
922.000000	24.519000	233.851293	-0.000699
923.000000	24.529000	234.041729	-0.000455
924.000000	24.539000	234.232260	-0.000284
925.000000	24.549000	234.422869	-0.000504
926.000000	24.559000	234.613556	0.000180
927.000000	24.569000	234.804302	-0.000504
928.000000	24.579000	234.995143	-0.000650
929.000000	24.589000	235.186062	-0.000309
930.000000	24.599000	235.377059	-0.000187
931.000000	24.608999	235.568115	-0.000064
932.000000	24.619000	235.759267	-0.000846
933.000000	24.629000	235.950496	-0.000504
934.000000	24.639000	236.141803	-0.000650
935.000000	24.648999	236.333169	-0.000455
936.000000	24.659000	236.524630	-0.000455
937.000000	24.669000	236.716170	-0.000553
938.000000	24.679000	236.907786	-0.000870
939.000000	24.688999	237.099462	-0.000260
940.000000	24.699000	237.291234	-0.000382
941.000000	24.709000	237.483084	-0.000455
942.000000	24.719000	237.675011	-0.000504
943.000000	24.728999	237.866997	-0.000431
944.000000	24.739000	238.059079	-0.000309
945.000000	24.749000	238.251238	-0.000382
946.000000	24.759000	238.443475	-0.000284
947.000000	24.768999	238.635771	-0.000382
948.000000	24.779000	238.828163	-0.000211
949.000000	24.789000	239.020633	-0.000528
950.000000	24.799000	239.213180	-0.000577
951.000000	24.809000	239.405804	-0.000455
952.000000	24.819000	239.598488	-0.000553
953.000000	24.829000	239.791268	-0.000504
954.000000	24.839000	239.984125	-0.000382
955.000000	24.849000	240.177060	-0.000504
956.000000	24.858999	240.370053	-0.000357
957.000000	24.869000	240.563143	-0.000138
958.000000	24.879000	240.756310	-0.000602
959.000000	24.889000	240.949555	-0.000113
960.000000	24.898999	241.142859	-0.000162
961.000000	24.909000	241.336259	-0.000016
962.000000	24.919000	241.529736	-0.000089
963.000000	24.929000	241.723291	0.000058
964.000000	24.938999	241.916905	-0.000211
965.000000	24.949000	242.110615	-0.000138
966.000000	24.959000	242.304402	-0.000235
967.000000	24.969000	242.498267	-0.000333
968.000000	24.978999	242.692191	-0.000406
969.000000	24.989000	242.886211	-0.000431
970.000000	24.999000	243.080308	-0.000357
971.000000	25.009000	243.274483	-0.000064
972.000000	25.018999	243.468717	-0.000211
973.000000	25.029000	243.663048	-0.000211
974.000000	25.039000	243.857455	-0.000406
975.000000	25.049000	244.051940	-0.000357
976.000000	25.059000	244.246503	-0.000089
977.000000	25.069000	244.441124	-0.000211
978.000000	25.079000	244.635842	0.000009
979.000000	25.089000	244.830637	-0.000357
980.000000	25.099000	245.025510	-0.000309
981.000000	25.108999	245.220442	-0.000235
982.000000	25.119000	245.415469	-0.000797
983.000000	25.129000	245.610575	-0.001163
984.000000	25.139000	245.805758	-0.001407
985.000000	25.148999	246.000999	-0.001358
986.000000	25.159000	246.196337	-0.001969
987.000000	25.169000	246.391752	-0.001676
988.000000	25.179000	246.587245	-0.001188
989.000000	25.188999	246.782797	-0.000846
990.000000	25.199000	246.978445	-0.000748
991.000000	25.209000	247.174170	-0.000699
992.000000	25.219000	247.369973	-0.000675
993.000000	25.228999	247.565835	-0.000528
994.000000	25.239000	247.761793	-0.000748
995.000000	25.249000	247.957829	-0.000309
996.000000	25.259000	248.153942	-0.000187
997.000000	25.268999	248.350114	-0.000357
998.000000	25.279000	248.546382	-0.000187
999.000000	25.289000	248.742728	-0.000162
