0.000	555.000	-209.600	0.000
1.000	554.980	-195.400	3.489
2.000	554.960	-214.000	15.463
3.000	554.940	-215.400	27.380
4.000	554.920	-206.600	39.368
5.000	554.900	-211.600	51.363
6.000	554.880	-207.000	63.358
7.000	554.860	-185.800	75.348
8.000	554.840	-194.400	87.361
9.000	554.820	-180.200	99.377
10.000	554.800	-195.800	111.374
11.000	554.780	-215.800	123.388
12.000	554.760	-194.000	135.393
13.000	554.740	-217.000	147.394
14.000	554.720	-211.400	159.393
15.000	554.700	-237.800	171.392
16.000	554.680	-234.200	183.428
17.000	554.660	-223.600	195.302
18.000	554.640	-218.000	207.303
19.000	554.620	-234.800	219.303
20.000	554.600	-228.000	231.305
21.000	554.580	-216.400	243.312
22.000	554.560	-219.800	255.313
23.000	554.540	-246.800	267.310
24.000	554.520	-243.000	279.308
25.000	554.500	-223.400	291.305
26.000	554.480	-214.800	303.304
27.000	554.460	-189.600	315.308
28.000	554.440	-204.400	327.308
29.000	554.420	-215.200	339.315
30.000	554.400	-215.600	351.320
31.000	554.380	-212.800	363.324
32.000	554.360	-190.800	375.382
33.000	554.340	-203.400	387.384
34.000	554.320	-208.200	399.388
35.000	554.300	-222.400	411.392
36.000	554.280	-237.800	423.426
37.000	554.260	-227.800	435.306
38.000	554.240	-208.200	447.306
39.000	554.220	-235.600	459.311
40.000	554.200	-247.600	471.314
41.000	554.180	-247.400	483.310
42.000	554.160	-223.800	495.310
43.000	554.140	-222.200	507.316
44.000	554.120	-225.600	519.322
45.000	554.100	-217.800	531.321
46.000	554.080	-238.000	543.320
47.000	554.060	-223.400	555.329
48.000	554.040	-226.800	567.355
49.000	554.020	-208.400	579.389
50.000	554.000	-235.200	591.394
51.000	553.980	-251.000	603.309
52.000	553.960	-222.800	615.315
53.000	553.940	-246.400	627.320
54.000	553.920	-270.600	639.324
55.000	553.900	-239.400	651.328
56.000	553.880	-245.200	663.322
57.000	553.860	-229.600	675.323
58.000	553.840	-235.200	687.328
59.000	553.820	-236.800	699.354
60.000	553.800	-233.800	711.376
61.000	553.780	-241.400	723.393
62.000	553.760	-255.400	735.428
63.000	553.740	-245.400	747.299
64.000	553.720	-275.600	759.305
65.000	553.700	-269.000	771.313
66.000	553.680	-233.800	783.876
67.000	553.660	-223.600	795.299
68.000	553.640	-240.200	807.305
69.000	553.620	-269.200	819.309
70.000	553.600	-234.200	831.312
71.000	553.580	-235.000	843.302
72.000	553.560	-239.600	855.300
73.000	553.540	-226.200	867.306
74.000	553.520	-219.600	879.320
75.000	553.500	-199.800	891.340
76.000	553.480	-219.000	903.337
77.000	553.460	-227.400	915.338
78.000	553.440	-227.600	927.344
79.000	553.420	-225.400	939.366
80.000	553.400	-233.000	951.301
81.000	553.380	-229.600	963.300
82.000	553.360	-225.600	975.313
83.000	553.340	-238.000	987.322
84.000	553.320	-228.000	999.323
85.000	553.300	-240.600	1011.331
86.000	553.280	-216.200	1023.343
87.000	553.260	-221.600	1035.393
88.000	553.240	-208.600	1047.303
89.000	553.220	-223.800	1059.324
90.000	553.200	-241.200	1071.337
91.000	553.180	-230.600	1083.383
92.000	553.160	-223.400	1095.319
93.000	553.140	-233.200	1107.335
94.000	553.120	-221.600	1119.343
95.000	553.100	-216.600	1131.352
96.000	553.080	-229.600	1143.377
97.000	553.060	-251.000	1155.308
98.000	553.040	-220.400	1167.308
99.000	553.020	-229.200	1179.308
100.000	553.000	-201.800	1191.318
101.000	552.980	-245.800	1203.330
102.000	552.960	-221.800	1215.339
103.000	552.940	-236.600	1227.349
104.000	552.920	-222.400	1239.376
105.000	552.900	-239.200	1251.305
106.000	552.880	-234.200	1263.308
107.000	552.860	-229.600	1275.318
108.000	552.840	-220.600	1287.330
109.000	552.820	-216.400	1299.340
110.000	552.800	-217.000	1311.338
111.000	552.780	-239.200	1323.342
112.000	552.760	-240.400	1335.344
113.000	552.740	-233.400	1347.342
114.000	552.720	-225.000	1359.346
115.000	552.700	-236.000	1371.347
116.000	552.680	-251.600	1383.347
117.000	552.660	-239.200	1395.349
118.000	552.640	-255.000	1407.347
119.000	552.620	-232.600	1419.356
120.000	552.600	-220.600	1431.356
121.000	552.580	-215.800	1443.357
122.000	552.560	-222.600	1455.353
123.000	552.540	-251.600	1467.351
124.000	552.520	-266.600	1479.356
125.000	552.500	-235.800	1491.361
126.000	552.480	-228.000	1503.392
127.000	552.460	-226.600	1515.321
128.000	552.440	-255.200	1527.327
129.000	552.420	-239.800	1539.330
130.000	552.400	-234.000	1551.330
131.000	552.380	-229.800	1563.341
132.000	552.360	-224.800	1575.358
133.000	552.340	-230.000	1587.359
134.000	552.320	-243.200	1599.304
135.000	552.300	-229.000	1611.308
136.000	552.280	-238.000	1623.335
137.000	552.260	-250.600	1635.333
138.000	552.240	-247.600	1647.337
139.000	552.220	-223.200	1659.329
140.000	552.200	-236.200	1671.324
141.000	552.180	-234.000	1683.324
142.000	552.160	-282.000	1695.323
143.000	552.140	-235.800	1707.335
144.000	552.120	-245.400	1719.340
145.000	552.100	-213.600	1731.343
146.000	552.080	-217.000	1743.355
147.000	552.060	-202.000	1755.374
148.000	552.040	-226.400	1767.374
149.000	552.020	-242.600	1779.298
150.000	552.000	-228.600	1791.312
151.000	551.980	-232.800	1803.334
152.000	551.960	-230.400	1815.342
153.000	551.940	-228.000	1827.350
154.000	551.920	-224.600	1839.353
155.000	551.900	-253.600	1851.358
156.000	551.880	-265.800	1863.372
157.000	551.860	-235.600	1875.301
158.000	551.840	-252.200	1887.318
159.000	551.820	-251.000	1899.331
160.000	551.800	-254.000	1911.334
161.000	551.780	-253.800	1923.342
162.000	551.760	-241.200	1935.343
163.000	551.740	-243.600	1947.346
164.000	551.720	-235.800	1959.352
165.000	551.700	-238.200	1971.363
166.000	551.680	-218.000	1984.429
167.000	551.660	-223.400	1995.333
168.000	551.640	-202.200	2007.327
169.000	551.620	-238.200	2019.353
170.000	551.600	-228.800	2031.349
171.000	551.580	-244.600	2043.343
172.000	551.560	-201.200	2055.330
173.000	551.540	-216.800	2067.328
174.000	551.520	-248.600	2079.351
175.000	551.500	-267.200	2091.359
176.000	551.480	-245.800	2103.356
177.000	551.460	-288.600	2115.353
178.000	551.440	-269.600	2127.350
179.000	551.420	-281.600	2139.353
180.000	551.400	-252.400	2151.362
181.000	551.380	-226.000	2163.365
182.000	551.360	-227.400	2175.368
183.000	551.340	-240.800	2187.385
184.000	551.320	-246.800	2199.310
185.000	551.300	-253.600	2211.339
186.000	551.280	-228.200	2223.357
187.000	551.260	-214.200	2235.369
188.000	551.240	-221.600	2247.386
189.000	551.220	-233.400	2259.393
190.000	551.200	-218.000	2271.326
191.000	551.180	-214.800	2283.355
192.000	551.160	-227.200	2295.362
193.000	551.140	-235.200	2307.372
194.000	551.120	-243.400	2319.382
195.000	551.100	-230.200	2331.429
196.000	551.080	-238.000	2343.324
197.000	551.060	-240.600	2355.349
198.000	551.040	-254.600	2367.342
199.000	551.020	-233.200	2379.332
200.000	551.000	-219.600	2391.343
201.000	550.980	-248.400	2403.334
202.000	550.960	-246.000	2415.349
203.000	550.940	-233.400	2427.349
204.000	550.920	-205.600	2439.359
205.000	550.900	-220.000	2451.363
206.000	550.880	-233.800	2463.367
207.000	550.860	-244.800	2475.370
208.000	550.840	-243.800	2487.371
209.000	550.820	-236.000	2499.370
210.000	550.800	-210.200	2511.375
211.000	550.780	-230.000	2523.384
212.000	550.760	-238.800	2535.389
213.000	550.740	-230.800	2547.394
214.000	550.720	-231.800	2559.379
215.000	550.700	-223.600	2571.377
216.000	550.680	-213.400	2583.384
217.000	550.660	-238.000	2595.393
218.000	550.640	-233.200	2607.304
219.000	550.620	-214.600	2619.334
220.000	550.600	-212.400	2631.370
221.000	550.580	-208.000	2643.372
222.000	550.560	-217.200	2655.382
223.000	550.540	-214.400	2667.295
224.000	550.520	-224.600	2679.384
225.000	550.500	-202.400	2691.381
226.000	550.480	-186.400	2703.375
227.000	550.460	-187.400	2715.373
228.000	550.440	-191.200	2727.372
229.000	550.420	-200.800	2739.372
230.000	550.400	-200.400	2751.372
231.000	550.380	-206.400	2763.369
232.000	550.360	-200.800	2775.369
233.000	550.340	-217.600	2787.379
234.000	550.320	-211.000	2799.392
235.000	550.300	-227.400	2811.299
236.000	550.280	-206.000	2823.310
237.000	550.260	-204.400	2835.347
238.000	550.240	-213.400	2847.373
239.000	550.220	-237.200	2859.376
240.000	550.200	-239.000	2871.376
241.000	550.180	-229.000	2883.366
242.000	550.160	-225.400	2895.365
243.000	550.140	-219.800	2907.363
244.000	550.120	-213.200	2919.379
245.000	550.100	-217.000	2931.380
246.000	550.080	-200.800	2943.392
247.000	550.060	-240.200	2955.305
248.000	550.040	-252.400	2967.309
249.000	550.020	-236.000	2979.312
250.000	550.000	-228.000	2991.312
251.000	549.980	0.000	3003.308
