0.000	550.000	-742.400	0.000
1.000	549.980	-707.600	0.257
2.000	549.960	-829.000	12.173
3.000	549.940	-784.800	24.175
4.000	549.920	-795.800	36.178
5.000	549.900	-807.600	48.178
6.000	549.880	-798.200	60.171
7.000	549.860	-750.000	72.171
8.000	549.840	-792.400	84.175
9.000	549.820	-812.600	96.192
10.000	549.800	-747.000	108.186
11.000	549.780	-741.800	120.185
12.000	549.760	-778.200	132.194
13.000	549.740	-759.200	144.205
14.000	549.720	-697.600	156.214
15.000	549.700	-729.200	168.224
16.000	549.680	-693.600	180.246
17.000	549.660	-701.800	192.194
18.000	549.640	-752.000	204.210
19.000	549.620	-685.000	216.220
20.000	549.600	-698.200	228.248
21.000	549.580	-717.600	240.174
22.000	549.560	-690.800	252.201
23.000	549.540	-686.000	264.214
24.000	549.520	-669.600	276.220
25.000	549.500	-669.800	288.224
26.000	549.480	-697.800	300.231
27.000	549.460	-654.800	312.255
28.000	549.440	-666.200	324.299
29.000	549.420	-638.400	336.189
30.000	549.400	-602.000	348.198
31.000	549.380	-611.200	360.203
32.000	549.360	-532.400	372.206
33.000	549.340	-507.600	384.215
34.000	549.320	-517.800	396.217
35.000	549.300	-520.800	408.224
36.000	549.280	-512.200	420.230
37.000	549.260	-563.600	432.234
38.000	549.240	-536.800	444.235
39.000	549.220	-560.000	456.263
40.000	549.200	-575.000	468.182
41.000	549.180	-519.200	480.190
42.000	549.160	-490.400	492.177
43.000	549.140	-453.200	504.192
44.000	549.120	-537.000	516.197
45.000	549.100	-475.600	528.195
46.000	549.080	-453.200	540.196
47.000	549.060	-449.600	552.201
48.000	549.040	-479.600	564.206
49.000	549.020	-411.600	576.227
50.000	549.000	-420.200	588.230
51.000	548.980	-437.800	600.224
52.000	548.960	-417.800	612.222
53.000	548.940	-477.400	624.224
54.000	548.920	-505.000	636.225
55.000	548.900	-479.800	648.219
56.000	548.880	-386.400	660.201
57.000	548.860	-375.200	672.200
58.000	548.840	-349.600	684.205
59.000	548.820	-341.800	698.070
60.000	548.800	-385.400	708.194
61.000	548.780	-406.800	720.203
62.000	548.760	-399.200	732.203
63.000	548.740	-446.000	744.200
64.000	548.720	-383.000	756.187
65.000	548.700	-345.400	768.199
66.000	548.680	-286.800	780.189
67.000	548.660	-304.800	792.201
68.000	548.640	-337.400	804.190
69.000	548.620	-289.000	816.201
70.000	548.600	-321.000	828.187
71.000	548.580	-340.600	840.195
72.000	548.560	-337.600	852.194
73.000	548.540	-354.400	864.206
74.000	548.520	-331.800	876.185
75.000	548.500	-353.600	888.194
76.000	548.480	-354.200	900.208
77.000	548.460	-365.200	912.203
78.000	548.440	-358.400	924.200
79.000	548.420	-352.600	936.195
80.000	548.400	-350.200	948.210
81.000	548.380	-332.800	960.209
82.000	548.360	-345.200	972.211
83.000	548.340	-374.200	984.215
84.000	548.320	-304.400	996.216
85.000	548.300	-306.200	1008.217
86.000	548.280	-305.400	1020.211
87.000	548.260	-285.000	1032.197
88.000	548.240	-302.200	1044.208
89.000	548.220	-294.400	1056.199
90.000	548.200	-301.800	1068.215
91.000	548.180	-276.000	1080.216
92.000	548.160	-272.200	1092.215
93.000	548.140	-241.800	1104.209
94.000	548.120	-261.200	1116.198
95.000	548.100	-259.200	1128.198
96.000	548.080	-271.200	1140.197
97.000	548.060	-255.600	1152.191
98.000	548.040	-300.600	1164.181
99.000	548.020	-297.000	1176.187
100.000	548.000	-262.800	1188.186
101.000	547.980	-271.000	1200.209
102.000	547.960	-266.800	1212.192
103.000	547.940	-223.800	1224.196
104.000	547.920	-192.200	1236.201
105.000	547.900	-166.400	1248.204
106.000	547.880	-200.200	1260.208
107.000	547.860	-216.200	1272.210
108.000	547.840	-215.000	1284.211
109.000	547.820	-204.600	1296.220
110.000	547.800	-209.400	1308.200
111.000	547.780	-206.400	1320.194
112.000	547.760	-230.000	1332.196
113.000	547.740	-180.200	1344.198
114.000	547.720	-192.800	1356.261
115.000	547.700	-174.600	1368.242
116.000	547.680	-199.200	1380.223
117.000	547.660	-177.200	1392.206
118.000	547.640	-143.400	1404.208
119.000	547.620	-180.800	1416.203
120.000	547.600	-169.200	1428.209
121.000	547.580	-159.200	1440.207
122.000	547.560	-139.200	1452.207
123.000	547.540	-129.400	1464.218
124.000	547.520	-172.200	1476.210
125.000	547.500	-156.800	1488.198
126.000	547.480	-147.800	1500.269
127.000	547.460	-159.600	1512.241
128.000	547.440	-160.400	1524.225
129.000	547.420	-165.400	1536.211
130.000	547.400	-191.000	1548.227
131.000	547.380	-169.400	1560.217
132.000	547.360	-161.400	1572.231
133.000	547.340	-146.600	1584.223
134.000	547.320	-167.000	1596.212
135.000	547.300	-144.200	1608.219
136.000	547.280	-152.600	1620.225
137.000	547.260	-151.200	1632.228
138.000	547.240	-141.400	1644.222
139.000	547.220	-151.000	1656.228
140.000	547.200	-116.400	1668.236
141.000	547.180	-145.800	1680.231
142.000	547.160	-152.400	1692.216
143.000	547.140	-138.600	1704.236
144.000	547.120	-171.800	1716.231
145.000	547.100	-148.400	1728.220
146.000	547.080	-146.600	1740.226
147.000	547.060	-147.800	1752.231
148.000	547.040	-148.000	1764.212
149.000	547.020	-136.200	1776.215
150.000	547.000	-133.400	1788.214
151.000	546.980	-132.200	1800.219
152.000	546.960	-139.200	1812.223
153.000	546.940	-131.800	1824.232
154.000	546.920	-152.400	1836.225
155.000	546.900	-127.400	1848.239
156.000	546.880	-141.600	1860.232
157.000	546.860	-152.400	1872.232
158.000	546.840	-125.800	1884.242
159.000	546.820	-125.600	1896.240
160.000	546.800	-122.000	1908.224
161.000	546.780	-121.000	1920.237
162.000	546.760	-131.800	1932.242
163.000	546.740	-139.200	1944.238
164.000	546.720	-160.800	1956.232
165.000	546.700	-147.000	1968.248
166.000	546.680	-123.800	1980.248
167.000	546.660	-132.000	1992.241
168.000	546.640	-131.600	2004.245
169.000	546.620	-118.800	2016.252
170.000	546.600	-123.000	2028.249
171.000	546.580	-122.000	2040.246
172.000	546.560	-124.800	2052.238
173.000	546.540	-115.200	2064.259
174.000	546.520	-117.600	2076.256
175.000	546.500	-128.600	2088.246
176.000	546.480	-134.000	2100.243
177.000	546.460	-127.800	2112.249
178.000	546.440	-127.800	2124.234
179.000	546.420	-106.600	2136.245
180.000	546.400	-110.800	2148.241
181.000	546.380	-127.800	2160.251
182.000	546.360	-123.400	2172.249
183.000	546.340	-108.000	2184.243
184.000	546.320	-95.200	2196.256
185.000	546.300	-106.600	2208.243
186.000	546.280	-109.800	2220.246
187.000	546.260	-107.200	2232.260
188.000	546.240	-118.000	2244.252
189.000	546.220	-121.600	2256.266
190.000	546.200	-106.800	2268.301
191.000	546.180	-118.200	2280.312
192.000	546.160	-123.400	2292.263
193.000	546.140	-113.000	2304.250
194.000	546.120	-110.000	2316.254
195.000	546.100	-108.800	2328.246
196.000	546.080	-117.600	2340.252
197.000	546.060	-91.400	2352.236
198.000	546.040	-103.000	2364.259
199.000	546.020	-106.000	2376.269
200.000	546.000	-108.400	2388.268
201.000	545.980	-93.000	2400.263
202.000	545.960	-95.000	2412.255
203.000	545.940	-90.600	2424.248
204.000	545.920	-96.600	2436.254
205.000	545.900	-107.000	2448.248
206.000	545.880	-102.000	2460.264
207.000	545.860	-89.800	2472.259
208.000	545.840	-95.600	2484.253
209.000	545.820	-98.400	2496.267
210.000	545.800	-87.800	2508.266
211.000	545.780	-79.200	2520.252
212.000	545.760	-67.200	2532.260
213.000	545.740	-77.400	2544.257
214.000	545.720	-82.400	2556.264
215.000	545.700	-90.800	2568.172
216.000	545.680	-89.400	2580.176
217.000	545.660	-82.200	2592.302
218.000	545.640	-92.600	2604.256
219.000	545.620	-76.600	2616.262
220.000	545.600	-92.200	2628.257
221.000	545.580	-81.200	2640.180
222.000	545.560	-89.800	2652.171
223.000	545.540	-76.600	2664.266
224.000	545.520	-88.800	2676.266
225.000	545.500	-87.600	2688.255
226.000	545.480	-75.000	2700.268
227.000	545.460	-71.200	2712.265
228.000	545.440	-74.600	2724.269
229.000	545.420	-79.800	2736.260
230.000	545.400	-95.400	2748.265
231.000	545.380	-104.000	2760.266
232.000	545.360	-89.800	2772.173
233.000	545.340	-91.600	2784.261
234.000	545.320	-78.200	2796.175
235.000	545.300	-96.400	2808.269
236.000	545.280	-100.600	2820.181
237.000	545.260	-101.800	2832.184
238.000	545.240	-103.800	2844.181
239.000	545.220	-96.400	2856.265
240.000	545.200	-84.400	2868.177
241.000	545.180	-100.200	2880.182
242.000	545.160	-83.000	2892.309
243.000	545.140	-80.400	2904.172
244.000	545.120	-94.800	2916.307
245.000	545.100	-94.400	2928.259
246.000	545.080	-78.600	2940.263
247.000	545.060	-72.600	2952.180
248.000	545.040	-84.400	2964.171
249.000	545.020	-88.400	2976.299
250.000	545.000	-78.200	2988.180
251.000	544.980	0.000	3000.185
