0.000000	15.099000	88.878479	0.004672
1.000000	15.109000	88.995905	0.004647
2.000000	15.119000	89.113408	0.004940
3.000000	15.129000	89.230989	0.004770
4.000000	15.139000	89.348648	0.004525
5.000000	15.149000	89.466383	0.004037
6.000000	15.159000	89.584197	0.004379
7.000000	15.169000	89.702088	0.004574
8.000000	15.179000	89.820056	0.004721
9.000000	15.189000	89.938102	0.004525
10.000000	15.199000	90.056225	0.004403
11.000000	15.209000	90.174427	0.004574
12.000000	15.219000	90.292705	0.004477
13.000000	15.229000	90.411061	0.004916
14.000000	15.239000	90.529495	0.004477
15.000000	15.249000	90.648006	0.004940
16.000000	15.259000	90.766594	0.004501
17.000000	15.269000	90.885260	0.004159
18.000000	15.279000	91.004004	0.004354
19.000000	15.289000	91.122825	0.004428
20.000000	15.299000	91.241724	0.004550
21.000000	15.309000	91.360700	0.004696
22.000000	15.319000	91.479754	0.004354
23.000000	15.329000	91.598885	0.004477
24.000000	15.339000	91.718094	0.004257
25.000000	15.349000	91.837380	0.004428
26.000000	15.359000	91.956744	0.003671
27.000000	15.369000	92.076185	0.004086
28.000000	15.379000	92.195704	0.004257
29.000000	15.389000	92.315300	0.004354
30.000000	15.399000	92.434974	0.004257
31.000000	15.409000	92.554726	0.004428
32.000000	15.419000	92.674555	0.004623
33.000000	15.429000	92.794461	0.004037
34.000000	15.439000	92.914445	0.004477
35.000000	15.449000	93.034506	0.004379
36.000000	15.459000	93.154645	0.004818
37.000000	15.469000	93.274862	0.004306
38.000000	15.479000	93.395156	0.004403
39.000000	15.489000	93.515527	0.004599
40.000000	15.499000	93.635976	0.003402
41.000000	15.509000	93.756503	0.003476
42.000000	15.519000	93.877107	0.003915
43.000000	15.529000	93.997789	0.003793
44.000000	15.539000	94.118548	0.004281
45.000000	15.549000	94.239385	0.004110
46.000000	15.559000	94.360299	0.004257
47.000000	15.569000	94.481291	0.004281
48.000000	15.579000	94.602360	0.004330
49.000000	15.589000	94.723506	0.004208
50.000000	15.599000	94.844731	0.004110
51.000000	15.609000	94.966033	0.004428
52.000000	15.619000	95.087412	0.004208
53.000000	15.629000	95.208869	0.004330
54.000000	15.639000	95.330403	0.003988
55.000000	15.649000	95.452015	0.003964
56.000000	15.659000	95.573705	0.004184
57.000000	15.669000	95.695471	0.003988
58.000000	15.679000	95.817316	0.004501
59.000000	15.689000	95.939238	0.004208
60.000000	15.699000	96.061237	0.004184
61.000000	15.709000	96.183315	0.004208
62.000000	15.719000	96.305469	0.003964
63.000000	15.729000	96.427701	0.004330
64.000000	15.739000	96.550010	0.004428
65.000000	15.749000	96.672397	0.004379
66.000000	15.759000	96.794862	0.004354
67.000000	15.769000	96.917404	0.004599
68.000000	15.779000	97.040024	0.004135
69.000000	15.789000	97.162721	0.004184
70.000000	15.799000	97.285496	0.004525
71.000000	15.809000	97.408348	0.004135
72.000000	15.819000	97.531277	0.003988
73.000000	15.829000	97.654284	0.004159
74.000000	15.839000	97.777370	0.004232
75.000000	15.849000	97.900532	0.004208
76.000000	15.859000	98.023772	0.004354
77.000000	15.869000	98.147089	0.003817
78.000000	15.879000	98.270483	0.003988
79.000000	15.889000	98.393956	0.004037
80.000000	15.899000	98.517505	0.003915
81.000000	15.909000	98.641133	0.004013
82.000000	15.919000	98.764838	0.004379
83.000000	15.929000	98.888621	0.004330
84.000000	15.939000	99.012480	0.004306
85.000000	15.949000	99.136418	0.003988
86.000000	15.959000	99.260433	0.003988
87.000000	15.969000	99.384526	0.004208
88.000000	15.979000	99.508696	0.004330
89.000000	15.989000	99.632943	0.003939
90.000000	15.999000	99.757268	0.004257
91.000000	16.009000	99.881671	0.004037
92.000000	16.019000	100.006151	0.004086
93.000000	16.029000	100.130709	0.003964
94.000000	16.039000	100.255344	0.004013
95.000000	16.049000	100.380056	0.003915
96.000000	16.059000	100.504846	0.003866
97.000000	16.069000	100.629714	0.004330
98.000000	16.079000	100.754659	0.004135
99.000000	16.089000	100.879682	0.003744
100.000000	16.099000	101.004783	0.003720
101.000000	16.109000	101.129960	0.004281
102.000000	16.119000	101.255216	0.003866
103.000000	16.129000	101.380548	0.003866
104.000000	16.139000	101.505959	0.003939
105.000000	16.149000	101.631446	0.004013
106.000000	16.159000	101.757012	0.003671
107.000000	16.169000	101.882654	0.003695
108.000000	16.179000	102.008375	0.003915
109.000000	16.189000	102.134174	0.003720
110.000000	16.199000	102.260049	0.003793
111.000000	16.209000	102.386002	0.003817
112.000000	16.219000	102.512033	0.003573
113.000000	16.229000	102.638141	0.003915
114.000000	16.239000	102.764326	0.003524
115.000000	16.249000	102.890589	0.003866
116.000000	16.259000	103.016929	0.003988
117.000000	16.269000	103.143347	0.003842
118.000000	16.279000	103.269843	0.003891
119.000000	16.289000	103.396416	0.003695
120.000000	16.299000	103.523067	0.003964
121.000000	16.309000	103.649795	0.003939
122.000000	16.319000	103.776602	0.004159
123.000000	16.329000	103.903485	0.004086
124.000000	16.339000	104.030445	0.004037
125.000000	16.349000	104.157484	0.003695
126.000000	16.359000	104.284599	0.003915
127.000000	16.369000	104.411792	0.003964
128.000000	16.379000	104.539063	0.004037
129.000000	16.389000	104.666411	0.003720
130.000000	16.399000	104.793837	0.003646
131.000000	16.409000	104.921340	0.003573
132.000000	16.419000	105.048921	0.003451
133.000000	16.429000	105.176580	0.003573
134.000000	16.439000	105.304315	0.003939
135.000000	16.449000	105.432130	0.003500
136.000000	16.459000	105.560021	0.003915
137.000000	16.469000	105.687989	0.003891
138.000000	16.479000	105.816035	0.004159
139.000000	16.489000	105.944159	0.003915
140.000000	16.499000	106.072360	0.003915
141.000000	16.509000	106.200638	0.003744
142.000000	16.519000	106.328994	0.003793
143.000000	16.529000	106.457428	0.003793
144.000000	16.539000	106.585939	0.003695
145.000000	16.549000	106.714527	0.003817
146.000000	16.559000	106.843193	0.003720
147.000000	16.569000	106.971937	0.003744
148.000000	16.579000	107.100760	0.004086
149.000000	16.589000	107.229658	0.003744
150.000000	16.599000	107.358634	0.003622
151.000000	16.609000	107.487688	0.003256
152.000000	16.619000	107.616819	0.003036
153.000000	16.629000	107.746028	0.003207
154.000000	16.639000	107.875314	0.003598
155.000000	16.649000	108.004678	0.003671
156.000000	16.659000	108.134119	0.003720
157.000000	16.669000	108.263638	0.003671
158.000000	16.679000	108.393234	0.003622
159.000000	16.689000	108.522908	0.003354
160.000000	16.699000	108.652660	0.003817
161.000000	16.709000	108.782490	0.003817
162.000000	16.719000	108.912396	0.003720
163.000000	16.729000	109.042380	0.003817
164.000000	16.739000	109.172442	0.003476
165.000000	16.749000	109.302581	0.003646
166.000000	16.759000	109.432797	0.003476
167.000000	16.769000	109.563091	0.003476
168.000000	16.779000	109.693463	0.003646
169.000000	16.789000	109.823912	0.003256
170.000000	16.799000	109.954438	0.003549
171.000000	16.809000	110.085042	0.003744
172.000000	16.819000	110.215724	0.003573
173.000000	16.829000	110.346484	0.003280
174.000000	16.839000	110.477321	0.003500
175.000000	16.849000	110.608235	0.003329
176.000000	16.859000	110.739227	0.003183
177.000000	16.869000	110.870296	0.003646
178.000000	16.879000	111.001443	0.003744
179.000000	16.889000	111.132667	0.003524
180.000000	16.899000	111.263969	0.003427
181.000000	16.909000	111.395348	0.003378
182.000000	16.919000	111.526805	0.003573
183.000000	16.929000	111.658339	0.003183
184.000000	16.939000	111.789951	0.003329
185.000000	16.949000	111.921640	0.002914
186.000000	16.959000	112.053409	0.003256
187.000000	16.969000	112.185253	0.003354
188.000000	16.979000	112.317175	0.003720
189.000000	16.989000	112.449174	0.003329
190.000000	16.999000	112.581251	0.003305
191.000000	17.009000	112.713406	0.003036
192.000000	17.019000	112.845638	0.003207
193.000000	17.029000	112.977947	0.003378
194.000000	17.039000	113.110334	0.003500
195.000000	17.049000	113.242799	0.003769
196.000000	17.059000	113.375341	0.002987
197.000000	17.069000	113.507961	0.003720
198.000000	17.079000	113.640658	0.003427
199.000000	17.089000	113.773434	0.003305
200.000000	17.099000	113.906286	0.003036
201.000000	17.109000	114.039216	0.003109
202.000000	17.119000	114.172223	0.003500
203.000000	17.129000	114.305308	0.003378
204.000000	17.139000	114.438470	0.003256
205.000000	17.149000	114.571710	0.003476
206.000000	17.159000	114.705027	0.003012
207.000000	17.169000	114.838422	0.003256
208.000000	17.179000	114.971894	0.003305
209.000000	17.189000	115.105444	0.003378
210.000000	17.199000	115.239071	0.003305
211.000000	17.209000	115.372776	0.003305
212.000000	17.219000	115.506558	0.003158
213.000000	17.229000	115.640418	0.003354
214.000000	17.239000	115.774356	0.003256
215.000000	17.249000	115.908371	0.002743
216.000000	17.259000	116.042463	0.002719
217.000000	17.269000	116.176633	0.002719
218.000000	17.279000	116.310884	0.003451
219.000000	17.289000	116.445209	0.003598
220.000000	17.299000	116.579611	0.003183
221.000000	17.309000	116.714091	0.003476
222.000000	17.319000	116.848649	0.003109
223.000000	17.329000	116.983284	0.003329
224.000000	17.339000	117.117997	0.003012
225.000000	17.349000	117.252787	0.003524
226.000000	17.359000	117.387655	0.003256
227.000000	17.369000	117.522600	0.003256
228.000000	17.379000	117.657622	0.002987
229.000000	17.389000	117.792723	0.003207
230.000000	17.399000	117.927900	0.003354
231.000000	17.409000	118.063156	0.003524
232.000000	17.419000	118.198488	0.003183
233.000000	17.429000	118.333899	0.003036
234.000000	17.439000	118.469387	0.003402
235.000000	17.449000	118.604952	0.003329
236.000000	17.459000	118.740595	0.003256
237.000000	17.469000	118.876315	0.003085
238.000000	17.479000	119.012113	0.003109
239.000000	17.489000	119.147988	0.003329
240.000000	17.499000	119.283941	0.003207
241.000000	17.509000	119.419972	0.003012
242.000000	17.519000	119.556080	0.003183
243.000000	17.529000	119.692265	0.003256
244.000000	17.539000	119.828532	0.003036
245.000000	17.549000	119.964872	0.002914
246.000000	17.559000	120.101290	0.002792
247.000000	17.569000	120.237786	0.003085
248.000000	17.579000	120.374359	0.002890
249.000000	17.589000	120.511010	0.003085
250.000000	17.599000	120.647738	0.003427
251.000000	17.609000	120.784543	0.003134
252.000000	17.619000	120.921427	0.003183
253.000000	17.629000	121.058387	0.003036
254.000000	17.639000	121.195425	0.003036
255.000000	17.649000	121.332541	0.003012
256.000000	17.659000	121.469734	0.002475
257.000000	17.669000	121.607005	0.002523
258.000000	17.679000	121.744354	0.002987
259.000000	17.689000	121.881779	0.002597
260.000000	17.699000	122.019283	0.002963
261.000000	17.709000	122.156864	0.002572
262.000000	17.719000	122.294522	0.002743
263.000000	17.729000	122.432258	0.002645
264.000000	17.739000	122.570071	0.002987
265.000000	17.749000	122.707962	0.002816
266.000000	17.759000	122.845931	0.002768
267.000000	17.769000	122.983977	0.003207
268.000000	17.779000	123.122100	0.003085
269.000000	17.789000	123.260304	0.002890
270.000000	17.799000	123.398583	0.003061
271.000000	17.809000	123.536939	0.003183
272.000000	17.819000	123.675373	0.002963
273.000000	17.829000	123.813884	0.002938
274.000000	17.839000	123.952472	0.002816
275.000000	17.849000	124.091138	0.003183
276.000000	17.859000	124.229882	0.003158
277.000000	17.869000	124.368703	0.002841
278.000000	17.879000	124.507602	0.002719
279.000000	17.889000	124.646578	0.002865
280.000000	17.899000	124.785632	0.002963
281.000000	17.909000	124.924763	0.003085
282.000000	17.919000	125.063972	0.002694
283.000000	17.929000	125.203258	0.003036
284.000000	17.939000	125.342622	0.003134
285.000000	17.949000	125.482063	0.002694
286.000000	17.959000	125.621582	0.002719
287.000000	17.969000	125.761179	0.002865
288.000000	17.979000	125.900853	0.002768
289.000000	17.989000	126.040604	0.002792
290.000000	17.999000	126.180433	0.002621
291.000000	18.009000	126.320339	0.002670
292.000000	18.019000	126.460323	0.002792
293.000000	18.029000	126.600385	0.002743
294.000000	18.039000	126.740524	0.002963
295.000000	18.049000	126.880744	0.002865
296.000000	18.059000	127.021038	0.002694
297.000000	18.069000	127.161409	0.002719
298.000000	18.079000	127.301858	0.002963
299.000000	18.089000	127.442385	0.002426
300.000000	18.099000	127.582989	0.001083
301.000000	18.109000	127.723671	-0.000553
302.000000	18.119000	127.864430	-0.002189
303.000000	18.129000	128.005267	-0.000699
304.000000	18.139000	128.146181	0.001522
305.000000	18.149000	128.287173	0.001352
306.000000	18.159000	128.428242	0.002572
307.000000	18.169000	128.569389	0.002255
308.000000	18.179000	128.710613	0.002255
309.000000	18.189000	128.851915	0.002548
310.000000	18.199000	128.993294	0.002279
311.000000	18.209000	129.134751	0.002230
312.000000	18.219000	129.276285	0.002523
313.000000	18.229000	129.417897	0.002230
314.000000	18.239000	129.559587	0.002597
315.000000	18.249000	129.701354	0.002841
316.000000	18.259000	129.843198	0.002645
317.000000	18.269000	129.985120	0.002670
318.000000	18.279000	130.127120	0.002816
319.000000	18.289000	130.269197	0.002743
320.000000	18.299000	130.411351	0.002792
321.000000	18.309000	130.553587	0.003012
322.000000	18.319000	130.695896	0.002914
323.000000	18.329000	130.838283	0.002499
324.000000	18.339000	130.980748	0.002694
325.000000	18.349000	131.123290	0.002719
326.000000	18.359000	131.265910	0.002450
327.000000	18.369000	131.408607	0.002499
328.000000	18.379000	131.551382	0.002304
329.000000	18.389000	131.694234	0.002353
330.000000	18.399000	131.837163	0.002499
331.000000	18.409000	131.980171	0.002792
332.000000	18.419000	132.123255	0.002548
333.000000	18.429000	132.266418	0.002523
334.000000	18.439000	132.409658	0.002645
335.000000	18.449000	132.552975	0.002621
336.000000	18.459000	132.696370	0.002182
337.000000	18.469000	132.839842	0.002353
338.000000	18.479000	132.983392	0.002475
339.000000	18.489000	133.127019	0.002377
340.000000	18.499000	133.270724	0.002719
341.000000	18.509000	133.414507	0.002548
342.000000	18.519000	133.558367	0.002523
343.000000	18.529000	133.702304	0.002353
344.000000	18.539000	133.846319	0.002621
345.000000	18.549000	133.990412	0.002719
346.000000	18.559000	134.134585	0.002719
347.000000	18.569000	134.278833	0.002719
348.000000	18.579000	134.423158	0.002572
349.000000	18.589000	134.567561	0.002523
350.000000	18.599000	134.712041	0.002255
351.000000	18.609000	134.856598	0.002597
352.000000	18.619000	135.001234	0.002523
353.000000	18.629000	135.145946	0.002572
354.000000	18.639000	135.290736	0.002719
355.000000	18.649000	135.435604	0.002475
356.000000	18.659000	135.580549	0.002548
357.000000	18.669000	135.725572	0.002426
358.000000	18.679000	135.870673	0.002230
359.000000	18.689000	136.015850	0.002353
360.000000	18.699000	136.161106	0.002328
361.000000	18.709000	136.306438	0.002377
362.000000	18.719000	136.451849	0.002255
363.000000	18.729000	136.597337	0.002621
364.000000	18.739000	136.742902	0.002621
365.000000	18.749000	136.888545	0.002572
366.000000	18.759000	137.034266	0.002621
367.000000	18.769000	137.180064	0.002401
368.000000	18.779000	137.325939	0.002523
369.000000	18.789000	137.471892	0.002353
370.000000	18.799000	137.617923	0.001791
371.000000	18.809000	137.764031	0.002865
372.000000	18.819000	137.910220	0.002133
373.000000	18.829000	138.056483	0.002353
374.000000	18.839000	138.202823	0.002230
375.000000	18.849000	138.349241	0.002230
376.000000	18.859000	138.495737	0.001791
377.000000	18.869000	138.642310	0.001962
378.000000	18.879000	138.788961	0.002304
379.000000	18.889000	138.935689	0.002353
380.000000	18.899000	139.082495	0.002401
381.000000	18.909000	139.229378	0.002060
382.000000	18.919000	139.376339	0.002743
383.000000	18.929000	139.523377	0.002255
384.000000	18.939000	139.670493	0.002353
385.000000	18.949000	139.817686	0.002377
386.000000	18.959000	139.964957	0.001767
387.000000	18.969000	140.112306	0.002108
388.000000	18.979000	140.259731	0.002328
389.000000	18.989000	140.407235	0.002426
390.000000	18.999000	140.554816	0.002255
391.000000	19.009000	140.702474	0.002011
392.000000	19.019000	140.850210	0.002426
393.000000	19.029000	140.998024	0.001742
394.000000	19.039000	141.145915	0.002426
395.000000	19.049000	141.293883	0.002182
396.000000	19.059000	141.441929	0.002206
397.000000	19.069000	141.590056	0.001645
398.000000	19.079000	141.738257	0.002230
399.000000	19.089000	141.886536	0.001742
400.000000	19.099000	142.034892	0.001718
401.000000	19.109000	142.183322	0.001840
402.000000	19.119000	142.331837	0.002157
403.000000	19.129000	142.480422	0.001864
404.000000	19.139000	142.629092	0.002328
405.000000	19.149000	142.777832	0.001645
406.000000	19.159000	142.926657	0.002035
407.000000	19.169000	143.075552	0.002035
408.000000	19.179000	143.224532	0.002060
409.000000	19.189000	143.373582	0.002401
410.000000	19.199000	143.522717	0.001864
411.000000	19.209000	143.671929	0.002377
412.000000	19.219000	143.821212	0.002426
413.000000	19.229000	143.970580	0.001864
414.000000	19.239000	144.120018	0.002255
415.000000	19.249000	144.269540	0.002133
416.000000	19.259000	144.419133	0.001962
417.000000	19.269000	144.568810	0.001645
418.000000	19.279000	144.718558	0.001962
419.000000	19.289000	144.868391	0.002060
420.000000	19.299000	145.018294	0.002401
421.000000	19.309000	145.168282	0.001962
422.000000	19.319000	145.318340	0.002255
423.000000	19.329000	145.468482	0.002353
424.000000	19.339000	145.618695	0.002084
425.000000	19.349000	145.768993	0.001889
426.000000	19.359000	145.919361	0.001937
427.000000	19.369000	146.069814	0.002084
428.000000	19.379000	146.220337	0.002182
429.000000	19.389000	146.370945	0.002182
430.000000	19.399000	146.521623	0.002304
431.000000	19.409000	146.672386	0.002304
432.000000	19.419000	146.823219	0.002108
433.000000	19.429000	146.974137	0.001596
434.000000	19.439000	147.125125	0.001986
435.000000	19.449000	147.276198	0.002035
436.000000	19.459000	147.427348	0.002011
437.000000	19.469000	147.578569	0.002108
438.000000	19.479000	147.729874	0.002035
439.000000	19.489000	147.881250	0.002426
440.000000	19.499000	148.032711	0.002011
441.000000	19.509000	148.184242	0.002377
442.000000	19.519000	148.335857	0.002206
443.000000	19.529000	148.487543	0.001815
444.000000	19.539000	148.639314	0.002230
445.000000	19.549000	148.791155	0.002133
446.000000	19.559000	148.943080	0.001767
447.000000	19.569000	149.095076	0.001986
448.000000	19.579000	149.247157	0.002182
449.000000	19.589000	149.399308	0.001742
450.000000	19.599000	149.551544	0.002255
451.000000	19.609000	149.703850	0.001352
452.000000	19.619000	149.856240	0.001571
453.000000	19.629000	150.008701	0.001425
454.000000	19.639000	150.161247	0.001767
455.000000	19.649000	150.313863	0.001620
456.000000	19.659000	150.466564	0.002011
457.000000	19.669000	150.619335	0.001815
458.000000	19.679000	150.772191	0.001791
459.000000	19.689000	150.925117	0.001986
460.000000	19.699000	151.078128	0.001425
461.000000	19.709000	151.231217	0.001669
462.000000	19.719000	151.384376	0.001913
463.000000	19.729000	151.537619	0.002035
464.000000	19.739000	151.690933	0.001571
465.000000	19.749000	151.844332	0.001596
466.000000	19.759000	151.997800	0.001669
467.000000	19.769000	152.151354	0.001767
468.000000	19.779000	152.304978	0.001742
469.000000	19.789000	152.458686	0.001376
470.000000	19.799000	152.612465	0.001229
471.000000	19.809000	152.766329	0.000692
472.000000	19.819000	152.920263	0.000912
473.000000	19.829000	153.074282	0.001742
474.000000	19.839000	153.228371	0.002011
475.000000	19.849000	153.382544	0.001278
476.000000	19.859000	153.536788	0.001254
477.000000	19.869000	153.691117	-0.004020
478.000000	19.879000	153.845516	-0.003312
479.000000	19.889000	154.000000	-0.003434
480.000000	19.899000	154.154554	0.000082
481.000000	19.909000	154.309193	0.001107
482.000000	19.919000	154.463902	0.001571
483.000000	19.929000	154.618696	0.001352
484.000000	19.939000	154.773560	0.000863
485.000000	19.949000	154.928509	0.001010
486.000000	19.959000	155.083528	0.001303
487.000000	19.969000	155.238632	0.001522
488.000000	19.979000	155.393814	0.001864
489.000000	19.989000	155.549066	0.001791
490.000000	19.999000	155.704402	0.001425
491.000000	20.009000	155.859809	0.001571
492.000000	20.019000	156.015301	0.001767
493.000000	20.029000	156.170862	0.001767
494.000000	20.039000	156.326509	0.001181
495.000000	20.049000	156.482226	0.001156
496.000000	20.059000	156.638028	0.001645
497.000000	20.069000	156.793899	0.001474
498.000000	20.079000	156.949856	0.001767
499.000000	20.089000	157.105883	0.001864
500.000000	20.099000	157.261995	0.001645
501.000000	20.109000	157.418177	0.001181
502.000000	20.119000	157.574444	0.001449
503.000000	20.129000	157.730781	0.001547
504.000000	20.139000	157.887203	0.001571
505.000000	20.149000	158.043695	0.001742
506.000000	20.159000	158.200272	0.001474
507.000000	20.169000	158.356919	0.001254
508.000000	20.179000	158.513651	0.001522
509.000000	20.189000	158.670453	0.001718
510.000000	20.199000	158.827340	0.001474
511.000000	20.209000	158.984297	0.001498
512.000000	20.219000	159.141339	0.001645
513.000000	20.229000	159.298459	0.001840
514.000000	20.239000	159.455648	0.001522
515.000000	20.249000	159.612923	0.001742
516.000000	20.259000	159.770268	0.001645
517.000000	20.269000	159.927697	0.001840
518.000000	20.279000	160.085197	0.001864
519.000000	20.289000	160.242782	0.001571
520.000000	20.299000	160.400437	0.001742
521.000000	20.309000	160.558176	0.001791
522.000000	20.319000	160.715986	0.001303
523.000000	20.329000	160.873881	0.001571
524.000000	20.339000	161.031846	0.001669
525.000000	20.349000	161.189896	0.001498
526.000000	20.359000	161.348016	0.001229
527.000000	20.369000	161.506220	0.001059
528.000000	20.379000	161.664495	0.001400
529.000000	20.389000	161.822855	0.001693
530.000000	20.399000	161.981285	0.001352
531.000000	20.409000	162.139800	0.001522
532.000000	20.419000	162.298385	0.001498
533.000000	20.429000	162.457055	0.001376
534.000000	20.439000	162.615795	0.001352
535.000000	20.449000	162.774620	0.001083
536.000000	20.459000	162.933515	0.001449
537.000000	20.469000	163.092496	0.001034
538.000000	20.479000	163.251553	0.001669
539.000000	20.489000	163.410681	0.001156
540.000000	20.499000	163.569894	0.001913
541.000000	20.509000	163.729176	0.001449
542.000000	20.519000	163.888544	0.001522
543.000000	20.529000	164.047982	0.001327
544.000000	20.539000	164.207504	0.001718
545.000000	20.549000	164.367097	0.001596
546.000000	20.559000	164.526775	0.001278
547.000000	20.569000	164.686523	0.001352
548.000000	20.579000	164.846356	0.001645
549.000000	20.589000	165.006258	0.001132
550.000000	20.599000	165.166246	0.001522
551.000000	20.609000	165.326304	0.001327
552.000000	20.619000	165.486447	0.001303
553.000000	20.629000	165.646660	0.001156
554.000000	20.639000	165.806958	0.001303
555.000000	20.649000	165.967326	0.001449
556.000000	20.659000	166.127779	0.001645
557.000000	20.669000	166.288302	0.001132
558.000000	20.679000	166.448910	0.001059
559.000000	20.689000	166.609588	0.001449
560.000000	20.699000	166.770351	0.001010
561.000000	20.709000	166.931184	0.001083
562.000000	20.719000	167.092102	0.001059
563.000000	20.729000	167.253090	0.001156
564.000000	20.739000	167.414164	0.001229
565.000000	20.749000	167.575314	0.001742
566.000000	20.759000	167.736535	0.001352
567.000000	20.769000	167.897841	0.001229
568.000000	20.779000	168.059216	0.001132
569.000000	20.789000	168.220677	0.001254
570.000000	20.799000	168.382208	0.001474
571.000000	20.809000	168.543824	0.001449
572.000000	20.819000	168.705509	0.001571
573.000000	20.829000	168.867280	0.001059
574.000000	20.839000	169.029121	0.001547
575.000000	20.849000	169.191047	0.001620
576.000000	20.859000	169.353043	0.001645
577.000000	20.869000	169.515124	0.001352
578.000000	20.879000	169.677275	0.000912
579.000000	20.889000	169.839511	0.001156
580.000000	20.899000	170.001816	0.001303
581.000000	20.909000	170.164208	0.001571
582.000000	20.919000	170.326668	0.001059
583.000000	20.929000	170.489215	0.001059
584.000000	20.939000	170.651831	0.001645
585.000000	20.949000	170.814532	0.001449
586.000000	20.959000	170.977303	0.001352
587.000000	20.969000	171.140159	0.001449
588.000000	20.979000	171.303085	0.001205
589.000000	20.989000	171.466096	0.001522
590.000000	20.999000	171.629185	0.001474
591.000000	21.009000	171.792343	0.001303
592.000000	21.019000	171.955587	0.001522
593.000000	21.029000	172.118901	0.001205
594.000000	21.039000	172.282300	0.001547
595.000000	21.049000	172.445768	0.000912
596.000000	21.059000	172.609322	0.001791
597.000000	21.069000	172.772946	0.001181
598.000000	21.079000	172.936655	0.001303
599.000000	21.089000	173.100434	0.001181
600.000000	21.099000	173.264298	0.001840
601.000000	21.109000	173.428231	0.001425
602.000000	21.119000	173.592250	0.001059
603.000000	21.129000	173.756339	0.001132
604.000000	21.139000	173.920513	0.001742
605.000000	21.149000	174.084757	0.001474
606.000000	21.159000	174.249086	0.001107
607.000000	21.169000	174.413485	0.000741
608.000000	21.179000	174.577969	0.001107
609.000000	21.189000	174.742523	0.001083
610.000000	21.199000	174.907162	0.001620
611.000000	21.209000	175.071871	0.000937
612.000000	21.219000	175.236665	0.001522
613.000000	21.229000	175.401529	0.001254
614.000000	21.239000	175.566479	0.001229
615.000000	21.249000	175.731506	0.000985
616.000000	21.259000	175.896602	0.000839
617.000000	21.269000	176.061784	0.000985
618.000000	21.279000	176.227035	0.001059
619.000000	21.289000	176.392372	0.001107
620.000000	21.299000	176.557779	0.001376
621.000000	21.309000	176.723271	0.001522
622.000000	21.319000	176.888833	0.001059
623.000000	21.329000	177.054480	0.001107
624.000000	21.339000	177.220196	0.001229
625.000000	21.349000	177.385998	0.000497
626.000000	21.359000	177.551870	0.000351
627.000000	21.369000	177.717827	-0.000162
628.000000	21.379000	177.883854	0.000058
629.000000	21.389000	178.049966	-0.000431
630.000000	21.399000	178.216148	0.000546
631.000000	21.409000	178.382415	0.000766
632.000000	21.419000	178.548752	0.000888
633.000000	21.429000	178.715174	0.001132
634.000000	21.439000	178.881666	0.000839
635.000000	21.449000	179.048243	0.000595
636.000000	21.459000	179.214890	0.001229
637.000000	21.469000	179.381622	0.001449
638.000000	21.479000	179.548424	0.001181
639.000000	21.489000	179.715311	0.000790
640.000000	21.499000	179.882268	0.000668
641.000000	21.509000	180.049311	0.001132
642.000000	21.519000	180.216431	0.001400
643.000000	21.529000	180.383620	0.001303
644.000000	21.539000	180.550895	0.001449
645.000000	21.549000	180.718240	0.001254
646.000000	21.559000	180.885670	0.001132
647.000000	21.569000	181.053169	0.000741
648.000000	21.579000	181.220754	0.001352
649.000000	21.589000	181.388409	0.001254
650.000000	21.599000	181.556149	0.001400
651.000000	21.609000	181.723958	0.001059
652.000000	21.619000	181.891854	0.000912
653.000000	21.629000	182.059818	0.001303
654.000000	21.639000	182.227868	0.001059
655.000000	21.649000	182.395988	0.001181
656.000000	21.659000	182.564193	0.001010
657.000000	21.669000	182.732468	0.001181
658.000000	21.679000	182.900828	0.001352
659.000000	21.689000	183.069258	0.001181
660.000000	21.699000	183.237774	0.001229
661.000000	21.709000	183.406358	0.001010
662.000000	21.719000	183.575029	0.000937
663.000000	21.729000	183.743769	0.001083
664.000000	21.739000	183.912594	0.001474
665.000000	21.749000	184.081489	0.001181
666.000000	21.759000	184.250469	0.001083
667.000000	21.769000	184.419527	0.001107
668.000000	21.779000	184.588655	0.001303
669.000000	21.789000	184.757868	0.001181
670.000000	21.799000	184.927150	0.001327
671.000000	21.809000	185.096518	0.001327
672.000000	21.819000	185.265956	0.000326
673.000000	21.829000	185.435479	0.001303
674.000000	21.839000	185.605071	0.000521
675.000000	21.849000	185.774749	0.000863
676.000000	21.859000	185.944497	0.001254
677.000000	21.869000	186.114330	0.000741
678.000000	21.879000	186.284233	0.001034
679.000000	21.889000	186.454221	0.001229
680.000000	21.899000	186.624279	0.001010
681.000000	21.909000	186.794422	0.001181
682.000000	21.919000	186.964635	0.001205
683.000000	21.929000	187.134933	0.001059
684.000000	21.939000	187.305301	0.000570
685.000000	21.949000	187.475754	0.001034
686.000000	21.959000	187.646277	0.000912
687.000000	21.969000	187.816885	0.000937
688.000000	21.979000	187.987563	0.001010
689.000000	21.989000	188.158326	0.000863
690.000000	21.999000	188.329159	0.000717
691.000000	22.009000	188.500078	0.001400
692.000000	22.019000	188.671074	0.000570
693.000000	22.029000	188.842139	0.000741
694.000000	22.039000	189.013290	0.000448
695.000000	22.049000	189.184511	0.001083
696.000000	22.059000	189.355817	0.001059
697.000000	22.069000	189.527192	0.001059
698.000000	22.079000	189.698653	0.001010
699.000000	22.089000	189.870184	0.001059
700.000000	22.099000	190.041800	0.000473
701.000000	22.109000	190.213486	0.000961
702.000000	22.119000	190.385257	0.000863
703.000000	22.129000	190.557097	0.001083
704.000000	22.139000	190.729024	0.001059
705.000000	22.149000	190.901019	0.000814
706.000000	22.159000	191.073101	0.001059
707.000000	22.169000	191.245251	0.000644
708.000000	22.179000	191.417488	0.000644
709.000000	22.189000	191.589793	0.000546
710.000000	22.199000	191.762185	0.000521
711.000000	22.209000	191.934645	0.000619
712.000000	22.219000	192.107192	0.001229
713.000000	22.229000	192.279808	0.000668
714.000000	22.239000	192.452509	0.001010
715.000000	22.249000	192.625280	0.000863
716.000000	22.259000	192.798136	0.001010
717.000000	22.269000	192.971070	0.001132
718.000000	22.279000	193.144074	0.000766
719.000000	22.289000	193.317163	0.001107
720.000000	22.299000	193.490321	0.000912
721.000000	22.309000	193.663565	0.000570
722.000000	22.319000	193.836879	0.000619
723.000000	22.329000	194.010278	0.000888
724.000000	22.339000	194.183746	0.001010
725.000000	22.349000	194.357301	0.000863
726.000000	22.359000	194.530924	0.000692
727.000000	22.369000	194.704633	0.000644
728.000000	22.379000	194.878412	0.000644
729.000000	22.389000	195.052276	0.000302
730.000000	22.399000	195.226210	0.000937
731.000000	22.409000	195.400229	0.000863
732.000000	22.419000	195.574318	0.001132
733.000000	22.429000	195.748492	0.000375
734.000000	22.439000	195.922736	0.000814
735.000000	22.449000	196.097065	0.000619
736.000000	22.459000	196.271464	0.000595
737.000000	22.469000	196.445948	0.000790
738.000000	22.479000	196.620502	0.000521
739.000000	22.489000	196.795142	0.000790
740.000000	22.499000	196.969850	0.000912
741.000000	22.509000	197.144645	0.000790
742.000000	22.519000	197.319509	0.001229
743.000000	22.529000	197.494458	0.000692
744.000000	22.539000	197.669485	0.000595
745.000000	22.549000	197.844582	0.000790
746.000000	22.559000	198.019764	0.000863
747.000000	22.569000	198.195015	0.001132
748.000000	22.579000	198.370353	0.001376
749.000000	22.589000	198.545759	0.000448
750.000000	22.599000	198.721251	0.000570
751.000000	22.609000	198.896813	0.000863
752.000000	22.619000	199.072460	0.000985
753.000000	22.629000	199.248176	0.000570
754.000000	22.639000	199.423979	0.000351
755.000000	22.649000	199.599850	0.000497
756.000000	22.659000	199.775808	0.000204
757.000000	22.669000	199.951834	0.000668
758.000000	22.679000	200.127947	0.000668
759.000000	22.689000	200.304128	0.000326
760.000000	22.699000	200.480396	0.000180
761.000000	22.709000	200.656732	0.000228
762.000000	22.719000	200.833155	0.000839
763.000000	22.729000	201.009647	0.000302
764.000000	22.739000	201.186224	-0.000821
765.000000	22.749000	201.362871	-0.002140
766.000000	22.759000	201.539603	-0.002237
767.000000	22.769000	201.716405	-0.003238
768.000000	22.779000	201.893293	-0.002921
769.000000	22.789000	202.070258	-0.002311
770.000000	22.799000	202.247292	-0.000699
771.000000	22.809000	202.424413	-0.000431
772.000000	22.819000	202.601602	-0.000309
773.000000	22.829000	202.778877	-0.000455
774.000000	22.839000	202.956221	0.000277
775.000000	22.849000	203.133652	-0.000187
776.000000	22.859000	203.311151	0.000448
777.000000	22.869000	203.488737	0.000302
778.000000	22.879000	203.666391	0.000668
779.000000	22.889000	203.844131	0.000668
780.000000	22.899000	204.021941	0.001034
781.000000	22.909000	204.199836	0.000668
782.000000	22.919000	204.377801	0.000351
783.000000	22.929000	204.555851	-0.000162
784.000000	22.939000	204.733971	0.000644
785.000000	22.949000	204.912176	0.000448
786.000000	22.959000	205.090451	0.000497
787.000000	22.969000	205.268811	0.000302
788.000000	22.979000	205.447241	-0.000089
789.000000	22.989000	205.625757	0.000058
790.000000	22.999000	205.804341	-0.000016
791.000000	23.009000	205.983012	-0.000357
792.000000	23.019000	206.161752	-0.000016
793.000000	23.029000	206.340577	0.000473
794.000000	23.039000	206.519481	0.000473
795.000000	23.049000	206.698453	0.000375
796.000000	23.059000	206.877511	0.000619
797.000000	23.069000	207.056638	0.000326
798.000000	23.079000	207.235852	0.000863
799.000000	23.089000	207.415134	0.000619
800.000000	23.099000	207.594502	0.000228
801.000000	23.109000	207.773948	0.000692
802.000000	23.119000	207.953455	0.000521
803.000000	23.129000	208.133055	0.000790
804.000000	23.139000	208.312734	0.001059
805.000000	23.149000	208.492490	0.000399
806.000000	23.158999	208.672306	0.000424
807.000000	23.169000	208.852217	0.000448
808.000000	23.179000	209.032206	0.000448
809.000000	23.189000	209.212272	0.000326
810.000000	23.198999	209.392398	0.000741
811.000000	23.209000	209.572619	0.000326
812.000000	23.219000	209.752918	0.000277
813.000000	23.229000	209.933294	-0.000064
814.000000	23.238999	210.113731	0.000473
815.000000	23.249000	210.294262	0.000302
816.000000	23.259000	210.474870	0.000302
817.000000	23.269000	210.655557	0.000473
818.000000	23.278999	210.836303	0.000277
819.000000	23.289000	211.017145	0.000619
820.000000	23.299000	211.198063	0.001059
821.000000	23.309000	211.379060	0.000619
822.000000	23.319000	211.560133	0.000228
823.000000	23.329000	211.741268	0.000351
824.000000	23.339000	211.922496	0.000058
825.000000	23.349000	212.103803	0.000399
826.000000	23.359000	212.285187	0.000839
827.000000	23.369000	212.466631	0.000644
828.000000	23.379000	212.648170	0.000692
829.000000	23.389000	212.829786	0.000521
830.000000	23.399000	213.011480	0.000570
831.000000	23.408999	213.193235	0.000399
832.000000	23.419000	213.375084	0.000228
833.000000	23.429000	213.557010	0.001059
834.000000	23.439000	213.739014	0.000668
835.000000	23.448999	213.921079	0.000692
836.000000	23.459000	214.103238	0.000302
837.000000	23.469000	214.285474	0.000253
838.000000	23.479000	214.467789	0.000741
839.000000	23.488999	214.650163	0.000741
840.000000	23.499000	214.832632	0.000473
841.000000	23.509000	215.015179	0.000399
842.000000	23.519000	215.197803	0.000692
843.000000	23.528999	215.380488	0.000521
844.000000	23.539000	215.563267	0.000521
845.000000	23.549000	215.746124	0.000082
846.000000	23.559000	215.929058	0.000570
847.000000	23.569000	216.112070	0.000546
848.000000	23.579000	216.295142	0.000351
849.000000	23.589000	216.478309	0.000570
850.000000	23.599000	216.661553	0.000595
851.000000	23.609000	216.844875	0.000717
852.000000	23.619000	217.028257	0.000570
853.000000	23.629000	217.211734	0.000619
854.000000	23.639000	217.395289	0.000668
855.000000	23.649000	217.578921	0.000839
856.000000	23.658999	217.762613	0.000595
857.000000	23.669000	217.946400	0.000131
858.000000	23.679000	218.130265	0.000399
859.000000	23.689000	218.314207	0.000351
860.000000	23.698999	218.498209	0.000326
861.000000	23.709000	218.682306	0.000106
862.000000	23.719000	218.866481	0.000106
863.000000	23.729000	219.050733	0.000009
864.000000	23.738999	219.235045	0.000009
865.000000	23.749000	219.419453	-0.000162
866.000000	23.759000	219.603937	-0.000162
867.000000	23.769000	219.788500	-0.000284
868.000000	23.778999	219.973122	-0.000138
869.000000	23.789000	220.157839	0.000448
870.000000	23.799000	220.342634	0.000302
871.000000	23.809000	220.527507	0.000277
872.000000	23.819000	220.712457	0.000302
873.000000	23.829000	220.897466	0.000570
874.000000	23.839000	221.082571	0.000302
875.000000	23.849000	221.267754	0.000180
876.000000	23.859000	221.453014	0.000497
877.000000	23.869000	221.638334	0.000644
878.000000	23.879000	221.823749	0.000570
879.000000	23.889000	222.009241	0.000399
880.000000	23.899000	222.194812	0.000399
881.000000	23.908999	222.380441	0.000351
882.000000	23.919000	222.566167	0.000277
883.000000	23.929000	222.751969	0.000497
884.000000	23.939000	222.937849	0.000302
885.000000	23.948999	223.123789	0.000058
886.000000	23.959000	223.309825	0.000302
887.000000	23.969000	223.495937	-0.000626
888.000000	23.979000	223.682128	-0.000357
889.000000	23.988999	223.868378	-0.000309
890.000000	23.999000	224.054723	0.000302
891.000000	24.009000	224.241146	0.001034
892.000000	24.019000	224.427646	0.000399
893.000000	24.028999	224.614206	0.000277
894.000000	24.039000	224.800862	0.000863
895.000000	24.049000	224.987595	0.000399
896.000000	24.059000	225.174405	0.000228
897.000000	24.069000	225.361293	-0.000284
898.000000	24.079000	225.548241	0.000521
899.000000	24.089000	225.735284	-0.000113
900.000000	24.099000	225.922404	0.000204
901.000000	24.109000	226.109602	0.000180
902.000000	24.119000	226.296860	0.000228
903.000000	24.129000	226.484213	0.000204
904.000000	24.139000	226.671644	0.000277
905.000000	24.149000	226.859152	0.000326
906.000000	24.158999	227.046720	-0.000187
907.000000	24.169000	227.234383	-0.000113
908.000000	24.179000	227.422124	-0.000577
909.000000	24.189000	227.609942	-0.000211
910.000000	24.198999	227.797820	-0.000431
911.000000	24.209000	227.985793	0.000009
912.000000	24.219000	228.173844	-0.000528
913.000000	24.229000	228.361972	0.000473
914.000000	24.238999	228.550160	0.000228
915.000000	24.249000	228.738444	0.000473
916.000000	24.259000	228.926804	0.000619
917.000000	24.269000	229.115243	0.000570
918.000000	24.278999	229.303741	0.000204
919.000000	24.289000	229.492334	0.000473
920.000000	24.299000	229.681005	0.000253
921.000000	24.309000	229.869754	-0.000064
922.000000	24.319000	230.058580	0.000424
923.000000	24.329000	230.247465	0.000741
924.000000	24.339000	230.436446	0.000521
925.000000	24.349000	230.625505	0.000595
926.000000	24.359000	230.814641	0.000570
927.000000	24.369000	231.003837	0.000082
928.000000	24.379000	231.193128	0.000546
929.000000	24.389000	231.382496	0.000351
930.000000	24.399000	231.571943	-0.000187
931.000000	24.408999	231.761448	0.000888
932.000000	24.419000	231.951049	0.000131
933.000000	24.429000	232.140728	0.000375
934.000000	24.439000	232.330485	-0.000040
935.000000	24.448999	232.520300	0.000619
936.000000	24.459000	232.710212	0.000253
937.000000	24.469000	232.900200	0.000448
938.000000	24.479000	233.090267	-0.000040
939.000000	24.488999	233.280393	-0.000089
940.000000	24.499000	233.470614	-0.000089
941.000000	24.509000	233.660913	0.000302
942.000000	24.519000	233.851289	0.000155
943.000000	24.528999	234.041725	-0.000016
944.000000	24.539000	234.232257	0.000766
945.000000	24.549000	234.422866	0.000814
946.000000	24.559000	234.613552	0.000399
947.000000	24.568999	234.804298	0.000302
948.000000	24.579000	234.995140	0.000082
949.000000	24.589000	235.186059	0.000790
950.000000	24.599000	235.377055	0.000692
951.000000	24.609000	235.568130	0.000448
952.000000	24.619000	235.759263	0.000375
953.000000	24.629000	235.950492	0.000204
954.000000	24.639000	236.141799	0.000595
955.000000	24.649000	236.333183	0.000302
956.000000	24.658999	236.524627	-0.000113
957.000000	24.669000	236.716166	0.000009
958.000000	24.679000	236.907783	0.000619
959.000000	24.689000	237.099477	0.000399
960.000000	24.698999	237.291231	-0.000016
961.000000	24.709000	237.483080	-0.000138
962.000000	24.719000	237.675007	0.000351
963.000000	24.729000	237.867011	0.000228
964.000000	24.738999	238.059075	0.000448
965.000000	24.749000	238.251234	0.000692
966.000000	24.759000	238.443471	0.000326
967.000000	24.769000	238.635786	0.000570
968.000000	24.778999	238.828159	0.000302
969.000000	24.789000	239.020629	0.000546
970.000000	24.799000	239.213176	0.000375
971.000000	24.809000	239.405801	0.000521
972.000000	24.818999	239.598484	0.000937
973.000000	24.829000	239.791264	0.000253
974.000000	24.839000	239.984121	0.000351
975.000000	24.849000	240.177056	0.000399
976.000000	24.859000	240.370068	0.000399
977.000000	24.869000	240.563139	0.000302
978.000000	24.879000	240.756307	0.000521
979.000000	24.889000	240.949551	0.000448
980.000000	24.899000	241.142874	0.000888
981.000000	24.908999	241.336255	0.000448
982.000000	24.919000	241.529732	0.000009
983.000000	24.929000	241.723287	0.000473
984.000000	24.939000	241.916920	0.000644
985.000000	24.948999	242.110611	0.000570
986.000000	24.959000	242.304398	0.000619
987.000000	24.969000	242.498263	0.000839
988.000000	24.979000	242.692206	0.000155
989.000000	24.988999	242.886207	0.000473
990.000000	24.999000	243.080305	0.000277
991.000000	25.009000	243.274480	0.000448
992.000000	25.019000	243.468732	0.000619
993.000000	25.028999	243.663044	0.000448
994.000000	25.039000	243.857451	0.000228
995.000000	25.049000	244.051937	0.000302
996.000000	25.059000	244.246499	0.000448
997.000000	25.068999	244.441121	0.000302
998.000000	25.079000	244.635838	0.000302
999.000000	25.089000	244.830634	-0.000016
