0.000000	9.799000	36.166330	0.006820
1.000000	9.807000	36.225144	0.007333
2.000000	9.815000	36.284006	0.006894
3.000000	9.823000	36.342916	0.007187
4.000000	9.831000	36.401873	0.007016
5.000000	9.839000	36.460878	0.007309
6.000000	9.847000	36.519931	0.007016
7.000000	9.855000	36.579032	0.006967
8.000000	9.863000	36.638181	0.006771
9.000000	9.871000	36.697377	0.007162
10.000000	9.879000	36.756621	0.006967
11.000000	9.887000	36.815913	0.007064
12.000000	9.895000	36.875253	0.007064
13.000000	9.903000	36.934641	0.007187
14.000000	9.911000	36.994076	0.007357
15.000000	9.919000	37.053559	0.007138
16.000000	9.927000	37.113090	0.007309
17.000000	9.935000	37.172669	0.006894
18.000000	9.943000	37.232295	0.006991
19.000000	9.951000	37.291969	0.007064
20.000000	9.959000	37.351691	0.006674
21.000000	9.967000	37.411461	0.007040
22.000000	9.975000	37.471279	0.006771
23.000000	9.983000	37.531144	0.006918
24.000000	9.991000	37.591057	0.006869
25.000000	9.999000	37.651018	0.007113
26.000000	10.007000	37.711027	0.007162
27.000000	10.015000	37.771083	0.007211
28.000000	10.023000	37.831188	0.007211
29.000000	10.031000	37.891340	0.007333
30.000000	10.039000	37.951540	0.006771
31.000000	10.047000	38.011787	0.007064
32.000000	10.055000	38.072083	0.007211
33.000000	10.063000	38.132426	0.006918
34.000000	10.071000	38.192817	0.006820
35.000000	10.079000	38.253256	0.007089
36.000000	10.087000	38.313742	0.007040
37.000000	10.095000	38.374277	0.007113
38.000000	10.103000	38.434859	0.006967
39.000000	10.111000	38.495489	0.006796
40.000000	10.119000	38.556166	0.006942
41.000000	10.127000	38.616892	0.007260
42.000000	10.135000	38.677665	0.007089
43.000000	10.143000	38.738486	0.007162
44.000000	10.151000	38.799355	0.006698
45.000000	10.159000	38.860272	0.006967
46.000000	10.167000	38.921236	0.006625
47.000000	10.175000	38.982248	0.006771
48.000000	10.183000	39.043308	0.006991
49.000000	10.191000	39.104416	0.007040
50.000000	10.199000	39.165571	0.006991
51.000000	10.207000	39.226774	0.006918
52.000000	10.215000	39.288026	0.006478
53.000000	10.223000	39.349324	0.006796
54.000000	10.231000	39.410671	0.006747
55.000000	10.239000	39.472066	0.006649
56.000000	10.247000	39.533508	0.006283
57.000000	10.255000	39.594998	0.006869
58.000000	10.263000	39.656536	0.003988
59.000000	10.271000	39.718121	0.002401
60.000000	10.279000	39.779754	0.002621
61.000000	10.287000	39.841436	-0.000675
62.000000	10.295000	39.903165	-0.001749
63.000000	10.303000	39.964941	0.000180
64.000000	10.311000	40.026766	-0.002115
65.000000	10.319000	40.088638	-0.002286
66.000000	10.327000	40.150558	0.002670
67.000000	10.335000	40.212526	0.005038
68.000000	10.343000	40.274542	0.004403
69.000000	10.351000	40.336605	0.005380
70.000000	10.359000	40.398716	0.004965
71.000000	10.367000	40.460875	0.005478
72.000000	10.375000	40.523082	0.005990
73.000000	10.383000	40.585336	0.006112
74.000000	10.391000	40.647639	0.006063
75.000000	10.399000	40.709989	0.006747
76.000000	10.407000	40.772387	0.006454
77.000000	10.415000	40.834832	0.006527
78.000000	10.423000	40.897326	0.006552
79.000000	10.431000	40.959867	0.006625
80.000000	10.439000	41.022456	0.006674
81.000000	10.447000	41.085093	0.006234
82.000000	10.455000	41.147778	0.007016
83.000000	10.463000	41.210510	0.007064
84.000000	10.471000	41.273290	0.006967
85.000000	10.479000	41.336118	0.007016
86.000000	10.487000	41.398994	0.006527
87.000000	10.495000	41.461917	0.006967
88.000000	10.503000	41.524888	0.007064
89.000000	10.511000	41.587908	0.006918
90.000000	10.519000	41.650975	0.006552
91.000000	10.527000	41.714089	0.006601
92.000000	10.535000	41.777251	0.006771
93.000000	10.543000	41.840462	0.006674
94.000000	10.551000	41.903720	0.006796
95.000000	10.559000	41.967025	0.006869
96.000000	10.567000	42.030379	0.006991
97.000000	10.575000	42.093780	0.006869
98.000000	10.583000	42.157229	0.006454
99.000000	10.591000	42.220726	0.006698
100.000000	10.599000	42.284271	0.006478
101.000000	10.607000	42.347864	0.006845
102.000000	10.615000	42.411504	0.006601
103.000000	10.623000	42.475192	0.007211
104.000000	10.631000	42.538928	0.006747
105.000000	10.639000	42.602711	0.006894
106.000000	10.647000	42.666542	0.006820
107.000000	10.655000	42.730422	0.006894
108.000000	10.663000	42.794349	0.007040
109.000000	10.671000	42.858323	0.007064
110.000000	10.679000	42.922346	0.006527
111.000000	10.687000	42.986416	0.006991
112.000000	10.695000	43.050534	0.006698
113.000000	10.703000	43.114700	0.007211
114.000000	10.711000	43.178914	0.007138
115.000000	10.719000	43.243175	0.006820
116.000000	10.727000	43.307484	0.006869
117.000000	10.735000	43.371841	0.006747
118.000000	10.743000	43.436246	0.006674
119.000000	10.751000	43.500699	0.006771
120.000000	10.759000	43.565199	0.006723
121.000000	10.767000	43.629747	0.006771
122.000000	10.775000	43.694343	0.006649
123.000000	10.783000	43.758987	0.006747
124.000000	10.791000	43.823678	0.006918
125.000000	10.799000	43.888418	0.006820
126.000000	10.807000	43.953204	0.006967
127.000000	10.815000	44.018039	0.006576
128.000000	10.823000	44.082922	0.006430
129.000000	10.831000	44.147853	0.006527
130.000000	10.839000	44.212831	0.006552
131.000000	10.847000	44.277857	0.006771
132.000000	10.855000	44.342930	0.006869
133.000000	10.863000	44.408052	0.006674
134.000000	10.871000	44.473221	0.006601
135.000000	10.879000	44.538438	0.006845
136.000000	10.887000	44.603703	0.006430
137.000000	10.895000	44.669016	0.006649
138.000000	10.903000	44.734377	0.006552
139.000000	10.911000	44.799784	0.006552
140.000000	10.919000	44.865240	0.006503
141.000000	10.927000	44.930744	0.006674
142.000000	10.935000	44.996296	0.006967
143.000000	10.943000	45.061896	0.006747
144.000000	10.951000	45.127543	0.006674
145.000000	10.959000	45.193238	0.006625
146.000000	10.967000	45.258980	0.006771
147.000000	10.975000	45.324770	0.006478
148.000000	10.983000	45.390609	0.006820
149.000000	10.991000	45.456495	0.006576
150.000000	10.999000	45.522429	0.006503
151.000000	11.007000	45.588411	0.006771
152.000000	11.015000	45.654440	0.006723
153.000000	11.023000	45.720517	0.006674
154.000000	11.031000	45.786642	0.006698
155.000000	11.039000	45.852815	0.006674
156.000000	11.047000	45.919035	0.006771
157.000000	11.055000	45.985304	0.006674
158.000000	11.063000	46.051620	0.006820
159.000000	11.071000	46.117984	0.006942
160.000000	11.079000	46.184396	0.006820
161.000000	11.087000	46.250855	0.006796
162.000000	11.095000	46.317362	0.006552
163.000000	11.103000	46.383917	0.006796
164.000000	11.111000	46.450520	0.006527
165.000000	11.119000	46.517171	0.006503
166.000000	11.127000	46.583869	0.006527
167.000000	11.135000	46.650616	0.006405
168.000000	11.143000	46.717409	0.006576
169.000000	11.151000	46.784251	0.006723
170.000000	11.159000	46.851140	0.006405
171.000000	11.167000	46.918078	0.006576
172.000000	11.175000	46.985063	0.006430
173.000000	11.183000	47.052096	0.006478
174.000000	11.191000	47.119177	0.006332
175.000000	11.199000	47.186304	0.006454
176.000000	11.207000	47.253481	0.006601
177.000000	11.215000	47.320705	0.006478
178.000000	11.223000	47.387977	0.006601
179.000000	11.231000	47.455297	0.006649
180.000000	11.239000	47.522664	0.006454
181.000000	11.247000	47.590079	0.006674
182.000000	11.255000	47.657541	0.006405
183.000000	11.263000	47.725052	0.006625
184.000000	11.271000	47.792611	0.006576
185.000000	11.279000	47.860217	0.006527
186.000000	11.287000	47.927871	0.006869
187.000000	11.295000	47.995573	0.006796
188.000000	11.303000	48.063323	0.006869
189.000000	11.311000	48.131120	0.007260
190.000000	11.319000	48.198965	0.006796
191.000000	11.327000	48.266858	0.006723
192.000000	11.335000	48.334799	0.006527
193.000000	11.343000	48.402788	0.006674
194.000000	11.351000	48.470824	0.006283
195.000000	11.359000	48.538908	0.006796
196.000000	11.367000	48.607039	0.006259
197.000000	11.375000	48.675219	0.006601
198.000000	11.383000	48.743447	0.006771
199.000000	11.391000	48.811722	0.006649
200.000000	11.399000	48.880045	0.006356
201.000000	11.407000	48.948416	0.006771
202.000000	11.415000	49.016835	0.006649
203.000000	11.423000	49.085301	0.006381
204.000000	11.431000	49.153815	0.006332
205.000000	11.439000	49.222377	0.006527
206.000000	11.447000	49.290987	0.006625
207.000000	11.455000	49.359644	0.006527
208.000000	11.463000	49.428350	0.006356
209.000000	11.471000	49.497103	0.006723
210.000000	11.479000	49.565903	0.006430
211.000000	11.487000	49.634752	0.006381
212.000000	11.495000	49.703648	0.006478
213.000000	11.503000	49.772593	0.006283
214.000000	11.511000	49.841585	0.006430
215.000000	11.519000	49.910625	0.006527
216.000000	11.527000	49.979712	0.006405
217.000000	11.535000	50.048847	0.006381
218.000000	11.543000	50.118030	0.006698
219.000000	11.551000	50.187261	0.006601
220.000000	11.559000	50.256540	0.006381
221.000000	11.567000	50.325867	0.006430
222.000000	11.575000	50.395241	0.006405
223.000000	11.583000	50.464663	0.006649
224.000000	11.591000	50.534132	0.006601
225.000000	11.599000	50.603650	0.006796
226.000000	11.607000	50.673215	0.006552
227.000000	11.615000	50.742829	0.006723
228.000000	11.623000	50.812490	0.006576
229.000000	11.631000	50.882199	0.006356
230.000000	11.639000	50.951955	0.006430
231.000000	11.647000	51.021760	0.006210
232.000000	11.655000	51.091611	0.006283
233.000000	11.663000	51.161511	0.006405
234.000000	11.671000	51.231459	0.006356
235.000000	11.679000	51.301454	0.006527
236.000000	11.687000	51.371498	0.006210
237.000000	11.695000	51.441589	0.006356
238.000000	11.703000	51.511728	0.006234
239.000000	11.711000	51.581913	0.006283
240.000000	11.719000	51.652148	0.006576
241.000000	11.727000	51.722430	0.006234
242.000000	11.735000	51.792760	0.006137
243.000000	11.743000	51.863138	0.006601
244.000000	11.751000	51.933564	0.006430
245.000000	11.759000	52.004037	0.006283
246.000000	11.767000	52.074557	0.006332
247.000000	11.775000	52.145126	0.006112
248.000000	11.783000	52.215743	0.006259
249.000000	11.791000	52.286408	0.006308
250.000000	11.799000	52.357120	0.005966
251.000000	11.807000	52.427880	0.006308
252.000000	11.815000	52.498687	0.006259
253.000000	11.823000	52.569544	0.006820
254.000000	11.831000	52.640446	0.006625
255.000000	11.839000	52.711398	0.006454
256.000000	11.847000	52.782396	0.006259
257.000000	11.855000	52.853442	0.006356
258.000000	11.863000	52.924538	0.006405
259.000000	11.871000	52.995679	0.006161
260.000000	11.879000	53.066870	0.006283
261.000000	11.887000	53.138107	0.006601
262.000000	11.895000	53.209394	0.006063
263.000000	11.903000	53.280726	0.006210
264.000000	11.911000	53.352107	0.005990
265.000000	11.919000	53.423537	0.006747
266.000000	11.927000	53.495013	0.006356
267.000000	11.935000	53.566538	0.006356
268.000000	11.943000	53.638110	0.006015
269.000000	11.951000	53.709731	0.006259
270.000000	11.959000	53.781398	0.006356
271.000000	11.967000	53.853113	0.006405
272.000000	11.975000	53.924877	0.006283
273.000000	11.983000	53.996687	0.006381
274.000000	11.991000	54.068548	0.006405
275.000000	11.999000	54.140453	0.006161
276.000000	12.007000	54.212409	0.006283
277.000000	12.015000	54.284411	0.006259
278.000000	12.023000	54.356460	0.006234
279.000000	12.031000	54.428559	0.006088
280.000000	12.039000	54.500704	0.006283
281.000000	12.047000	54.572898	0.005893
282.000000	12.055000	54.645139	0.006381
283.000000	12.063000	54.717429	0.006137
284.000000	12.071000	54.789765	0.005941
285.000000	12.079000	54.862149	0.005917
286.000000	12.087000	54.934582	0.006259
287.000000	12.095000	55.007061	0.006112
288.000000	12.103000	55.079591	0.006161
289.000000	12.111000	55.152165	0.006259
290.000000	12.119000	55.224790	0.006015
291.000000	12.127000	55.297461	0.006601
292.000000	12.135000	55.370179	0.006112
293.000000	12.143000	55.442947	0.006430
294.000000	12.151000	55.515760	0.006259
295.000000	12.159000	55.588624	0.006356
296.000000	12.167000	55.661533	0.006137
297.000000	12.175000	55.734493	0.006112
298.000000	12.183000	55.807497	0.006356
299.000000	12.191000	55.880550	0.006039
300.000000	12.199000	55.953653	0.006088
301.000000	12.207000	56.026801	0.006381
302.000000	12.215000	56.099999	0.006137
303.000000	12.223000	56.173243	0.006283
304.000000	12.231000	56.246537	0.006112
305.000000	12.239000	56.319876	0.006332
306.000000	12.247000	56.393263	0.006234
307.000000	12.255000	56.466700	0.006478
308.000000	12.263000	56.540183	0.006015
309.000000	12.271000	56.613715	0.006088
310.000000	12.279000	56.687294	0.006112
311.000000	12.287000	56.760922	0.006088
312.000000	12.295000	56.834596	0.005722
313.000000	12.303000	56.908317	0.006283
314.000000	12.311000	56.982089	0.005941
315.000000	12.319000	57.055906	0.005893
316.000000	12.327000	57.129773	0.005770
317.000000	12.335000	57.203686	0.006186
318.000000	12.343000	57.277648	0.005893
319.000000	12.351000	57.351657	0.006137
320.000000	12.359000	57.425715	0.005990
321.000000	12.367000	57.499819	0.006112
322.000000	12.375000	57.573971	0.005795
323.000000	12.383000	57.648172	0.006137
324.000000	12.391000	57.722419	0.006137
325.000000	12.399000	57.796717	0.005917
326.000000	12.407000	57.871059	0.006015
327.000000	12.415000	57.945452	0.006210
328.000000	12.423000	58.019890	0.006161
329.000000	12.431000	58.094376	0.006015
330.000000	12.439000	58.168913	0.006356
331.000000	12.447000	58.243494	0.006210
332.000000	12.455000	58.318126	0.005941
333.000000	12.463000	58.392803	0.006039
334.000000	12.471000	58.467530	0.006063
335.000000	12.479000	58.542303	0.005819
336.000000	12.487000	58.617124	0.005966
337.000000	12.495000	58.691994	0.005917
338.000000	12.503000	58.766911	0.005917
339.000000	12.511000	58.841877	0.006356
340.000000	12.519000	58.916888	0.005819
341.000000	12.527000	58.991950	0.005746
342.000000	12.535000	59.067057	0.005697
343.000000	12.543000	59.142213	0.005893
344.000000	12.551000	59.217418	0.006088
345.000000	12.559000	59.292668	0.005941
346.000000	12.567000	59.367969	0.005917
347.000000	12.575000	59.443315	0.005990
348.000000	12.583000	59.518711	0.006283
349.000000	12.591000	59.594153	0.006063
350.000000	12.599000	59.669643	0.005917
351.000000	12.607000	59.745182	0.006088
352.000000	12.615000	59.820767	0.006186
353.000000	12.623000	59.896402	0.005819
354.000000	12.631000	59.972083	0.006161
355.000000	12.639000	60.047814	0.005868
356.000000	12.647000	60.123590	0.006112
357.000000	12.655000	60.199414	0.005819
358.000000	12.663000	60.275288	0.005868
359.000000	12.671000	60.351208	0.005941
360.000000	12.679000	60.427177	0.005648
361.000000	12.687000	60.503193	0.005795
362.000000	12.695000	60.579258	0.006015
363.000000	12.703000	60.655368	0.005819
364.000000	12.711000	60.731527	0.005770
365.000000	12.719000	60.807736	0.005941
366.000000	12.727000	60.883990	0.005722
367.000000	12.735000	60.960294	0.005917
368.000000	12.743000	61.036643	0.005551
369.000000	12.751000	61.113043	0.005819
370.000000	12.759000	61.189488	0.005697
371.000000	12.767000	61.265981	0.005941
372.000000	12.775000	61.342524	0.006015
373.000000	12.783000	61.419113	0.005868
374.000000	12.791000	61.495751	0.005770
375.000000	12.799000	61.572436	0.005624
376.000000	12.807000	61.649170	0.005648
377.000000	12.815000	61.725949	0.005844
378.000000	12.823000	61.802777	0.005746
379.000000	12.831000	61.879654	0.005941
380.000000	12.839000	61.956577	0.005868
381.000000	12.847000	62.033551	0.006088
382.000000	12.855000	62.110569	0.005868
383.000000	12.863000	62.187638	0.006063
384.000000	12.871000	62.264752	0.005941
385.000000	12.879000	62.341914	0.005600
386.000000	12.887000	62.419126	0.005819
387.000000	12.895000	62.496383	0.006039
388.000000	12.903000	62.573691	0.005770
389.000000	12.911000	62.651044	0.005819
390.000000	12.919000	62.728447	0.005746
391.000000	12.927000	62.805896	0.005624
392.000000	12.935000	62.883392	0.005575
393.000000	12.943000	62.960939	0.005478
394.000000	12.951000	63.038531	0.005429
395.000000	12.959000	63.116173	0.005551
396.000000	12.967000	63.193860	0.005746
397.000000	12.975000	63.271598	0.005526
398.000000	12.983000	63.349381	0.005673
399.000000	12.991000	63.427212	0.005844
400.000000	12.999000	63.505093	0.005648
401.000000	13.007000	63.583020	0.005648
402.000000	13.015000	63.660996	0.005648
403.000000	13.023000	63.739018	0.005795
404.000000	13.031000	63.817090	0.005429
405.000000	13.039000	63.895208	0.005673
406.000000	13.047000	63.973373	0.005551
407.000000	13.055000	64.051589	0.005478
408.000000	13.063000	64.129850	0.005526
409.000000	13.071000	64.208161	0.005917
410.000000	13.079000	64.286517	0.005746
411.000000	13.087000	64.364924	0.005844
412.000000	13.095000	64.443376	0.005966
413.000000	13.103000	64.521876	0.005600
414.000000	13.111000	64.600426	0.005600
415.000000	13.119000	64.679021	0.005648
416.000000	13.127000	64.757667	0.005160
417.000000	13.135000	64.836358	0.005868
418.000000	13.143000	64.915099	0.005575
419.000000	13.151000	64.993885	0.005600
420.000000	13.159000	65.072720	0.005673
421.000000	13.167000	65.151604	0.005624
422.000000	13.175000	65.230534	0.005746
423.000000	13.183000	65.309514	0.005819
424.000000	13.191000	65.388540	0.005624
425.000000	13.199000	65.467615	0.005575
426.000000	13.207000	65.546736	0.005746
427.000000	13.215000	65.625905	0.005624
428.000000	13.223000	65.705124	0.005648
429.000000	13.231000	65.784388	0.005380
430.000000	13.239000	65.863703	0.005380
431.000000	13.247000	65.943063	0.005600
432.000000	13.255000	66.022473	0.005380
433.000000	13.263000	66.101928	0.005429
434.000000	13.271000	66.181432	0.005258
435.000000	13.279000	66.260985	0.005258
436.000000	13.287000	66.340584	0.005478
437.000000	13.295000	66.420233	0.005624
438.000000	13.303000	66.499927	0.005355
439.000000	13.311000	66.579672	0.005404
440.000000	13.319000	66.659462	0.005160
441.000000	13.327000	66.739300	0.005404
442.000000	13.335000	66.819188	0.005185
443.000000	13.343000	66.899121	0.005136
444.000000	13.351000	66.979105	0.005062
445.000000	13.359000	67.059133	0.005429
446.000000	13.367000	67.139212	0.005233
447.000000	13.375000	67.219337	0.005697
448.000000	13.383000	67.299509	0.005502
449.000000	13.391000	67.379732	0.005600
450.000000	13.399000	67.459999	0.005380
451.000000	13.407000	67.540317	0.005404
452.000000	13.415000	67.620681	0.005453
453.000000	13.423000	67.701094	0.005502
454.000000	13.431000	67.781553	0.005282
455.000000	13.439000	67.862062	0.005380
456.000000	13.447000	67.942617	0.005331
457.000000	13.455000	68.023219	0.005575
458.000000	13.463000	68.103872	0.005014
459.000000	13.471000	68.184570	0.005331
460.000000	13.479000	68.265318	0.005429
461.000000	13.487000	68.346111	0.005209
462.000000	13.495000	68.426955	0.005209
463.000000	13.503000	68.507844	0.005307
464.000000	13.511000	68.588780	0.005111
465.000000	13.519000	68.669767	0.005551
466.000000	13.527000	68.750800	0.005404
467.000000	13.535000	68.831882	0.005209
468.000000	13.543000	68.913010	0.005453
469.000000	13.551000	68.994188	0.005233
470.000000	13.559000	69.075412	0.005429
471.000000	13.567000	69.156683	0.005429
472.000000	13.575000	69.238004	0.005575
473.000000	13.583000	69.319371	0.005136
474.000000	13.591000	69.400788	0.005355
475.000000	13.599000	69.482251	0.005478
476.000000	13.607000	69.563763	0.005331
477.000000	13.615000	69.645321	0.005111
478.000000	13.623000	69.726927	0.005209
479.000000	13.631000	69.808583	0.004965
480.000000	13.639000	69.890284	0.005038
481.000000	13.647000	69.972036	0.005160
482.000000	13.655000	70.053833	0.005258
483.000000	13.663000	70.135680	0.005307
484.000000	13.671000	70.217572	0.005478
485.000000	13.679000	70.299512	0.005136
486.000000	13.687000	70.381503	0.005331
487.000000	13.695000	70.463538	0.005478
488.000000	13.703000	70.545624	0.004989
489.000000	13.711000	70.627756	0.005111
490.000000	13.719000	70.709937	0.005355
491.000000	13.727000	70.792164	0.005258
492.000000	13.735000	70.874439	0.005307
493.000000	13.743000	70.956764	0.004965
494.000000	13.751000	71.039134	0.005111
495.000000	13.759000	71.121555	0.005038
496.000000	13.767000	71.204020	0.005185
497.000000	13.775000	71.286536	0.004867
498.000000	13.783000	71.369098	0.005258
499.000000	13.791000	71.451707	0.005014
500.000000	13.799000	71.534366	0.005282
501.000000	13.807000	71.617074	0.005111
502.000000	13.815000	71.699826	0.005209
503.000000	13.823000	71.782626	0.005038
504.000000	13.831000	71.865475	0.005111
505.000000	13.838999	71.948370	0.005282
506.000000	13.847000	72.031319	0.005233
507.000000	13.855000	72.114310	0.004940
508.000000	13.863000	72.197350	0.005136
509.000000	13.871000	72.280437	0.005038
510.000000	13.879000	72.363576	0.004989
511.000000	13.887000	72.446759	0.004989
512.000000	13.895000	72.529989	0.004892
513.000000	13.903000	72.613267	0.005038
514.000000	13.911000	72.696593	0.005087
515.000000	13.919000	72.779972	0.005160
516.000000	13.927000	72.863393	0.005014
517.000000	13.935000	72.946863	0.005209
518.000000	13.943000	73.030380	0.004940
519.000000	13.951000	73.113949	0.005355
520.000000	13.959000	73.197562	0.004989
521.000000	13.967000	73.281222	0.005087
522.000000	13.975000	73.364931	0.005038
523.000000	13.983000	73.448687	0.004867
524.000000	13.991000	73.532495	0.005038
525.000000	13.999000	73.616347	0.004770
526.000000	14.007000	73.700246	0.005062
527.000000	14.015000	73.784193	0.005355
528.000000	14.023000	73.868188	0.004989
529.000000	14.031000	73.952236	0.005136
530.000000	14.039000	74.036326	0.005209
531.000000	14.047000	74.120464	0.005111
532.000000	14.055000	74.204650	0.005038
533.000000	14.063000	74.288889	0.005014
534.000000	14.071000	74.373171	0.004794
535.000000	14.079000	74.457500	0.005111
536.000000	14.087000	74.541877	0.004818
537.000000	14.095000	74.626302	0.005038
538.000000	14.103000	74.710780	0.005062
539.000000	14.111000	74.795300	0.005111
540.000000	14.119000	74.879869	0.004647
541.000000	14.127000	74.964485	0.004892
542.000000	14.134999	75.049148	0.004818
543.000000	14.143000	75.133865	0.004623
544.000000	14.151000	75.218624	0.004916
545.000000	14.159000	75.303432	0.004623
546.000000	14.167000	75.388287	0.004525
547.000000	14.175000	75.473194	0.004989
548.000000	14.183000	75.558145	0.004696
549.000000	14.191000	75.643143	0.004916
550.000000	14.199000	75.728189	0.004892
551.000000	14.207000	75.813283	0.004989
552.000000	14.215000	75.898430	0.004794
553.000000	14.223000	75.983619	0.004818
554.000000	14.231000	76.068856	0.004867
555.000000	14.239000	76.154141	0.005038
556.000000	14.246999	76.239474	0.004770
557.000000	14.255000	76.324860	0.004892
558.000000	14.263000	76.410288	0.004867
559.000000	14.271000	76.495764	0.004965
560.000000	14.279000	76.581288	0.004696
561.000000	14.287000	76.666865	0.004794
562.000000	14.295000	76.752485	0.004550
563.000000	14.303000	76.838152	0.004940
564.000000	14.311000	76.923867	0.004696
565.000000	14.319000	77.009630	0.004867
566.000000	14.327000	77.095445	0.004550
567.000000	14.335000	77.181304	0.005160
568.000000	14.343000	77.267210	0.004770
569.000000	14.351000	77.353164	0.004672
570.000000	14.358999	77.439166	0.004403
571.000000	14.367000	77.525220	0.004745
572.000000	14.375000	77.611318	0.004672
573.000000	14.383000	77.697463	0.004770
574.000000	14.391000	77.783655	0.004623
575.000000	14.399000	77.869901	0.004696
576.000000	14.407000	77.956190	0.004892
577.000000	14.415000	78.042526	0.004818
578.000000	14.423000	78.128910	0.004403
579.000000	14.430999	78.215342	0.004623
580.000000	14.439000	78.301826	0.004623
581.000000	14.447000	78.388354	0.004574
582.000000	14.455000	78.474929	0.004550
583.000000	14.463000	78.561552	0.004721
584.000000	14.470999	78.648223	0.004623
585.000000	14.479000	78.734946	0.004672
586.000000	14.487000	78.821712	0.004696
587.000000	14.495000	78.908526	0.004696
588.000000	14.503000	78.995388	0.004696
589.000000	14.511000	79.082303	0.004550
590.000000	14.519000	79.169260	0.004428
591.000000	14.527000	79.256266	0.004916
592.000000	14.535000	79.343319	0.004501
593.000000	14.542999	79.430419	0.004818
594.000000	14.551000	79.517573	0.004696
595.000000	14.559000	79.604769	0.004477
596.000000	14.567000	79.692013	0.004525
597.000000	14.575000	79.779305	0.004647
598.000000	14.582999	79.866645	0.004232
599.000000	14.591000	79.954038	0.004574
600.000000	14.599000	80.041473	0.004501
601.000000	14.607000	80.128956	0.004477
602.000000	14.615000	80.216487	0.004452
603.000000	14.623000	80.304070	0.004770
604.000000	14.631000	80.391697	0.004794
605.000000	14.639000	80.479371	0.004843
606.000000	14.647000	80.567093	0.004281
607.000000	14.654999	80.654862	0.004623
608.000000	14.663000	80.742685	0.004354
609.000000	14.671000	80.830550	0.004501
610.000000	14.679000	80.918463	0.004281
611.000000	14.687000	81.006424	0.004379
612.000000	14.694999	81.094433	0.004696
613.000000	14.703000	81.182495	0.004306
614.000000	14.711000	81.270599	0.004403
615.000000	14.719000	81.358751	0.004379
616.000000	14.726999	81.446950	0.004159
617.000000	14.735000	81.535203	0.004501
618.000000	14.743000	81.623498	0.004794
619.000000	14.751000	81.711842	0.004403
620.000000	14.759000	81.800232	0.004379
621.000000	14.766999	81.888671	0.004525
622.000000	14.775000	81.977163	0.004428
623.000000	14.783000	82.065697	0.004452
624.000000	14.791000	82.154279	0.004257
