0.000000	24.049000	216.691135	-0.000382
1.000000	24.057000	216.835064	-0.000528
2.000000	24.065000	216.979039	-0.000309
3.000000	24.073000	217.123063	-0.000382
4.000000	24.081000	217.267135	-0.000504
5.000000	24.089000	217.411254	-0.000431
6.000000	24.097000	217.555421	-0.000284
7.000000	24.105000	217.699636	-0.000162
8.000000	24.113000	217.843899	-0.000382
9.000000	24.121000	217.988209	-0.000675
10.000000	24.129000	218.132567	-0.000357
11.000000	24.137000	218.276973	-0.000333
12.000000	24.145000	218.421427	-0.000357
13.000000	24.153000	218.565928	-0.000284
14.000000	24.161000	218.710478	-0.000675
15.000000	24.169000	218.855075	-0.000480
16.000000	24.177000	218.999720	-0.000382
17.000000	24.185000	219.144413	-0.000431
18.000000	24.193000	219.289153	-0.000626
19.000000	24.201000	219.433941	-0.001358
20.000000	24.209000	219.578777	-0.001188
21.000000	24.217000	219.723661	-0.001139
22.000000	24.225000	219.868593	-0.001139
23.000000	24.233000	220.013572	-0.001456
24.000000	24.241000	220.158599	-0.001505
25.000000	24.249000	220.303674	-0.001310
26.000000	24.257000	220.448797	-0.000992
27.000000	24.265000	220.593967	-0.000943
28.000000	24.273000	220.739186	-0.001163
29.000000	24.281000	220.884452	-0.000992
30.000000	24.289000	221.029766	-0.000797
31.000000	24.297000	221.175127	-0.000553
32.000000	24.305000	221.320537	-0.000943
33.000000	24.313000	221.465994	-0.000846
34.000000	24.321000	221.611499	-0.000699
35.000000	24.329000	221.757052	-0.000553
36.000000	24.337000	221.902652	-0.000577
37.000000	24.345000	222.048301	-0.000382
38.000000	24.353000	222.193997	-0.000602
39.000000	24.361000	222.339741	-0.000870
40.000000	24.369000	222.485533	-0.000480
41.000000	24.377000	222.631372	-0.000333
42.000000	24.385000	222.777259	-0.000211
43.000000	24.393000	222.923194	-0.000528
44.000000	24.401000	223.069177	-0.000504
45.000000	24.409000	223.215208	-0.000406
46.000000	24.417000	223.361286	-0.000602
47.000000	24.425000	223.507412	-0.000284
48.000000	24.433000	223.653586	-0.000797
49.000000	24.441000	223.799808	-0.000504
50.000000	24.449000	223.946077	-0.000431
51.000000	24.457000	224.092395	-0.000431
52.000000	24.465000	224.238760	-0.000846
53.000000	24.473000	224.385173	-0.000528
54.000000	24.481000	224.531634	-0.000431
55.000000	24.489000	224.678142	-0.000504
56.000000	24.497000	224.824698	-0.000553
57.000000	24.505000	224.971302	-0.000577
58.000000	24.513000	225.117954	-0.000480
59.000000	24.521000	225.264654	-0.000480
60.000000	24.529000	225.411401	-0.000724
61.000000	24.537000	225.558196	-0.000626
62.000000	24.545000	225.705039	-0.000577
63.000000	24.553000	225.851929	-0.000382
64.000000	24.561000	225.998868	-0.000724
65.000000	24.569000	226.145855	-0.000699
66.000000	24.577000	226.292888	-0.000992
67.000000	24.585000	226.439970	-0.000480
68.000000	24.593000	226.587100	-0.000480
69.000000	24.601000	226.734278	-0.000821
70.000000	24.609000	226.881502	-0.000504
71.000000	24.617000	227.028775	-0.000602
72.000000	24.625000	227.176097	-0.001285
73.000000	24.633000	227.323464	-0.000650
74.000000	24.641000	227.470881	-0.000797
75.000000	24.649000	227.618345	-0.001090
76.000000	24.657000	227.765858	-0.001139
77.000000	24.665000	227.913416	-0.001383
78.000000	24.673000	228.061024	-0.001065
79.000000	24.681000	228.208680	-0.001261
80.000000	24.689000	228.356383	-0.001407
81.000000	24.697000	228.504133	-0.000797
82.000000	24.705000	228.651932	-0.000772
83.000000	24.713000	228.799779	-0.000699
84.000000	24.721000	228.947672	-0.000553
85.000000	24.729000	229.095614	-0.000699
86.000000	24.737000	229.243604	-0.000431
87.000000	24.745000	229.391642	-0.000699
88.000000	24.753000	229.539727	-0.000650
89.000000	24.761000	229.687860	-0.000528
90.000000	24.769000	229.836041	-0.000675
91.000000	24.777000	229.984269	-0.000626
92.000000	24.785000	230.132546	-0.000504
93.000000	24.793000	230.280870	-0.000553
94.000000	24.801000	230.429243	-0.000602
95.000000	24.809000	230.577662	-0.000431
96.000000	24.817000	230.726130	-0.000480
97.000000	24.825000	230.874645	-0.000675
98.000000	24.833000	231.023208	-0.000797
99.000000	24.841000	231.171819	-0.000382
100.000000	24.849000	231.320478	-0.000943
101.000000	24.857000	231.469185	-0.000357
102.000000	24.865000	231.617938	-0.000699
103.000000	24.873000	231.766740	-0.000504
104.000000	24.881000	231.915591	-0.000455
105.000000	24.889000	232.064487	-0.000772
106.000000	24.897000	232.213433	-0.000406
107.000000	24.905000	232.362427	-0.000650
108.000000	24.913000	232.511468	-0.000797
109.000000	24.921000	232.660556	-0.000431
110.000000	24.929000	232.809693	-0.000699
111.000000	24.937000	232.958877	-0.000455
112.000000	24.945000	233.108109	-0.000626
113.000000	24.953000	233.257389	-0.000675
114.000000	24.961000	233.406717	-0.000748
115.000000	24.969000	233.556092	-0.000748
116.000000	24.977000	233.705515	-0.000455
117.000000	24.985000	233.854986	-0.000577
118.000000	24.993000	234.004505	-0.000602
119.000000	25.001000	234.154072	-0.000480
120.000000	25.009000	234.303686	-0.001188
121.000000	25.017000	234.453348	-0.000821
122.000000	25.025000	234.603058	-0.000919
123.000000	25.033000	234.752815	-0.000748
124.000000	25.041000	234.902621	-0.000455
125.000000	25.049000	235.052475	-0.000528
126.000000	25.057000	235.202375	-0.000650
127.000000	25.065000	235.352324	-0.000772
128.000000	25.073000	235.502321	-0.000675
129.000000	25.081000	235.652366	-0.000992
130.000000	25.089000	235.802458	-0.000748
131.000000	25.097000	235.952599	-0.000528
132.000000	25.105000	236.102785	-0.000626
133.000000	25.113000	236.253020	-0.000626
134.000000	25.121000	236.403304	-0.000626
135.000000	25.129000	236.553635	-0.000357
136.000000	25.137000	236.704015	-0.000675
137.000000	25.145000	236.854442	-0.000431
138.000000	25.153000	237.004916	-0.000260
139.000000	25.161000	237.155437	-0.000553
140.000000	25.169000	237.306007	-0.000626
141.000000	25.177000	237.456625	-0.000528
142.000000	25.185000	237.607291	-0.000455
143.000000	25.193000	237.758005	-0.000675
144.000000	25.201000	237.908766	-0.000602
145.000000	25.209000	238.059576	-0.000968
146.000000	25.217000	238.210430	-0.000724
147.000000	25.225000	238.361335	-0.000528
148.000000	25.233000	238.512288	-0.000602
149.000000	25.241000	238.663288	-0.000577
150.000000	25.249000	238.814336	-0.000650
151.000000	25.257000	238.965432	-0.000577
152.000000	25.265000	239.116576	-0.000602
153.000000	25.273000	239.267765	-0.000577
154.000000	25.281000	239.419005	-0.000333
155.000000	25.289000	239.570292	-0.000626
156.000000	25.297000	239.721627	-0.000797
157.000000	25.305000	239.873009	-0.000480
158.000000	25.313000	240.024440	-0.000602
159.000000	25.321000	240.175918	-0.000577
160.000000	25.329000	240.327444	-0.000699
161.000000	25.337000	240.479015	-0.000650
162.000000	25.345000	240.630637	-0.000626
163.000000	25.353000	240.782306	-0.000626
164.000000	25.361000	240.934024	-0.000480
165.000000	25.369000	241.085788	-0.000797
166.000000	25.377000	241.237601	-0.000235
167.000000	25.385000	241.389462	-0.000357
168.000000	25.393000	241.541368	-0.000553
169.000000	25.401000	241.693324	-0.000455
170.000000	25.409000	241.845328	-0.000284
171.000000	25.417000	241.997379	-0.000602
172.000000	25.425000	242.149479	-0.000602
173.000000	25.433000	242.301626	-0.000382
174.000000	25.441000	242.453821	-0.000480
175.000000	25.449000	242.606061	-0.000455
176.000000	25.457000	242.758352	-0.000553
177.000000	25.465000	242.910690	-0.000699
178.000000	25.473000	243.063076	-0.000504
179.000000	25.481000	243.215510	-0.000333
180.000000	25.489000	243.367992	-0.000455
181.000000	25.497000	243.520521	-0.000480
182.000000	25.505000	243.673096	-0.000480
183.000000	25.513000	243.825721	-0.000504
184.000000	25.521000	243.978394	-0.000553
185.000000	25.529000	244.131115	-0.000309
186.000000	25.537000	244.283883	-0.000699
187.000000	25.545000	244.436699	-0.000455
188.000000	25.553000	244.589563	-0.000577
189.000000	25.561000	244.742473	-0.000577
190.000000	25.569000	244.895432	-0.000357
191.000000	25.577000	245.048440	-0.000650
192.000000	25.585000	245.201495	-0.000772
193.000000	25.593000	245.354597	-0.000699
194.000000	25.601000	245.507748	-0.000895
195.000000	25.609000	245.660947	-0.001188
196.000000	25.617000	245.814190	-0.001090
197.000000	25.625000	245.967484	-0.000772
198.000000	25.633000	246.120826	-0.000528
199.000000	25.641000	246.274216	-0.000748
200.000000	25.649000	246.427653	-0.001017
201.000000	25.657000	246.581138	-0.000650
202.000000	25.665000	246.734671	-0.000797
203.000000	25.673000	246.888250	-0.000846
204.000000	25.681000	247.041878	-0.000699
205.000000	25.689000	247.195554	-0.001114
206.000000	25.697000	247.349278	-0.000650
207.000000	25.705000	247.503050	-0.000748
208.000000	25.713000	247.656870	-0.000357
209.000000	25.721000	247.810737	-0.000675
210.000000	25.729000	247.964650	-0.000919
211.000000	25.737000	248.118613	-0.000748
212.000000	25.745000	248.272624	-0.000480
213.000000	25.753000	248.426682	-0.000577
214.000000	25.761000	248.580789	-0.000455
215.000000	25.769000	248.734943	-0.000553
216.000000	25.777000	248.889145	-0.000504
217.000000	25.785000	249.043392	-0.000724
218.000000	25.793000	249.197689	-0.000968
219.000000	25.801000	249.352035	-0.000602
220.000000	25.809000	249.506428	-0.000480
221.000000	25.817000	249.660869	-0.000870
222.000000	25.825000	249.815357	-0.000968
223.000000	25.833000	249.969893	-0.000821
224.000000	25.841000	250.124475	-0.000919
225.000000	25.849000	250.279107	-0.000772
226.000000	25.857000	250.433787	-0.000699
227.000000	25.865000	250.588514	-0.000626
228.000000	25.873000	250.743290	-0.000797
229.000000	25.881000	250.898113	-0.000577
230.000000	25.889000	251.052984	-0.000528
231.000000	25.897000	251.207902	-0.000650
232.000000	25.905000	251.362866	-0.000504
233.000000	25.913000	251.517881	-0.000699
234.000000	25.921000	251.672943	-0.000821
235.000000	25.929000	251.828052	-0.000699
236.000000	25.937000	251.983210	-0.000553
237.000000	25.945000	252.138415	-0.000675
238.000000	25.953000	252.293668	-0.000650
239.000000	25.961000	252.448967	-0.000626
240.000000	25.969000	252.604316	-0.000504
241.000000	25.977000	252.759712	-0.000602
242.000000	25.985000	252.915156	-0.000553
243.000000	25.993000	253.070648	-0.000504
244.000000	26.001000	253.226188	-0.000553
245.000000	26.009000	253.381776	-0.000333
246.000000	26.017000	253.537409	-0.000626
247.000000	26.025000	253.693092	-0.000821
248.000000	26.033000	253.848823	-0.000602
249.000000	26.041000	254.004602	-0.000357
250.000000	26.049000	254.160428	-0.000504
251.000000	26.057000	254.316303	-0.000699
252.000000	26.065000	254.472222	-0.000357
253.000000	26.073000	254.628194	-0.000724
254.000000	26.081000	254.784210	-0.000650
255.000000	26.089000	254.940278	-0.000431
256.000000	26.097000	255.096388	-0.000577
257.000000	26.105000	255.252547	-0.000626
258.000000	26.113000	255.408758	-0.000528
259.000000	26.121000	255.565012	-0.000480
260.000000	26.129000	255.721319	-0.000431
261.000000	26.137000	255.877669	-0.000602
262.000000	26.145000	256.034071	-0.000333
263.000000	26.153000	256.190517	-0.000455
264.000000	26.161000	256.347010	-0.000553
265.000000	26.169000	256.503555	-0.000675
266.000000	26.177000	256.660144	-0.000431
267.000000	26.185000	256.816785	-0.000504
268.000000	26.193000	256.973470	-0.000650
269.000000	26.201000	257.130206	-0.000675
270.000000	26.209000	257.286986	-0.000577
271.000000	26.217000	257.443814	-0.000260
272.000000	26.225000	257.600694	-0.000528
273.000000	26.233000	257.757617	-0.000553
274.000000	26.241000	257.914593	-0.000187
275.000000	26.249000	258.071611	-0.000577
276.000000	26.257000	258.228683	-0.000284
277.000000	26.265000	258.385797	-0.000528
278.000000	26.273000	258.542959	-0.000406
279.000000	26.281000	258.700174	-0.000455
280.000000	26.289000	258.857431	-0.000309
281.000000	26.297000	259.014741	-0.000455
282.000000	26.305000	259.172095	-0.000699
283.000000	26.313000	259.329500	-0.000553
284.000000	26.321000	259.486949	-0.000821
285.000000	26.329000	259.644446	-0.000602
286.000000	26.337000	259.801995	-0.000602
287.000000	26.345000	259.959587	-0.000772
288.000000	26.353000	260.117232	-0.000553
289.000000	26.361000	260.274919	-0.000602
290.000000	26.369000	260.432660	-0.000577
291.000000	26.377000	260.590443	-0.000528
292.000000	26.385000	260.748274	-0.000357
293.000000	26.393000	260.906158	-0.000480
294.000000	26.401000	261.064084	-0.000772
295.000000	26.409000	261.222063	-0.000406
296.000000	26.417000	261.380085	-0.000480
297.000000	26.425000	261.538160	-0.000577
298.000000	26.433000	261.696278	-0.000846
299.000000	26.441000	261.854443	-0.000919
300.000000	26.449000	262.012662	-0.000724
301.000000	26.457000	262.170923	-0.000895
302.000000	26.465000	262.329236	-0.000846
303.000000	26.473000	262.487593	-0.000870
304.000000	26.481000	262.646002	-0.000992
305.000000	26.489000	262.804454	-0.000846
306.000000	26.497000	262.962954	-0.000919
307.000000	26.505000	263.121507	-0.000480
308.000000	26.513000	263.280103	-0.000870
309.000000	26.521000	263.438751	-0.000821
310.000000	26.529000	263.597442	-0.000602
311.000000	26.537000	263.756185	-0.000650
312.000000	26.545000	263.914972	-0.000626
313.000000	26.553000	264.073807	-0.000699
314.000000	26.561000	264.232694	-0.000895
315.000000	26.569000	264.391624	-0.000382
316.000000	26.577000	264.550606	-0.000528
317.000000	26.585000	264.709632	-0.000650
318.000000	26.593000	264.868710	-0.000626
319.000000	26.601000	265.027831	-0.000284
320.000000	26.609000	265.187005	-0.000602
321.000000	26.617000	265.346222	-0.000553
322.000000	26.625000	265.505486	-0.000626
323.000000	26.633000	265.664803	-0.000699
324.000000	26.641000	265.824164	-0.000699
325.000000	26.649000	265.983576	-0.000528
326.000000	26.657000	266.143032	-0.000309
327.000000	26.665000	266.302540	-0.000675
328.000000	26.673000	266.462091	-0.000504
329.000000	26.681000	266.621690	-0.000431
330.000000	26.689000	266.781342	-0.000626
331.000000	26.697000	266.941037	-0.000577
332.000000	26.705000	267.100784	-0.000357
333.000000	26.713000	267.260574	-0.000650
334.000000	26.721000	267.420417	-0.000406
335.000000	26.729000	267.580302	-0.000699
336.000000	26.737000	267.740236	-0.000357
337.000000	26.745000	267.900222	-0.000528
338.000000	26.753000	268.060251	-0.000675
339.000000	26.761000	268.220333	-0.000431
340.000000	26.769000	268.380457	-0.000553
341.000000	26.777000	268.540634	-0.000602
342.000000	26.785000	268.700855	-0.000528
343.000000	26.793000	268.861123	-0.000553
344.000000	26.801000	269.021443	-0.000528
345.000000	26.809000	269.181807	-0.000528
346.000000	26.817000	269.342223	-0.000504
347.000000	26.825000	269.502682	-0.000504
348.000000	26.833000	269.663194	-0.000455
349.000000	26.841000	269.823748	-0.000748
350.000000	26.849000	269.984351	-0.000504
351.000000	26.857000	270.145006	-0.000528
352.000000	26.865000	270.305704	-0.000431
353.000000	26.873000	270.466454	-0.000821
354.000000	26.881000	270.627248	-0.000650
355.000000	26.889000	270.788094	-0.000357
356.000000	26.897000	270.948983	-0.000528
357.000000	26.905000	271.109920	-0.000480
358.000000	26.913000	271.270910	-0.000504
359.000000	26.921000	271.431942	-0.000480
360.000000	26.929000	271.593027	-0.000553
361.000000	26.937000	271.754155	-0.000602
362.000000	26.945000	271.915336	-0.000626
363.000000	26.953000	272.076560	-0.000553
364.000000	26.961000	272.237831	-0.000382
365.000000	26.969000	272.399155	-0.000480
366.000000	26.977000	272.560522	-0.000382
367.000000	26.985000	272.721942	-0.000406
368.000000	26.993000	272.883404	-0.000382
369.000000	27.001000	273.044919	-0.000504
370.000000	27.009000	273.206478	-0.000577
371.000000	27.017000	273.368083	-0.000650
372.000000	27.025000	273.529742	-0.000553
373.000000	27.033000	273.691443	-0.000650
374.000000	27.041000	273.853198	-0.000480
375.000000	27.049000	274.014995	-0.000626
376.000000	27.057000	274.176844	-0.000626
377.000000	27.065000	274.338737	-0.000675
378.000000	27.073000	274.500677	-0.000675
379.000000	27.081000	274.662670	-0.000553
380.000000	27.089000	274.824706	-0.000431
381.000000	27.097000	274.986795	-0.000309
382.000000	27.105000	275.148926	-0.000235
383.000000	27.113000	275.311110	-0.000333
384.000000	27.121000	275.473337	-0.000528
385.000000	27.129000	275.635612	-0.000211
386.000000	27.137000	275.797940	-0.000577
387.000000	27.145000	275.960310	-0.000309
388.000000	27.153000	276.122733	-0.000504
389.000000	27.161000	276.285199	-0.000772
390.000000	27.169000	276.447718	-0.000260
391.000000	27.177000	276.610279	-0.000528
392.000000	27.185000	276.772889	-0.000553
393.000000	27.193000	276.935551	-0.000480
394.000000	27.201000	277.098256	-0.000309
395.000000	27.209000	277.261013	-0.000528
396.000000	27.217000	277.423814	-0.000431
397.000000	27.225000	277.586667	-0.000553
398.000000	27.233000	277.749563	-0.000357
399.000000	27.241000	277.912506	-0.000431
400.000000	27.249000	278.075503	-0.000480
401.000000	27.257000	278.238542	-0.000675
402.000000	27.265000	278.401634	-0.000333
403.000000	27.273000	278.564769	-0.000553
404.000000	27.281000	278.727957	-0.000528
405.000000	27.289000	278.891187	-0.000577
406.000000	27.297000	279.054466	-0.000357
407.000000	27.305000	279.217797	-0.000480
408.000000	27.313000	279.381170	-0.000626
409.000000	27.321000	279.544597	-0.000699
410.000000	27.329000	279.708066	-0.000650
411.000000	27.337000	279.871589	-0.000650
412.000000	27.345000	280.035154	-0.000406
413.000000	27.353000	280.198766	-0.000528
414.000000	27.361000	280.362432	-0.000235
415.000000	27.369000	280.526140	-0.000626
416.000000	27.377000	280.689901	-0.000528
417.000000	27.385000	280.853705	-0.000406
418.000000	27.393000	281.017562	-0.000504
419.000000	27.401000	281.181461	-0.000309
420.000000	27.409000	281.345408	-0.000480
421.000000	27.417000	281.509408	-0.000260
422.000000	27.425000	281.673451	-0.000260
423.000000	27.433000	281.837546	-0.000553
424.000000	27.441000	282.001685	-0.000480
425.000000	27.449000	282.165876	-0.000211
426.000000	27.457000	282.330110	-0.000455
427.000000	27.465000	282.494392	-0.000431
428.000000	27.473000	282.658726	-0.000333
429.000000	27.481000	282.823103	-0.000528
430.000000	27.489000	282.987533	-0.000504
431.000000	27.497000	283.152006	-0.000333
432.000000	27.505000	283.316532	-0.000699
433.000000	27.513000	283.481100	-0.000260
434.000000	27.521000	283.645716	-0.000455
435.000000	27.529000	283.810385	-0.000504
436.000000	27.537000	283.975097	-0.000406
437.000000	27.545000	284.139861	-0.000260
438.000000	27.553000	284.304669	-0.000406
439.000000	27.561000	284.469529	-0.000357
440.000000	27.569000	284.634432	-0.000602
441.000000	27.577000	284.799382	-0.000357
442.000000	27.585000	284.964386	-0.000528
443.000000	27.593000	285.129432	-0.000431
444.000000	27.601000	285.294531	-0.000480
445.000000	27.609000	285.459673	-0.000406
446.000000	27.617000	285.624867	-0.000504
447.000000	27.625000	285.790105	-0.000577
448.000000	27.633000	285.955390	-0.000504
449.000000	27.641000	286.120728	-0.000528
450.000000	27.649000	286.286109	-0.000480
451.000000	27.657000	286.451542	-0.000870
452.000000	27.665000	286.617018	-0.000455
453.000000	27.673000	286.782547	-0.000528
454.000000	27.681000	286.948119	-0.000260
455.000000	27.689000	287.113744	-0.000480
456.000000	27.697000	287.279411	-0.000357
457.000000	27.705000	287.445126	-0.000357
458.000000	27.713000	287.610894	-0.000528
459.000000	27.721000	287.776705	-0.000504
460.000000	27.729000	287.942569	-0.000553
461.000000	27.737000	288.108475	-0.000626
462.000000	27.745000	288.274434	-0.000699
463.000000	27.753000	288.440436	-0.000431
464.000000	27.761000	288.606486	-0.000406
465.000000	27.769000	288.772588	-0.000382
466.000000	27.777000	288.938733	-0.000528
467.000000	27.785000	289.104931	-0.000333
468.000000	27.793000	289.271172	-0.000455
469.000000	27.801000	289.437466	-0.000553
470.000000	27.809000	289.603802	-0.000455
471.000000	27.817000	289.770186	-0.000211
472.000000	27.825000	289.936623	-0.000382
473.000000	27.833000	290.103103	-0.000431
474.000000	27.841000	290.269635	-0.000309
475.000000	27.849000	290.436211	-0.000333
476.000000	27.857000	290.602839	-0.000455
477.000000	27.865000	290.769510	-0.000406
478.000000	27.873000	290.936228	-0.000553
479.000000	27.881000	291.103000	-0.000187
480.000000	27.889000	291.269814	-0.000577
481.000000	27.897000	291.436681	-0.000431
482.000000	27.905000	291.603591	-0.000553
483.000000	27.913000	291.770553	-0.000089
484.000000	27.921000	291.937558	-0.000528
485.000000	27.929000	292.104612	-0.000480
486.000000	27.937000	292.271717	-0.000309
487.000000	27.945000	292.438866	-0.000602
488.000000	27.953000	292.606068	-0.000333
489.000000	27.961000	292.773312	-0.000431
490.000000	27.969000	292.940609	-0.000187
491.000000	27.977000	293.107949	-0.000357
492.000000	27.985000	293.275336	-0.000382
493.000000	27.993000	293.442777	-0.000333
494.000000	28.001000	293.610260	-0.000455
495.000000	28.009000	293.777796	-0.000455
496.000000	28.017000	293.945375	-0.000455
497.000000	28.025000	294.113006	-0.000553
498.000000	28.033000	294.280680	-0.000333
499.000000	28.041000	294.448402	-0.000382
500.000000	28.049000	294.616177	-0.000650
501.000000	28.057000	294.784000	-0.000333
502.000000	28.065000	294.951865	-0.000431
503.000000	28.073000	295.119779	-0.000772
504.000000	28.081000	295.287740	-0.000309
505.000000	28.088999	295.455748	-0.000480
506.000000	28.097000	295.623815	-0.000382
507.000000	28.105000	295.791919	-0.000333
508.000000	28.113000	295.960071	-0.000235
509.000000	28.121000	296.128271	-0.000333
510.000000	28.129000	296.296529	-0.000357
511.000000	28.137000	296.464825	-0.000187
512.000000	28.145000	296.633168	-0.000577
513.000000	28.153000	296.801559	-0.000235
514.000000	28.161000	296.969998	-0.000382
515.000000	28.169000	297.138494	-0.000406
516.000000	28.177000	297.307029	-0.000406
517.000000	28.185000	297.475611	-0.000284
518.000000	28.193000	297.644241	-0.000480
519.000000	28.201000	297.812929	-0.000309
520.000000	28.209000	297.981654	-0.000162
521.000000	28.217000	298.150428	-0.000162
522.000000	28.225000	298.319249	-0.000260
523.000000	28.233000	298.488117	-0.000357
524.000000	28.241000	298.657044	-0.000528
525.000000	28.249000	298.826009	-0.000187
526.000000	28.257000	298.995021	-0.000333
527.000000	28.265000	299.164081	-0.000333
528.000000	28.273000	299.333189	-0.000284
529.000000	28.281000	299.502354	-0.000162
530.000000	28.289000	299.671558	-0.000260
531.000000	28.297000	299.840809	-0.000504
532.000000	28.305000	300.010108	-0.000382
533.000000	28.313000	300.179464	-0.000113
534.000000	28.321000	300.348859	-0.000504
535.000000	28.329000	300.518301	-0.000357
536.000000	28.337000	300.687791	-0.000406
537.000000	28.345000	300.857329	-0.000138
538.000000	28.353000	301.026925	-0.000357
539.000000	28.361000	301.196558	-0.000357
540.000000	28.369000	301.366239	-0.000211
541.000000	28.377000	301.535968	-0.000406
542.000000	28.384999	301.705745	-0.000553
543.000000	28.393000	301.875580	-0.000455
544.000000	28.401000	302.045452	-0.000455
545.000000	28.409000	302.215372	-0.000309
546.000000	28.417000	302.385340	-0.000309
547.000000	28.425000	302.555366	-0.000260
548.000000	28.433000	302.725429	-0.000235
549.000000	28.441000	302.895540	-0.000504
550.000000	28.449000	303.065699	-0.000333
551.000000	28.457000	303.235906	-0.000187
552.000000	28.465000	303.406171	-0.000260
553.000000	28.473000	303.576473	-0.000162
554.000000	28.481000	303.746823	-0.000333
555.000000	28.489000	303.917221	-0.000089
556.000000	28.496999	304.087667	-0.000138
557.000000	28.505000	304.258171	-0.000113
558.000000	28.513000	304.428712	-0.000260
559.000000	28.521000	304.599301	-0.000480
560.000000	28.529000	304.769938	-0.000309
561.000000	28.537000	304.940633	-0.000260
562.000000	28.545000	305.111365	-0.000235
563.000000	28.553000	305.282145	-0.000406
564.000000	28.561000	305.452973	-0.000455
565.000000	28.569000	305.623849	-0.000382
566.000000	28.577000	305.794783	-0.000333
567.000000	28.585000	305.965754	-0.000333
568.000000	28.593000	306.136773	-0.000333
569.000000	28.601000	306.307840	-0.000235
570.000000	28.608999	306.478954	-0.000382
571.000000	28.617000	306.650127	-0.000553
572.000000	28.625000	306.821337	-0.000382
573.000000	28.633000	306.992595	-0.000528
574.000000	28.641000	307.163901	-0.000382
575.000000	28.649000	307.335265	-0.000187
576.000000	28.657000	307.506666	-0.000284
577.000000	28.665000	307.678115	-0.000211
578.000000	28.673000	307.849612	-0.000650
579.000000	28.680999	308.021157	-0.000187
580.000000	28.689000	308.192760	-0.000480
581.000000	28.697000	308.364400	-0.000357
582.000000	28.705000	308.536088	-0.000211
583.000000	28.713000	308.707824	-0.000187
584.000000	28.720999	308.879607	-0.000138
585.000000	28.729000	309.051449	-0.000284
586.000000	28.737000	309.223328	-0.000187
587.000000	28.745000	309.395255	-0.000333
588.000000	28.753000	309.567230	-0.000406
589.000000	28.761000	309.739263	-0.000357
590.000000	28.769000	309.911333	-0.000480
591.000000	28.777000	310.083451	-0.000504
592.000000	28.785000	310.255617	-0.000260
593.000000	28.792999	310.427831	-0.000235
594.000000	28.801000	310.600102	-0.000284
595.000000	28.809000	310.772412	-0.000211
596.000000	28.817000	310.944769	-0.000357
597.000000	28.825000	311.117173	-0.000455
598.000000	28.832999	311.289626	-0.000187
599.000000	28.841000	311.462137	-0.000260
600.000000	28.849000	311.634685	-0.000333
601.000000	28.857000	311.807281	-0.000235
602.000000	28.865000	311.979924	-0.000162
603.000000	28.873000	312.152626	-0.000040
604.000000	28.881000	312.325365	-0.000382
605.000000	28.889000	312.498152	-0.000406
606.000000	28.897000	312.670987	-0.000431
607.000000	28.904999	312.843870	-0.000357
608.000000	28.913000	313.016811	-0.000162
609.000000	28.921000	313.189789	-0.000357
610.000000	28.929000	313.362815	-0.000406
611.000000	28.937000	313.535889	-0.000333
612.000000	28.944999	313.709010	-0.000235
613.000000	28.953000	313.882190	-0.000113
614.000000	28.961000	314.055407	-0.000455
615.000000	28.969000	314.228672	-0.000357
616.000000	28.976999	314.401984	-0.000480
617.000000	28.985000	314.575355	-0.000357
618.000000	28.993000	314.748763	-0.000235
619.000000	29.001000	314.922219	-0.000260
620.000000	29.009000	315.095723	-0.000309
621.000000	29.016999	315.269275	-0.000064
622.000000	29.025000	315.442884	-0.000480
623.000000	29.033000	315.616532	-0.000235
624.000000	29.041000	315.790226	-0.000138
