0.000	550.000	-186.800	0.000
1.000	549.980	-166.600	0.257
2.000	549.960	-170.600	12.173
3.000	549.940	-167.600	24.175
4.000	549.920	-157.400	36.178
5.000	549.900	-180.600	48.178
6.000	549.880	-184.400	60.171
7.000	549.860	-158.400	72.171
8.000	549.840	-174.600	84.175
9.000	549.820	-195.400	96.192
10.000	549.800	-169.400	108.186
11.000	549.780	-187.600	120.185
12.000	549.760	-188.800	132.194
13.000	549.740	-175.200	144.205
14.000	549.720	-164.600	156.214
15.000	549.700	-181.400	168.224
16.000	549.680	-156.800	180.246
17.000	549.660	-158.800	192.194
18.000	549.640	-146.200	204.210
19.000	549.620	-143.000	216.220
20.000	549.600	-142.600	228.248
21.000	549.580	-165.400	240.174
22.000	549.560	-158.600	252.201
23.000	549.540	-189.000	264.214
24.000	549.520	-164.600	276.220
25.000	549.500	-157.400	288.224
26.000	549.480	-130.000	300.231
27.000	549.460	-140.200	312.255
28.000	549.440	-137.200	324.299
29.000	549.420	-143.800	336.189
30.000	549.400	-140.200	348.198
31.000	549.380	-145.800	360.203
32.000	549.360	-138.200	372.206
33.000	549.340	-130.400	384.215
34.000	549.320	-143.000	396.217
35.000	549.300	-155.000	408.224
36.000	549.280	-132.200	420.230
37.000	549.260	-134.400	432.234
38.000	549.240	-130.200	444.235
39.000	549.220	-128.000	456.263
40.000	549.200	-124.400	468.182
41.000	549.180	-128.000	480.190
42.000	549.160	-116.400	492.177
43.000	549.140	-118.000	504.192
44.000	549.120	-131.200	516.197
45.000	549.100	-112.400	528.195
46.000	549.080	-113.400	540.196
47.000	549.060	-117.200	552.201
48.000	549.040	-134.800	564.206
49.000	549.020	-130.000	576.227
50.000	549.000	-106.000	588.230
51.000	548.980	-127.000	600.224
52.000	548.960	-123.400	612.222
53.000	548.940	-114.400	624.224
54.000	548.920	-111.800	636.225
55.000	548.900	-112.400	648.219
56.000	548.880	-96.200	660.201
57.000	548.860	-96.000	672.200
58.000	548.840	-113.200	684.205
59.000	548.820	-116.800	698.070
60.000	548.800	-120.800	708.194
61.000	548.780	-122.000	720.203
62.000	548.760	-111.000	732.203
63.000	548.740	-107.600	744.200
64.000	548.720	-112.000	756.187
65.000	548.700	-112.600	768.199
66.000	548.680	-112.400	780.189
67.000	548.660	-107.800	792.201
68.000	548.640	-94.200	804.190
69.000	548.620	-112.600	816.201
70.000	548.600	-111.800	828.187
71.000	548.580	-131.000	840.195
72.000	548.560	-127.400	852.194
73.000	548.540	-117.400	864.206
74.000	548.520	-103.200	876.185
75.000	548.500	-92.800	888.194
76.000	548.480	-96.400	900.208
77.000	548.460	-108.000	912.203
78.000	548.440	-117.200	924.200
79.000	548.420	-118.000	936.195
80.000	548.400	-110.000	948.210
81.000	548.380	-98.000	960.209
82.000	548.360	-115.800	972.211
83.000	548.340	-120.400	984.215
84.000	548.320	-115.600	996.216
85.000	548.300	-117.600	1008.217
86.000	548.280	-112.600	1020.211
87.000	548.260	-109.400	1032.197
88.000	548.240	-106.400	1044.208
89.000	548.220	-109.800	1056.199
90.000	548.200	-91.000	1068.215
91.000	548.180	-89.200	1080.216
92.000	548.160	-86.400	1092.215
93.000	548.140	-94.400	1104.209
94.000	548.120	-96.200	1116.198
95.000	548.100	-94.800	1128.198
96.000	548.080	-110.800	1140.197
97.000	548.060	-99.400	1152.191
98.000	548.040	-103.800	1164.181
99.000	548.020	-88.600	1176.187
100.000	548.000	-86.800	1188.186
101.000	547.980	-87.200	1200.209
102.000	547.960	-90.600	1212.192
103.000	547.940	-83.200	1224.196
104.000	547.920	-86.200	1236.201
105.000	547.900	-76.200	1248.204
106.000	547.880	-88.400	1260.208
107.000	547.860	-103.800	1272.210
108.000	547.840	-105.000	1284.211
109.000	547.820	-86.600	1296.220
110.000	547.800	-83.800	1308.200
111.000	547.780	-92.000	1320.194
112.000	547.760	-85.600	1332.196
113.000	547.740	-72.200	1344.198
114.000	547.720	-78.400	1356.261
115.000	547.700	-84.400	1368.242
116.000	547.680	-91.800	1380.223
117.000	547.660	-86.000	1392.206
118.000	547.640	-77.600	1404.208
119.000	547.620	-72.400	1416.203
120.000	547.600	-85.600	1428.209
121.000	547.580	-82.600	1440.207
122.000	547.560	-79.200	1452.207
123.000	547.540	-71.800	1464.218
124.000	547.520	-73.400	1476.210
125.000	547.500	-91.000	1488.198
126.000	547.480	-83.200	1500.269
127.000	547.460	-82.400	1512.241
128.000	547.440	-97.000	1524.225
129.000	547.420	-76.000	1536.211
130.000	547.400	-82.400	1548.227
131.000	547.380	-90.400	1560.217
132.000	547.360	-86.200	1572.231
133.000	547.340	-90.600	1584.223
134.000	547.320	-94.200	1596.212
135.000	547.300	-82.600	1608.219
136.000	547.280	-95.400	1620.225
137.000	547.260	-96.800	1632.228
138.000	547.240	-89.600	1644.222
139.000	547.220	-88.200	1656.228
140.000	547.200	-80.200	1668.236
141.000	547.180	-97.400	1680.231
142.000	547.160	-86.800	1692.216
143.000	547.140	-105.400	1704.236
144.000	547.120	-95.800	1716.231
145.000	547.100	-89.400	1728.220
146.000	547.080	-87.000	1740.226
147.000	547.060	-69.200	1752.231
148.000	547.040	-85.400	1764.212
149.000	547.020	-85.400	1776.215
150.000	547.000	-97.200	1788.214
151.000	546.980	-105.000	1800.219
152.000	546.960	-94.600	1812.223
153.000	546.940	-84.600	1824.232
154.000	546.920	-85.600	1836.225
155.000	546.900	-70.000	1848.239
156.000	546.880	-71.800	1860.232
157.000	546.860	-74.600	1872.232
158.000	546.840	-82.400	1884.242
159.000	546.820	-79.600	1896.240
160.000	546.800	-80.000	1908.224
161.000	546.780	-74.400	1920.237
162.000	546.760	-76.400	1932.242
163.000	546.740	-79.200	1944.238
164.000	546.720	-89.200	1956.232
165.000	546.700	-80.000	1968.248
166.000	546.680	-80.400	1980.248
167.000	546.660	-88.800	1992.241
168.000	546.640	-86.400	2004.245
169.000	546.620	-90.600	2016.252
170.000	546.600	-92.400	2028.249
171.000	546.580	-86.400	2040.246
172.000	546.560	-90.800	2052.238
173.000	546.540	-80.600	2064.259
174.000	546.520	-83.800	2076.256
175.000	546.500	-83.400	2088.246
176.000	546.480	-82.200	2100.243
177.000	546.460	-83.800	2112.249
178.000	546.440	-69.600	2124.234
179.000	546.420	-77.400	2136.245
180.000	546.400	-83.400	2148.241
181.000	546.380	-84.800	2160.251
182.000	546.360	-79.600	2172.249
183.000	546.340	-82.400	2184.243
184.000	546.320	-80.600	2196.256
185.000	546.300	-84.200	2208.243
186.000	546.280	-77.200	2220.246
187.000	546.260	-70.400	2232.260
188.000	546.240	-78.000	2244.252
189.000	546.220	-91.000	2256.266
190.000	546.200	-86.000	2268.301
191.000	546.180	-83.400	2280.312
192.000	546.160	-78.200	2292.263
193.000	546.140	-65.200	2304.250
194.000	546.120	-67.600	2316.254
195.000	546.100	-76.800	2328.246
196.000	546.080	-64.200	2340.252
197.000	546.060	-62.400	2352.236
198.000	546.040	-68.200	2364.259
199.000	546.020	-66.400	2376.269
200.000	546.000	-74.600	2388.268
201.000	545.980	-71.000	2400.263
202.000	545.960	-68.200	2412.255
203.000	545.940	-72.000	2424.248
204.000	545.920	-73.400	2436.254
205.000	545.900	-83.600	2448.248
206.000	545.880	-82.000	2460.264
207.000	545.860	-77.600	2472.259
208.000	545.840	-81.400	2484.253
209.000	545.820	-79.200	2496.267
210.000	545.800	-77.200	2508.266
211.000	545.780	-75.200	2520.252
212.000	545.760	-73.200	2532.260
213.000	545.740	-74.800	2544.257
214.000	545.720	-62.000	2556.264
215.000	545.700	-64.000	2568.172
216.000	545.680	-86.200	2580.176
217.000	545.660	-78.000	2592.302
218.000	545.640	-80.400	2604.256
219.000	545.620	-81.400	2616.262
220.000	545.600	-78.200	2628.257
221.000	545.580	-75.000	2640.180
222.000	545.560	-81.400	2652.171
223.000	545.540	-72.000	2664.266
224.000	545.520	-64.000	2676.266
225.000	545.500	-71.200	2688.255
226.000	545.480	-71.600	2700.268
227.000	545.460	-74.400	2712.265
228.000	545.440	-69.400	2724.269
229.000	545.420	-75.400	2736.260
230.000	545.400	-76.600	2748.265
231.000	545.380	-89.800	2760.266
232.000	545.360	-83.400	2772.173
233.000	545.340	-78.200	2784.261
234.000	545.320	-66.200	2796.175
235.000	545.300	-69.200	2808.269
236.000	545.280	-71.800	2820.181
237.000	545.260	-82.200	2832.184
238.000	545.240	-87.000	2844.181
239.000	545.220	-88.200	2856.265
240.000	545.200	-74.400	2868.177
241.000	545.180	-84.200	2880.182
242.000	545.160	-73.600	2892.309
243.000	545.140	-70.600	2904.172
244.000	545.120	-85.200	2916.307
245.000	545.100	-74.800	2928.259
246.000	545.080	-72.000	2940.263
247.000	545.060	-65.800	2952.180
248.000	545.040	-71.600	2964.171
249.000	545.020	-74.600	2976.299
250.000	545.000	-70.800	2988.180
251.000	544.980	0.000	3000.185
