0.000000	32.649000	398.998015	0.000619
1.000000	32.657000	399.193310	0.000375
2.000000	32.665000	399.388653	0.000521
3.000000	32.673000	399.584044	0.000619
4.000000	32.681000	399.779482	0.000521
5.000000	32.689000	399.974969	0.000546
6.000000	32.697000	400.170503	0.000668
7.000000	32.705000	400.366084	0.000375
8.000000	32.713000	400.561714	0.000448
9.000000	32.721000	400.757392	0.000644
10.000000	32.729000	400.953117	0.000546
11.000000	32.737000	401.148890	0.000668
12.000000	32.745000	401.344711	0.000497
13.000000	32.753000	401.540579	0.000619
14.000000	32.761000	401.736496	0.000570
15.000000	32.769000	401.932460	0.000399
16.000000	32.777000	402.128472	0.000644
17.000000	32.785000	402.324532	0.000595
18.000000	32.793000	402.520639	0.000546
19.000000	32.801000	402.716795	0.000717
20.000000	32.809000	402.912998	0.000717
21.000000	32.817000	403.109248	0.000741
22.000000	32.825000	403.305547	0.000692
23.000000	32.833000	403.501893	0.000668
24.000000	32.841000	403.698288	0.000570
25.000000	32.849000	403.894730	0.000717
26.000000	32.857000	404.091220	0.000766
27.000000	32.865000	404.287757	0.000717
28.000000	32.873000	404.484342	0.000717
29.000000	32.881000	404.680975	0.000570
30.000000	32.889000	404.877656	0.000448
31.000000	32.897000	405.074385	0.000570
32.000000	32.905000	405.271162	0.000570
33.000000	32.913000	405.467986	0.000692
34.000000	32.921000	405.664858	0.000546
35.000000	32.929000	405.861777	0.000619
36.000000	32.937000	406.058746	0.000448
37.000000	32.945000	406.255761	0.000448
38.000000	32.953000	406.452824	0.000619
39.000000	32.961000	406.649935	0.000546
40.000000	32.969000	406.847094	0.000448
41.000000	32.977000	407.044300	0.000497
42.000000	32.985000	407.241554	0.000497
43.000000	32.993000	407.438857	0.000424
44.000000	33.001000	407.636206	0.000473
45.000000	33.009000	407.833604	0.000180
46.000000	33.017000	408.031049	0.000106
47.000000	33.025000	408.228543	0.000033
48.000000	33.033000	408.426084	-0.000211
49.000000	33.041000	408.623672	-0.001163
50.000000	33.049000	408.821309	-0.000724
51.000000	33.057000	409.018993	-0.001554
52.000000	33.065000	409.216726	-0.002237
53.000000	33.073000	409.414506	-0.001944
54.000000	33.081000	409.612334	-0.002628
55.000000	33.089000	409.810209	-0.003312
56.000000	33.097000	410.008132	-0.002774
57.000000	33.105000	410.206103	-0.001993
58.000000	33.113000	410.404122	-0.002189
59.000000	33.121000	410.602189	-0.002164
60.000000	33.129000	410.800303	-0.001432
61.000000	33.137000	410.998466	-0.001432
62.000000	33.145000	411.196675	-0.001114
63.000000	33.153000	411.394933	-0.000968
64.000000	33.161000	411.593239	-0.000211
65.000000	33.169000	411.791592	-0.000333
66.000000	33.177000	411.989992	-0.000406
67.000000	33.185000	412.188442	0.000082
68.000000	33.193000	412.386939	-0.000016
69.000000	33.201000	412.585484	0.000228
70.000000	33.209000	412.784075	0.000302
71.000000	33.217000	412.982715	0.000204
72.000000	33.225000	413.181404	0.000375
73.000000	33.233000	413.380138	0.000546
74.000000	33.241000	413.578922	0.000546
75.000000	33.249000	413.777753	0.000595
76.000000	33.257000	413.976633	0.000619
77.000000	33.265000	414.175558	0.000717
78.000000	33.273000	414.374533	0.000595
79.000000	33.281000	414.573556	0.000692
80.000000	33.289000	414.772627	0.000521
81.000000	33.297000	414.971743	0.000302
82.000000	33.305000	415.170910	0.000692
83.000000	33.313000	415.370123	0.000644
84.000000	33.321000	415.569384	0.000668
85.000000	33.329000	415.768693	0.000546
86.000000	33.337000	415.968050	0.000814
87.000000	33.345000	416.167455	0.000863
88.000000	33.353000	416.366906	0.000619
89.000000	33.361000	416.566407	0.000741
90.000000	33.369000	416.765955	0.000717
91.000000	33.377000	416.965550	0.000570
92.000000	33.385000	417.165194	0.000717
93.000000	33.393000	417.364885	0.000546
94.000000	33.401000	417.564625	0.000717
95.000000	33.409000	417.764411	0.000619
96.000000	33.417000	417.964246	0.000741
97.000000	33.425000	418.164129	0.000668
98.000000	33.433000	418.364058	0.000595
99.000000	33.441000	418.564036	0.000766
100.000000	33.449000	418.764062	0.000521
101.000000	33.457000	418.964136	0.000692
102.000000	33.465000	419.164256	0.000863
103.000000	33.473000	419.364426	0.000692
104.000000	33.481000	419.564643	0.000741
105.000000	33.489000	419.764907	0.000814
106.000000	33.497000	419.965220	0.000692
107.000000	33.505000	420.165580	0.000863
108.000000	33.513000	420.365989	0.000668
109.000000	33.521000	420.566443	0.000741
110.000000	33.529000	420.766947	0.000595
111.000000	33.537000	420.967499	0.000863
112.000000	33.545000	421.168097	0.000741
113.000000	33.553000	421.368745	0.000814
114.000000	33.561000	421.569440	0.000644
115.000000	33.569000	421.770183	0.000717
116.000000	33.577000	421.970972	0.000521
117.000000	33.585000	422.171810	0.000741
118.000000	33.593000	422.372697	0.000790
119.000000	33.601000	422.573631	0.000888
120.000000	33.609000	422.774611	0.000570
121.000000	33.617000	422.975641	0.000595
122.000000	33.625000	423.176718	0.000766
123.000000	33.633000	423.377842	0.000595
124.000000	33.641000	423.579015	0.000668
125.000000	33.649000	423.780236	0.000717
126.000000	33.657000	423.981503	0.000668
127.000000	33.665000	424.182819	0.000814
128.000000	33.673000	424.384183	0.000595
129.000000	33.681000	424.585595	0.000570
130.000000	33.689000	424.787055	0.000741
131.000000	33.697000	424.988562	0.000448
132.000000	33.705000	425.190114	0.000668
133.000000	33.713000	425.391717	0.000790
134.000000	33.721000	425.593368	0.000814
135.000000	33.729000	425.795067	0.000912
136.000000	33.737000	425.996813	0.000961
137.000000	33.745000	426.198607	0.000766
138.000000	33.753000	426.400449	0.000766
139.000000	33.761000	426.602336	0.000717
140.000000	33.769000	426.804273	0.000668
141.000000	33.777000	427.006259	0.000839
142.000000	33.785000	427.208292	0.000888
143.000000	33.793000	427.410372	0.000863
144.000000	33.801000	427.612501	0.000888
145.000000	33.809000	427.814678	0.000814
146.000000	33.817000	428.016899	0.000790
147.000000	33.825000	428.219171	0.000863
148.000000	33.833000	428.421490	0.000741
149.000000	33.841000	428.623858	0.000814
150.000000	33.849000	428.826273	0.000888
151.000000	33.857000	429.028736	0.000863
152.000000	33.865000	429.231247	0.000766
153.000000	33.873000	429.433803	0.000814
154.000000	33.881000	429.636410	0.000814
155.000000	33.889000	429.839064	0.000912
156.000000	33.897000	430.041766	0.000937
157.000000	33.905000	430.244516	0.000790
158.000000	33.913000	430.447313	0.000717
159.000000	33.921000	430.650159	0.000863
160.000000	33.929000	430.853052	0.000912
161.000000	33.937000	431.055990	0.000717
162.000000	33.945000	431.258978	0.000888
163.000000	33.953000	431.462015	0.000790
164.000000	33.961000	431.665099	0.000717
165.000000	33.969000	431.868231	0.000839
166.000000	33.977000	432.071411	0.000888
167.000000	33.985000	432.274639	0.000741
168.000000	33.993000	432.477911	0.000717
169.000000	34.001000	432.681235	0.000839
170.000000	34.009000	432.884606	0.000766
171.000000	34.017000	433.088024	0.000863
172.000000	34.025000	433.291491	0.000863
173.000000	34.033000	433.495005	0.000888
174.000000	34.041000	433.698567	0.000814
175.000000	34.049000	433.902174	0.000985
176.000000	34.057000	434.105832	0.000961
177.000000	34.065000	434.309537	0.000839
178.000000	34.073000	434.513291	0.000863
179.000000	34.081000	434.717092	0.000888
180.000000	34.089000	434.920941	0.000985
181.000000	34.097000	435.124837	0.000839
182.000000	34.105000	435.328779	0.000912
183.000000	34.113000	435.532771	0.000937
184.000000	34.121000	435.736811	0.000839
185.000000	34.129000	435.940899	0.000766
186.000000	34.137000	436.145034	0.000766
187.000000	34.145000	436.349217	0.000790
188.000000	34.153000	436.553448	0.000692
189.000000	34.161000	436.757724	0.000888
190.000000	34.169000	436.962051	0.000985
191.000000	34.177000	437.166425	0.000888
192.000000	34.185000	437.370848	0.001059
193.000000	34.193000	437.575318	0.000790
194.000000	34.201000	437.779836	0.000888
195.000000	34.209000	437.984401	0.000912
196.000000	34.217000	438.189011	0.000790
197.000000	34.225000	438.393673	0.000937
198.000000	34.233000	438.598382	0.000717
199.000000	34.241000	438.803138	0.000692
200.000000	34.249000	439.007943	0.000790
201.000000	34.257000	439.212795	0.001059
202.000000	34.265000	439.417695	0.000741
203.000000	34.273000	439.622640	0.000814
204.000000	34.281000	439.827636	0.000961
205.000000	34.289000	440.032679	0.000985
206.000000	34.297000	440.237770	0.000717
207.000000	34.305000	440.442909	0.000814
208.000000	34.313000	440.648096	0.000912
209.000000	34.321000	440.853331	0.001010
210.000000	34.329000	441.058610	0.000863
211.000000	34.337000	441.263940	0.000839
212.000000	34.345000	441.469318	0.000839
213.000000	34.353000	441.674744	0.000888
214.000000	34.361000	441.880217	0.000766
215.000000	34.369000	442.085738	0.000912
216.000000	34.377000	442.291307	0.000814
217.000000	34.385000	442.496921	0.001010
218.000000	34.393000	442.702586	0.000839
219.000000	34.401000	442.908298	0.000961
220.000000	34.409000	443.114058	0.000985
221.000000	34.417000	443.319866	0.000863
222.000000	34.425000	443.525722	0.000888
223.000000	34.433000	443.731625	0.000961
224.000000	34.441000	443.937574	0.000961
225.000000	34.449000	444.143573	0.000961
226.000000	34.457000	444.349620	0.000888
227.000000	34.465000	444.555714	0.000912
228.000000	34.473000	444.761857	0.000790
229.000000	34.481000	444.968047	0.000668
230.000000	34.489000	445.174285	0.000961
231.000000	34.497000	445.380571	0.000888
232.000000	34.505000	445.586901	0.000814
233.000000	34.513000	445.793283	0.000644
234.000000	34.521000	445.999712	0.000814
235.000000	34.529000	446.206189	0.000741
236.000000	34.537000	446.412713	0.000863
237.000000	34.545000	446.619286	0.000961
238.000000	34.553000	446.825906	0.000888
239.000000	34.561000	447.032571	0.000961
240.000000	34.569000	447.239287	0.000790
241.000000	34.577000	447.446051	0.000937
242.000000	34.585000	447.652862	0.000766
243.000000	34.593000	447.859721	0.000692
244.000000	34.601000	448.066628	0.001059
245.000000	34.609000	448.273583	0.000668
246.000000	34.617000	448.480582	0.000912
247.000000	34.625000	448.687633	0.001059
248.000000	34.633000	448.894731	0.001034
249.000000	34.641000	449.101877	0.001010
250.000000	34.649000	449.309070	0.000912
251.000000	34.657000	449.516312	0.000814
252.000000	34.665000	449.723598	0.000863
253.000000	34.673000	449.930938	0.001059
254.000000	34.681000	450.138320	0.000985
255.000000	34.689000	450.345756	0.001059
256.000000	34.697000	450.553233	0.000912
257.000000	34.705000	450.760758	0.000912
258.000000	34.713000	450.968337	0.000985
259.000000	34.721000	451.175958	0.001034
260.000000	34.729000	451.383632	0.000888
261.000000	34.737000	451.591348	0.000888
262.000000	34.745000	451.799119	0.000937
263.000000	34.753000	452.006930	0.000961
264.000000	34.761000	452.214790	0.000912
265.000000	34.769000	452.422703	0.001010
266.000000	34.777000	452.630659	0.000814
267.000000	34.785000	452.838668	0.001034
268.000000	34.793000	453.046718	0.000961
269.000000	34.801000	453.254823	0.000937
270.000000	34.809000	453.462969	0.000888
271.000000	34.817000	453.671163	0.000912
272.000000	34.825000	453.879411	0.000985
273.000000	34.833000	454.087701	0.001083
274.000000	34.841000	454.296044	0.001181
275.000000	34.849000	454.504430	0.000912
276.000000	34.857000	454.712869	0.000937
277.000000	34.865000	454.921349	0.000888
278.000000	34.873000	455.129878	0.001059
279.000000	34.881000	455.338460	0.001083
280.000000	34.889000	455.547085	0.000912
281.000000	34.897000	455.755763	0.000961
282.000000	34.905000	455.964482	0.000937
283.000000	34.913000	456.173256	0.000839
284.000000	34.921000	456.382071	0.001107
285.000000	34.929000	456.590934	0.001059
286.000000	34.937000	456.799851	0.000961
287.000000	34.945000	457.008810	0.001034
288.000000	34.953000	457.217822	0.000912
289.000000	34.961000	457.426876	0.000888
290.000000	34.969000	457.635984	0.001010
291.000000	34.977000	457.845134	0.000937
292.000000	34.985000	458.054332	0.000912
293.000000	34.993000	458.263583	0.000961
294.000000	35.001000	458.472876	0.001059
295.000000	35.009000	458.682223	0.000937
296.000000	35.017000	458.891612	0.001156
297.000000	35.025000	459.101054	0.000985
298.000000	35.033000	459.310538	0.000912
299.000000	35.041000	459.520070	0.000863
300.000000	35.049000	459.729656	0.000888
301.000000	35.057000	459.939284	0.001156
302.000000	35.065000	460.148965	0.000863
303.000000	35.073000	460.358688	0.000961
304.000000	35.081000	460.568466	0.001156
305.000000	35.089000	460.778284	0.001132
306.000000	35.097000	460.988151	0.000888
307.000000	35.105000	461.198071	0.001181
308.000000	35.113000	461.408033	0.001010
309.000000	35.121000	461.618049	0.000888
310.000000	35.129000	461.828107	0.001083
311.000000	35.137000	462.038218	0.001083
312.000000	35.145000	462.248371	0.001132
313.000000	35.153000	462.458572	0.000863
314.000000	35.161000	462.668827	0.001083
315.000000	35.169000	462.879124	0.001107
316.000000	35.177000	463.089474	0.000888
317.000000	35.185000	463.299866	0.001083
318.000000	35.193000	463.510312	0.001059
319.000000	35.201000	463.720800	0.001156
320.000000	35.209000	463.931342	0.001034
321.000000	35.217000	464.141925	0.001059
322.000000	35.225000	464.352556	0.001156
323.000000	35.233000	464.563241	0.001010
324.000000	35.241000	464.773967	0.001083
325.000000	35.249000	464.984748	0.001083
326.000000	35.257000	465.195570	0.001132
327.000000	35.265000	465.406446	0.001059
328.000000	35.273000	465.617364	0.001034
329.000000	35.281000	465.828329	0.000961
330.000000	35.289000	466.039348	0.001034
331.000000	35.297000	466.250409	0.001034
332.000000	35.305000	466.461525	0.000888
333.000000	35.313000	466.672681	0.001034
334.000000	35.321000	466.883892	0.001059
335.000000	35.329000	467.095144	0.001181
336.000000	35.337000	467.306444	0.000961
337.000000	35.345000	467.517798	0.000985
338.000000	35.353000	467.729193	0.000985
339.000000	35.361000	467.940643	0.000985
340.000000	35.369000	468.152134	0.000839
341.000000	35.377000	468.363679	0.000985
342.000000	35.385000	468.575265	0.000741
343.000000	35.393000	468.786900	0.000814
344.000000	35.401000	468.998588	0.000961
345.000000	35.409000	469.210318	0.000888
346.000000	35.417000	469.422102	0.000937
347.000000	35.425000	469.633928	0.001059
348.000000	35.433000	469.845807	0.000985
349.000000	35.441000	470.057729	0.001010
350.000000	35.449000	470.269697	0.000863
351.000000	35.457000	470.481720	0.000912
352.000000	35.465000	470.693785	0.000741
353.000000	35.473000	470.905903	0.001034
354.000000	35.481000	471.118063	0.000937
355.000000	35.489000	471.330277	0.000912
356.000000	35.497000	471.542533	0.000961
357.000000	35.505000	471.754836	0.001107
358.000000	35.513000	471.967194	0.001010
359.000000	35.521000	472.179593	0.001034
360.000000	35.529000	472.392046	0.001059
361.000000	35.537000	472.604540	0.001107
362.000000	35.545000	472.817089	0.000937
363.000000	35.553000	473.029679	0.001107
364.000000	35.561000	473.242317	0.001107
365.000000	35.569000	473.455008	0.001083
366.000000	35.577000	473.667742	0.001034
367.000000	35.585000	473.880529	0.000888
368.000000	35.593000	474.093358	0.000961
369.000000	35.601000	474.306241	0.000937
370.000000	35.609000	474.519166	0.000961
371.000000	35.617000	474.732138	0.001181
372.000000	35.625000	474.945165	0.001352
373.000000	35.633000	475.158232	0.001083
374.000000	35.641000	475.371354	0.001132
375.000000	35.649000	475.584518	0.001059
376.000000	35.657000	475.797735	0.000985
377.000000	35.665000	476.010994	0.001156
378.000000	35.673000	476.224301	0.001059
379.000000	35.681000	476.437662	0.001254
380.000000	35.689000	476.651064	0.001132
381.000000	35.697000	476.864521	0.001156
382.000000	35.705000	477.078019	0.001254
383.000000	35.713000	477.291571	0.001278
384.000000	35.721000	477.505164	0.001107
385.000000	35.729000	477.718806	0.001181
386.000000	35.737000	477.932501	0.001059
387.000000	35.745000	478.146238	0.001132
388.000000	35.753000	478.360029	0.001132
389.000000	35.761000	478.573861	0.001278
390.000000	35.769000	478.787748	0.001205
391.000000	35.777000	479.001676	0.001181
392.000000	35.785000	479.215651	0.001083
393.000000	35.793000	479.429681	0.001156
394.000000	35.801000	479.643753	0.001156
395.000000	35.809000	479.857878	0.001132
396.000000	35.817000	480.072045	0.001083
397.000000	35.825000	480.286266	0.001205
398.000000	35.833000	480.500528	0.001083
399.000000	35.841000	480.714839	0.000985
400.000000	35.849000	480.929203	0.000985
401.000000	35.857000	481.143609	0.001107
402.000000	35.865000	481.358069	0.001254
403.000000	35.873000	481.572570	0.000937
404.000000	35.881000	481.787126	0.001010
405.000000	35.889000	482.001722	0.000766
406.000000	35.897000	482.216367	0.000912
407.000000	35.905000	482.431066	0.000863
408.000000	35.913000	482.645806	0.000790
409.000000	35.921000	482.860601	0.000668
410.000000	35.929000	483.075437	0.000546
411.000000	35.937000	483.290327	0.000106
412.000000	35.945000	483.505258	0.000375
413.000000	35.953000	483.720237	0.000082
414.000000	35.961000	483.935270	-0.000016
415.000000	35.969000	484.150345	0.000082
416.000000	35.977000	484.365474	0.000351
417.000000	35.985000	484.580644	0.000399
418.000000	35.993000	484.795869	0.000351
419.000000	36.001000	485.011135	0.000546
420.000000	36.009000	485.226448	0.000570
421.000000	36.017000	485.441816	0.000668
422.000000	36.025000	485.657225	0.000863
423.000000	36.033000	485.872689	0.000595
424.000000	36.041000	486.088194	0.000863
425.000000	36.049000	486.303753	0.000985
426.000000	36.057000	486.519353	0.000888
427.000000	36.065000	486.735001	0.000912
428.000000	36.073000	486.950703	0.000766
429.000000	36.081000	487.166447	0.000985
430.000000	36.089000	487.382245	0.001156
431.000000	36.097000	487.598084	0.001181
432.000000	36.105000	487.813978	0.001205
433.000000	36.113000	488.029913	0.001083
434.000000	36.121000	488.245895	0.001303
435.000000	36.129000	488.461932	0.001400
436.000000	36.137000	488.678010	0.001352
437.000000	36.145000	488.894143	0.001034
438.000000	36.153000	489.110316	0.001229
439.000000	36.161000	489.326544	0.001181
440.000000	36.169000	489.542814	0.001107
441.000000	36.177000	489.759131	0.001352
442.000000	36.185000	489.975502	0.001254
443.000000	36.193000	490.191915	0.001352
444.000000	36.201000	490.408381	0.001303
445.000000	36.209000	490.624890	0.001303
446.000000	36.217000	490.841452	0.001205
447.000000	36.225000	491.058056	0.001205
448.000000	36.233000	491.274707	0.001156
449.000000	36.241000	491.491413	0.001254
450.000000	36.249000	491.708160	0.001132
451.000000	36.257000	491.924962	0.000985
452.000000	36.265000	492.141804	0.001059
453.000000	36.273000	492.358701	0.001181
454.000000	36.281000	492.575640	0.001229
455.000000	36.289000	492.792632	0.001229
456.000000	36.297000	493.009666	0.001205
457.000000	36.305000	493.226748	0.001132
458.000000	36.313000	493.443883	0.001278
459.000000	36.321000	493.661061	0.001229
460.000000	36.329000	493.878292	0.001352
461.000000	36.337000	494.095565	0.001327
462.000000	36.345000	494.312892	0.001156
463.000000	36.353000	494.530260	0.001254
464.000000	36.361000	494.747676	0.001254
465.000000	36.369000	494.965147	0.001400
466.000000	36.377000	495.182658	0.001205
467.000000	36.385000	495.400224	0.001107
468.000000	36.393000	495.617831	0.001132
469.000000	36.401000	495.835493	0.001327
470.000000	36.409000	496.053196	0.001034
471.000000	36.417000	496.270946	0.001352
472.000000	36.425000	496.488751	0.001229
473.000000	36.433000	496.706597	0.001205
474.000000	36.441000	496.924497	0.001205
475.000000	36.449000	497.142439	0.001181
476.000000	36.457000	497.360435	0.001132
477.000000	36.465000	497.578472	0.001327
478.000000	36.473000	497.796557	0.001181
479.000000	36.481000	498.014697	0.001303
480.000000	36.489000	498.232877	0.001205
481.000000	36.497000	498.451112	0.001254
482.000000	36.505000	498.669388	0.001376
483.000000	36.513000	498.887719	0.001132
484.000000	36.521000	499.106091	0.001229
485.000000	36.529000	499.324510	0.001303
486.000000	36.537000	499.542984	0.001278
487.000000	36.545000	499.761499	0.001107
488.000000	36.553000	499.980068	0.001400
489.000000	36.561000	500.198679	0.001083
490.000000	36.569000	500.417344	0.001254
491.000000	36.577000	500.636050	0.001229
492.000000	36.585000	500.854804	0.001181
493.000000	36.593000	501.073613	0.001376
494.000000	36.601000	501.292462	0.001205
495.000000	36.609000	501.511366	0.001205
496.000000	36.617000	501.730311	0.001327
497.000000	36.625000	501.949311	0.001181
498.000000	36.633000	502.168351	0.001352
499.000000	36.641000	502.387440	0.001352
500.000000	36.649000	502.606583	0.001156
501.000000	36.657000	502.825773	0.001254
502.000000	36.665000	503.045005	0.001327
503.000000	36.673000	503.264285	0.001303
504.000000	36.681000	503.483612	0.001425
505.000000	36.688999	503.702987	0.001327
506.000000	36.697000	503.922423	0.001327
507.000000	36.705000	504.141894	0.001498
508.000000	36.713000	504.361412	0.001352
509.000000	36.721000	504.580979	0.001400
510.000000	36.729000	504.800606	0.001327
511.000000	36.737000	505.020268	0.001352
512.000000	36.745000	505.239977	0.001205
513.000000	36.753000	505.459735	0.001474
514.000000	36.761000	505.679540	0.001352
515.000000	36.769000	505.899406	0.001278
516.000000	36.777000	506.119307	0.001132
517.000000	36.785000	506.339256	0.001059
518.000000	36.793000	506.559252	0.001254
519.000000	36.801000	506.779309	0.001156
520.000000	36.809000	506.999401	0.001132
521.000000	36.817000	507.219541	0.001303
522.000000	36.825000	507.439728	0.001303
523.000000	36.833000	507.659964	0.001327
524.000000	36.841000	507.880260	0.001474
525.000000	36.849000	508.100591	0.001327
526.000000	36.857000	508.320969	0.001498
527.000000	36.865000	508.541396	0.001229
528.000000	36.873000	508.761870	0.001229
529.000000	36.881000	508.982405	0.001352
530.000000	36.889000	509.202975	0.001425
531.000000	36.897000	509.423592	0.001425
532.000000	36.905000	509.644257	0.001278
533.000000	36.913000	509.864984	0.001254
534.000000	36.921000	510.085744	0.001352
535.000000	36.929000	510.306553	0.001303
536.000000	36.937000	510.527410	0.001303
537.000000	36.945000	510.748314	0.001352
538.000000	36.953000	510.969279	0.001229
539.000000	36.961000	511.190279	0.001376
540.000000	36.969000	511.411326	0.001278
541.000000	36.977000	511.632422	0.001303
542.000000	36.984999	511.853565	0.001400
543.000000	36.993000	512.074769	0.001327
544.000000	37.001000	512.296008	0.001352
545.000000	37.009000	512.517294	0.001254
546.000000	37.017000	512.738628	0.001132
547.000000	37.025000	512.960024	0.001254
548.000000	37.033000	513.181453	0.001449
549.000000	37.041000	513.402931	0.001425
550.000000	37.049000	513.624456	0.001327
551.000000	37.057000	513.846030	0.001474
552.000000	37.065000	514.067664	0.001254
553.000000	37.073000	514.289333	0.001205
554.000000	37.081000	514.511049	0.001449
555.000000	37.089000	514.732813	0.001352
556.000000	37.096999	514.954625	0.001449
557.000000	37.105000	515.176499	0.001303
558.000000	37.113000	515.398406	0.001400
559.000000	37.121000	515.620362	0.001400
560.000000	37.129000	515.842365	0.001254
561.000000	37.137000	516.064429	0.001474
562.000000	37.145000	516.286528	0.001498
563.000000	37.153000	516.508674	0.001376
564.000000	37.161000	516.730869	0.001327
565.000000	37.169000	516.953111	0.001425
566.000000	37.177000	517.175414	0.001522
567.000000	37.185000	517.397752	0.001400
568.000000	37.193000	517.620137	0.001327
569.000000	37.201000	517.842571	0.001303
570.000000	37.208999	518.065052	0.001522
571.000000	37.217000	518.287594	0.001449
572.000000	37.225000	518.510170	0.001571
573.000000	37.233000	518.732795	0.001400
574.000000	37.241000	518.955467	0.001449
575.000000	37.249000	519.178200	0.001474
576.000000	37.257000	519.400968	0.001303
577.000000	37.265000	519.623783	0.001205
578.000000	37.273000	519.846647	0.001303
579.000000	37.280999	520.069558	0.001596
580.000000	37.289000	520.292530	0.001376
581.000000	37.297000	520.515537	0.001449
582.000000	37.305000	520.738591	0.001498
583.000000	37.313000	520.961693	0.001596
584.000000	37.320999	521.184843	0.001278
585.000000	37.329000	521.408054	0.001474
586.000000	37.337000	521.631300	0.001327
587.000000	37.345000	521.854593	0.001547
588.000000	37.353000	522.077934	0.001449
589.000000	37.361000	522.301337	0.001474
590.000000	37.369000	522.524773	0.001449
591.000000	37.377000	522.748258	0.001571
592.000000	37.385000	522.971790	0.001327
593.000000	37.392999	523.195370	0.001327
594.000000	37.401000	523.419011	0.001571
595.000000	37.409000	523.642687	0.001498
596.000000	37.417000	523.866410	0.001425
597.000000	37.425000	524.090182	0.001449
598.000000	37.432999	524.314001	0.001449
599.000000	37.441000	524.537881	0.001474
600.000000	37.449000	524.761795	0.001400
601.000000	37.457000	524.985757	0.001303
602.000000	37.465000	525.209768	0.001498
603.000000	37.473000	525.433839	0.001474
604.000000	37.481000	525.657944	0.001449
605.000000	37.489000	525.882098	0.001425
606.000000	37.497000	526.106299	0.001498
607.000000	37.504999	526.330548	0.001425
608.000000	37.513000	526.554858	0.001425
609.000000	37.521000	526.779203	0.001425
610.000000	37.529000	527.003595	0.001400
611.000000	37.537000	527.228035	0.001522
612.000000	37.544999	527.452523	0.001327
613.000000	37.553000	527.677072	0.001547
614.000000	37.561000	527.901656	0.001498
615.000000	37.569000	528.126287	0.001352
616.000000	37.576999	528.350966	0.001303
617.000000	37.585000	528.575706	0.001498
618.000000	37.593000	528.800481	0.001474
619.000000	37.601000	529.025303	0.001449
620.000000	37.609000	529.250174	0.001425
621.000000	37.616999	529.475092	0.001352
622.000000	37.625000	529.700071	0.001449
623.000000	37.633000	529.925084	0.001449
624.000000	37.641000	530.150146	0.001498
