0.000000	6.399000	15.495903	0.005551
1.000000	6.407000	15.534409	0.005502
2.000000	6.415000	15.572963	0.005453
3.000000	6.423000	15.611565	0.005429
4.000000	6.431000	15.650214	0.005648
5.000000	6.439000	15.688912	0.005673
6.000000	6.447000	15.727657	0.005355
7.000000	6.455000	15.766450	0.005380
8.000000	6.463000	15.805291	0.005258
9.000000	6.471000	15.844179	0.005380
10.000000	6.479000	15.883115	0.005551
11.000000	6.487000	15.922099	0.005380
12.000000	6.495000	15.961131	0.005478
13.000000	6.503000	16.000211	0.005551
14.000000	6.511000	16.039338	0.005258
15.000000	6.519000	16.078514	0.005624
16.000000	6.527000	16.117737	0.005307
17.000000	6.535000	16.157007	0.005478
18.000000	6.543000	16.196326	0.005404
19.000000	6.551000	16.235692	0.005697
20.000000	6.559000	16.275106	0.005722
21.000000	6.567000	16.314568	0.005819
22.000000	6.575000	16.354078	0.005624
23.000000	6.583000	16.393635	0.005453
24.000000	6.591000	16.433241	0.005551
25.000000	6.599000	16.472894	0.005624
26.000000	6.607000	16.512594	0.005551
27.000000	6.615000	16.552343	0.005502
28.000000	6.623000	16.592139	0.005673
29.000000	6.631000	16.631984	0.005648
30.000000	6.639000	16.671876	0.005722
31.000000	6.647000	16.711815	0.005648
32.000000	6.655000	16.751803	0.005429
33.000000	6.663000	16.791838	0.005746
34.000000	6.671000	16.831921	0.005697
35.000000	6.679000	16.872052	0.005941
36.000000	6.687000	16.912231	0.005770
37.000000	6.695000	16.952457	0.005673
38.000000	6.703000	16.992731	0.005697
39.000000	6.711000	17.033053	0.005673
40.000000	6.719000	17.073423	0.005673
41.000000	6.727000	17.113841	0.005966
42.000000	6.735000	17.154306	0.005697
43.000000	6.743000	17.194819	0.005722
44.000000	6.751000	17.235380	0.005648
45.000000	6.759000	17.275989	0.005648
46.000000	6.767000	17.316645	0.005795
47.000000	6.775000	17.357350	0.005868
48.000000	6.783000	17.398102	0.005404
49.000000	6.791000	17.438901	0.005648
50.000000	6.799000	17.479749	0.005526
51.000000	6.807000	17.520644	0.005551
52.000000	6.815000	17.561588	0.005844
53.000000	6.823000	17.602579	0.005795
54.000000	6.831000	17.643617	0.005941
55.000000	6.839000	17.684704	0.005941
56.000000	6.847000	17.725838	0.005844
57.000000	6.855000	17.767020	0.006210
58.000000	6.863000	17.808250	0.005966
59.000000	6.871000	17.849528	0.005893
60.000000	6.879000	17.890853	0.005868
61.000000	6.887000	17.932227	0.006063
62.000000	6.895000	17.973648	0.005990
63.000000	6.903000	18.015116	0.005941
64.000000	6.911000	18.056633	0.006015
65.000000	6.919000	18.098197	0.005990
66.000000	6.927000	18.139809	0.005770
67.000000	6.935000	18.181469	0.006137
68.000000	6.943000	18.223177	0.005868
69.000000	6.951000	18.264933	0.006015
70.000000	6.959000	18.306736	0.005795
71.000000	6.967000	18.348587	0.006039
72.000000	6.975000	18.390486	0.005893
73.000000	6.983000	18.432432	0.005990
74.000000	6.991000	18.474427	0.005941
75.000000	6.999000	18.516469	0.006161
76.000000	7.007000	18.558559	0.006039
77.000000	7.015000	18.600697	0.005844
78.000000	7.023000	18.642882	0.006015
79.000000	7.031000	18.685116	0.005722
80.000000	7.039000	18.727397	0.005966
81.000000	7.047000	18.769726	0.006015
82.000000	7.055000	18.812102	0.006137
83.000000	7.063000	18.854527	0.006186
84.000000	7.071000	18.896999	0.006039
85.000000	7.079000	18.939519	0.006063
86.000000	7.087000	18.982087	0.006161
87.000000	7.095000	19.024703	0.006308
88.000000	7.103000	19.067366	0.005770
89.000000	7.111000	19.110077	0.006161
90.000000	7.119000	19.152836	0.006161
91.000000	7.127000	19.195643	0.005844
92.000000	7.135000	19.238497	0.006112
93.000000	7.143000	19.281400	0.006137
94.000000	7.151000	19.324350	0.006088
95.000000	7.159000	19.367347	0.006454
96.000000	7.167000	19.410393	0.006015
97.000000	7.175000	19.453487	0.006210
98.000000	7.183000	19.496628	0.006112
99.000000	7.191000	19.539817	0.006137
100.000000	7.199000	19.583054	0.006137
101.000000	7.207000	19.626338	0.006259
102.000000	7.215000	19.669670	0.006186
103.000000	7.223000	19.713051	0.006088
104.000000	7.231000	19.756479	0.006161
105.000000	7.239000	19.799954	0.006137
106.000000	7.247000	19.843478	0.006039
107.000000	7.255000	19.887049	0.006283
108.000000	7.263000	19.930668	0.006112
109.000000	7.271000	19.974335	0.006015
110.000000	7.279000	20.018049	0.006210
111.000000	7.287000	20.061812	0.006161
112.000000	7.295000	20.105622	0.006186
113.000000	7.303000	20.149480	0.006527
114.000000	7.311000	20.193386	0.006308
115.000000	7.319000	20.237339	0.006430
116.000000	7.327000	20.281341	0.006137
117.000000	7.335000	20.325390	0.006430
118.000000	7.343000	20.369487	0.005917
119.000000	7.351000	20.413631	0.006161
120.000000	7.359000	20.457824	0.006186
121.000000	7.367000	20.502064	0.006186
122.000000	7.375000	20.546352	0.006430
123.000000	7.383000	20.590688	0.006356
124.000000	7.391000	20.635071	0.006405
125.000000	7.399000	20.679503	0.006478
126.000000	7.407000	20.723982	0.006332
127.000000	7.415000	20.768509	0.006771
128.000000	7.423000	20.813084	0.006283
129.000000	7.431000	20.857706	0.006454
130.000000	7.439000	20.902376	0.006576
131.000000	7.447000	20.947095	0.006356
132.000000	7.455000	20.991860	0.006430
133.000000	7.463000	21.036674	0.006381
134.000000	7.471000	21.081535	0.006332
135.000000	7.479000	21.126444	0.006332
136.000000	7.487000	21.171402	0.005990
137.000000	7.495000	21.216406	0.006259
138.000000	7.503000	21.261459	0.006161
139.000000	7.511000	21.306559	0.006088
140.000000	7.519000	21.351707	0.006234
141.000000	7.527000	21.396903	0.006478
142.000000	7.535000	21.442147	0.006186
143.000000	7.543000	21.487438	0.006332
144.000000	7.551000	21.532778	0.006234
145.000000	7.559000	21.578165	0.006283
146.000000	7.567000	21.623599	0.006332
147.000000	7.575000	21.669082	0.006503
148.000000	7.583000	21.714612	0.006161
149.000000	7.591000	21.760190	0.006576
150.000000	7.599000	21.805816	0.006552
151.000000	7.607000	21.851490	0.006454
152.000000	7.615000	21.897212	0.006478
153.000000	7.623000	21.942981	0.006454
154.000000	7.631000	21.988798	0.006259
155.000000	7.639000	22.034663	0.006454
156.000000	7.647000	22.080575	0.006234
157.000000	7.655000	22.126536	0.006112
158.000000	7.663000	22.172544	0.006405
159.000000	7.671000	22.218600	0.006503
160.000000	7.679000	22.264704	0.006527
161.000000	7.687000	22.310855	0.006308
162.000000	7.695000	22.357055	0.006430
163.000000	7.703000	22.403302	0.006527
164.000000	7.711000	22.449597	0.006308
165.000000	7.719000	22.495940	0.006478
166.000000	7.727000	22.542330	0.006332
167.000000	7.735000	22.588769	0.006527
168.000000	7.743000	22.635254	0.006308
169.000000	7.751000	22.681788	0.006576
170.000000	7.759000	22.728370	0.006405
171.000000	7.767000	22.774999	0.006674
172.000000	7.775000	22.821677	0.006674
173.000000	7.783000	22.868402	0.006698
174.000000	7.791000	22.915174	0.006601
175.000000	7.799000	22.961994	0.006552
176.000000	7.807000	23.008863	0.006869
177.000000	7.815000	23.055779	0.006478
178.000000	7.823000	23.102743	0.006552
179.000000	7.831000	23.149755	0.006649
180.000000	7.839000	23.196814	0.006503
181.000000	7.847000	23.243922	0.006747
182.000000	7.855000	23.291076	0.006478
183.000000	7.863000	23.338279	0.006576
184.000000	7.871000	23.385530	0.006552
185.000000	7.879000	23.432828	0.006601
186.000000	7.887000	23.480174	0.006552
187.000000	7.895000	23.527568	0.006942
188.000000	7.903000	23.575010	0.006845
189.000000	7.911000	23.622499	0.006723
190.000000	7.919000	23.670036	0.006649
191.000000	7.927000	23.717622	0.006552
192.000000	7.935000	23.765254	0.006478
193.000000	7.943000	23.812935	0.006894
194.000000	7.951000	23.860664	0.006454
195.000000	7.959000	23.908440	0.006698
196.000000	7.967000	23.956263	0.006552
197.000000	7.975000	24.004135	0.006552
198.000000	7.983000	24.052055	0.006405
199.000000	7.991000	24.100022	0.006649
200.000000	7.999000	24.148038	0.006454
201.000000	8.007000	24.196101	0.006576
202.000000	8.015000	24.244211	0.006796
203.000000	8.023000	24.292369	0.006649
204.000000	8.031000	24.340576	0.006747
205.000000	8.039000	24.388830	0.006845
206.000000	8.047000	24.437132	0.006820
207.000000	8.055000	24.485481	0.006698
208.000000	8.063000	24.533879	0.006625
209.000000	8.071000	24.582324	0.006747
210.000000	8.079000	24.630816	0.006625
211.000000	8.087000	24.679357	0.006771
212.000000	8.095000	24.727946	0.006625
213.000000	8.103000	24.776582	0.006771
214.000000	8.111000	24.825266	0.006942
215.000000	8.119000	24.873998	0.006576
216.000000	8.127000	24.922778	0.006698
217.000000	8.135000	24.971605	0.006967
218.000000	8.143000	25.020480	0.006308
219.000000	8.151000	25.069403	0.006503
220.000000	8.159000	25.118374	0.006674
221.000000	8.167000	25.167393	0.006869
222.000000	8.175000	25.216459	0.006820
223.000000	8.183000	25.265573	0.006845
224.000000	8.191000	25.314735	0.006991
225.000000	8.199000	25.363945	0.006918
226.000000	8.207000	25.413202	0.006918
227.000000	8.215000	25.462507	0.006845
228.000000	8.223000	25.511861	0.006454
229.000000	8.231000	25.561262	0.006942
230.000000	8.239000	25.610710	0.006674
231.000000	8.247000	25.660207	0.006576
232.000000	8.255000	25.709750	0.006796
233.000000	8.263000	25.759342	0.006478
234.000000	8.271000	25.808982	0.006869
235.000000	8.279000	25.858670	0.006796
236.000000	8.287000	25.908405	0.006747
237.000000	8.295000	25.958188	0.006552
238.000000	8.303000	26.008019	0.006771
239.000000	8.311000	26.057897	0.006649
240.000000	8.319000	26.107824	0.006747
241.000000	8.327000	26.157798	0.006698
242.000000	8.335000	26.207820	0.006552
243.000000	8.343000	26.257890	0.006747
244.000000	8.351000	26.308008	0.006747
245.000000	8.359000	26.358174	0.006869
246.000000	8.367000	26.408386	0.006796
247.000000	8.375000	26.458647	0.006894
248.000000	8.383000	26.508956	0.006796
249.000000	8.391000	26.559312	0.006820
250.000000	8.399000	26.609717	0.006796
251.000000	8.407000	26.660169	0.006869
252.000000	8.415000	26.710668	0.006771
253.000000	8.423000	26.761217	0.006894
254.000000	8.431000	26.811811	0.006747
255.000000	8.439000	26.862456	0.007016
256.000000	8.447000	26.913146	0.006674
257.000000	8.455000	26.963884	0.006747
258.000000	8.463000	27.014671	0.006649
259.000000	8.471000	27.065505	0.006942
260.000000	8.479000	27.116388	0.006649
261.000000	8.487000	27.167317	0.007040
262.000000	8.495000	27.218296	0.006649
263.000000	8.503000	27.269321	0.006601
264.000000	8.511000	27.320393	0.006845
265.000000	8.519000	27.371515	0.006747
266.000000	8.527000	27.422683	0.006747
267.000000	8.535000	27.473901	0.006845
268.000000	8.543000	27.525164	0.006747
269.000000	8.551000	27.576477	0.006820
270.000000	8.559000	27.627837	0.006869
271.000000	8.567000	27.679244	0.006869
272.000000	8.575000	27.730700	0.007089
273.000000	8.583000	27.782203	0.006894
274.000000	8.591000	27.833755	0.006601
275.000000	8.599000	27.885353	0.006918
276.000000	8.607000	27.937001	0.006674
277.000000	8.615000	27.988694	0.006698
278.000000	8.623000	28.040436	0.006918
279.000000	8.631000	28.092227	0.006723
280.000000	8.639000	28.144064	0.006601
281.000000	8.647000	28.195950	0.007016
282.000000	8.655000	28.247883	0.006723
283.000000	8.663000	28.299865	0.006991
284.000000	8.671000	28.351893	0.006796
285.000000	8.679000	28.403969	0.006942
286.000000	8.687000	28.456095	0.007113
287.000000	8.695000	28.508266	0.006894
288.000000	8.703000	28.560487	0.007016
289.000000	8.711000	28.612754	0.006894
290.000000	8.719000	28.665071	0.006894
291.000000	8.727000	28.717433	0.006942
292.000000	8.735000	28.769844	0.007064
293.000000	8.743000	28.822304	0.006796
294.000000	8.751000	28.874810	0.006894
295.000000	8.759000	28.927365	0.007016
296.000000	8.767000	28.979967	0.007016
297.000000	8.775000	29.032618	0.007064
298.000000	8.783000	29.085315	0.007089
299.000000	8.791000	29.138060	0.006869
300.000000	8.799000	29.190854	0.006942
301.000000	8.807000	29.243695	0.006942
302.000000	8.815000	29.296585	0.006918
303.000000	8.823000	29.349521	0.007187
304.000000	8.831000	29.402506	0.006796
305.000000	8.839000	29.455538	0.007064
306.000000	8.847000	29.508618	0.007235
307.000000	8.855000	29.561746	0.006991
308.000000	8.863000	29.614921	0.006894
309.000000	8.871000	29.668146	0.006845
310.000000	8.879000	29.721416	0.006918
311.000000	8.887000	29.774736	0.006698
312.000000	8.895000	29.828103	0.006991
313.000000	8.903000	29.881517	0.007089
314.000000	8.911000	29.934980	0.006796
315.000000	8.919000	29.988489	0.007113
316.000000	8.927000	30.042048	0.006796
317.000000	8.935000	30.095653	0.006918
318.000000	8.943000	30.149308	0.007064
319.000000	8.951000	30.203008	0.006942
320.000000	8.959000	30.256758	0.007138
321.000000	8.967000	30.310555	0.007113
322.000000	8.975000	30.364399	0.006796
323.000000	8.983000	30.418292	0.007016
324.000000	8.991000	30.472232	0.006747
325.000000	8.999000	30.526220	0.007138
326.000000	9.007000	30.580256	0.006991
327.000000	9.015000	30.634340	0.007138
328.000000	9.023000	30.688471	0.007064
329.000000	9.031000	30.742649	0.007113
330.000000	9.039000	30.796877	0.007089
331.000000	9.047000	30.851151	0.006967
332.000000	9.055000	30.905475	0.007260
333.000000	9.063000	30.959844	0.007138
334.000000	9.071000	31.014263	0.007162
335.000000	9.079000	31.068728	0.006845
336.000000	9.087000	31.123241	0.007211
337.000000	9.095000	31.177804	0.006918
338.000000	9.103000	31.232412	0.006796
339.000000	9.111000	31.287070	0.007089
340.000000	9.119000	31.341774	0.006845
341.000000	9.127000	31.396528	0.007040
342.000000	9.135000	31.451327	0.006894
343.000000	9.143000	31.506175	0.006747
344.000000	9.151000	31.561072	0.006796
345.000000	9.159000	31.616015	0.006820
346.000000	9.167000	31.671007	0.006918
347.000000	9.175000	31.726045	0.006796
348.000000	9.183000	31.781133	0.006845
349.000000	9.191000	31.836268	0.006869
350.000000	9.199000	31.891449	0.006894
351.000000	9.207000	31.946681	0.006894
352.000000	9.215000	32.001958	0.006796
353.000000	9.223000	32.057285	0.007064
354.000000	9.231000	32.112658	0.007089
355.000000	9.239000	32.168081	0.006771
356.000000	9.247000	32.223549	0.006942
357.000000	9.255000	32.279066	0.007016
358.000000	9.263000	32.334631	0.006967
359.000000	9.271000	32.390243	0.007016
360.000000	9.279000	32.445905	0.007040
361.000000	9.287000	32.501612	0.006845
362.000000	9.295000	32.557369	0.006894
363.000000	9.303000	32.613172	0.007089
364.000000	9.311000	32.669023	0.006869
365.000000	9.319000	32.724923	0.006820
366.000000	9.327000	32.780870	0.007089
367.000000	9.335000	32.836866	0.007138
368.000000	9.343000	32.892908	0.006918
369.000000	9.351000	32.948999	0.006869
370.000000	9.359000	33.005137	0.006894
371.000000	9.367000	33.061322	0.006771
372.000000	9.375000	33.117557	0.007016
373.000000	9.383000	33.173838	0.006942
374.000000	9.391000	33.230168	0.007113
375.000000	9.399000	33.286545	0.007138
376.000000	9.407000	33.342971	0.006869
377.000000	9.415000	33.399443	0.006991
378.000000	9.423000	33.455962	0.007138
379.000000	9.431000	33.512532	0.007016
380.000000	9.439000	33.569147	0.007284
381.000000	9.447000	33.625812	0.007187
382.000000	9.455000	33.682523	0.007235
383.000000	9.463000	33.739283	0.006894
384.000000	9.471000	33.796090	0.006942
385.000000	9.479000	33.852944	0.007260
386.000000	9.487000	33.909848	0.007113
387.000000	9.495000	33.966798	0.007235
388.000000	9.503000	34.023797	0.006918
389.000000	9.511000	34.080842	0.007064
390.000000	9.519000	34.137937	0.007113
391.000000	9.527000	34.195078	0.006869
392.000000	9.535000	34.252267	0.006869
393.000000	9.543000	34.309505	0.006747
394.000000	9.551000	34.366790	0.007113
395.000000	9.559000	34.424124	0.006894
396.000000	9.567000	34.481503	0.006649
397.000000	9.575000	34.538933	0.007089
398.000000	9.583000	34.596408	0.006942
399.000000	9.591000	34.653932	0.007162
400.000000	9.599000	34.711504	0.007064
401.000000	9.607000	34.769123	0.007406
402.000000	9.615000	34.826792	0.006796
403.000000	9.623000	34.884506	0.007211
404.000000	9.631000	34.942270	0.006918
405.000000	9.639000	35.000080	0.006845
406.000000	9.647000	35.057937	0.007016
407.000000	9.655000	35.115845	0.007089
408.000000	9.663000	35.173798	0.006820
409.000000	9.671000	35.231801	0.006869
410.000000	9.679000	35.289850	0.006967
411.000000	9.687000	35.347948	0.007016
412.000000	9.695000	35.406092	0.006942
413.000000	9.703000	35.464285	0.007016
414.000000	9.711000	35.522526	0.007309
415.000000	9.719000	35.580814	0.007040
416.000000	9.727000	35.639151	0.007113
417.000000	9.735000	35.697535	0.007016
418.000000	9.743000	35.755968	0.006991
419.000000	9.751000	35.814447	0.006942
420.000000	9.759000	35.872973	0.007162
421.000000	9.767000	35.931549	0.006796
422.000000	9.775000	35.990172	0.006894
423.000000	9.783000	36.048844	0.007235
424.000000	9.791000	36.107561	0.007113
425.000000	9.799000	36.166329	0.006723
426.000000	9.807000	36.225142	0.006967
427.000000	9.815000	36.284003	0.007064
428.000000	9.823000	36.342914	0.006796
429.000000	9.831000	36.401871	0.006967
430.000000	9.839000	36.460877	0.006967
431.000000	9.847000	36.519929	0.006820
432.000000	9.855000	36.579031	0.007138
433.000000	9.863000	36.638179	0.006894
434.000000	9.871000	36.697375	0.007089
435.000000	9.879000	36.756620	0.006527
436.000000	9.887000	36.815911	0.006991
437.000000	9.895000	36.875252	0.006918
438.000000	9.903000	36.934639	0.006747
439.000000	9.911000	36.994075	0.006894
440.000000	9.919000	37.053557	0.006771
441.000000	9.927000	37.113087	0.007113
442.000000	9.935000	37.172667	0.006991
443.000000	9.943000	37.232293	0.007187
444.000000	9.951000	37.291968	0.007162
445.000000	9.959000	37.351689	0.007113
446.000000	9.967000	37.411460	0.007089
447.000000	9.975000	37.471277	0.007064
448.000000	9.983000	37.531141	0.007138
449.000000	9.991000	37.591056	0.007016
450.000000	9.999000	37.651016	0.006967
451.000000	10.007000	37.711026	0.007064
452.000000	10.015000	37.771081	0.006845
453.000000	10.023000	37.831187	0.007211
454.000000	10.031000	37.891338	0.006894
455.000000	10.039000	37.951539	0.007016
456.000000	10.047000	38.011786	0.006942
457.000000	10.055000	38.072080	0.006894
458.000000	10.063000	38.132425	0.006649
459.000000	10.071000	38.192815	0.006771
460.000000	10.079000	38.253255	0.006991
461.000000	10.087000	38.313740	0.006918
462.000000	10.095000	38.374276	0.006894
463.000000	10.103000	38.434857	0.006942
464.000000	10.111000	38.495486	0.006942
465.000000	10.119000	38.556165	0.007089
466.000000	10.127000	38.616890	0.006967
467.000000	10.135000	38.677664	0.007064
468.000000	10.143000	38.738484	0.007064
469.000000	10.151000	38.799354	0.007089
470.000000	10.159000	38.860270	0.007040
471.000000	10.167000	38.921233	0.006967
472.000000	10.175000	38.982247	0.006967
473.000000	10.183000	39.043306	0.007016
474.000000	10.191000	39.104415	0.006967
475.000000	10.199000	39.165569	0.006869
476.000000	10.207000	39.226774	0.006918
477.000000	10.215000	39.288024	0.006723
478.000000	10.223000	39.349322	0.006942
479.000000	10.231000	39.410670	0.007040
480.000000	10.239000	39.472063	0.006918
481.000000	10.247000	39.533507	0.007284
482.000000	10.255000	39.594996	0.007089
483.000000	10.263000	39.656535	0.006796
484.000000	10.271000	39.718119	0.006698
485.000000	10.279000	39.779752	0.006796
486.000000	10.287000	39.841434	0.005038
487.000000	10.295000	39.903162	0.005209
488.000000	10.303000	39.964940	0.005819
489.000000	10.311000	40.026764	0.006747
490.000000	10.319000	40.088637	0.006503
491.000000	10.327000	40.150556	0.006405
492.000000	10.335000	40.212523	0.006527
493.000000	10.343000	40.274540	0.006112
494.000000	10.351000	40.336603	0.006478
495.000000	10.359000	40.398715	0.006698
496.000000	10.367000	40.460873	0.006332
497.000000	10.375000	40.523081	0.006845
498.000000	10.383000	40.585335	0.006503
499.000000	10.391000	40.647636	0.006186
500.000000	10.399000	40.709987	0.006308
501.000000	10.407000	40.772386	0.006649
502.000000	10.415000	40.834831	0.006747
503.000000	10.423000	40.897324	0.006771
504.000000	10.431000	40.959864	0.006698
505.000000	10.438999	41.022452	0.006771
506.000000	10.447000	41.085092	0.006576
507.000000	10.455000	41.147776	0.007040
508.000000	10.463000	41.210508	0.006674
509.000000	10.471000	41.273287	0.006869
510.000000	10.479000	41.336118	0.006845
511.000000	10.487000	41.398993	0.006991
512.000000	10.495000	41.461915	0.006698
513.000000	10.503000	41.524886	0.006967
514.000000	10.511000	41.587904	0.006771
515.000000	10.519000	41.650974	0.006991
516.000000	10.527000	41.714088	0.006723
517.000000	10.535000	41.777249	0.007064
518.000000	10.543000	41.840459	0.006771
519.000000	10.551000	41.903720	0.006894
520.000000	10.559000	41.967025	0.006747
521.000000	10.567000	42.030377	0.006991
522.000000	10.575000	42.093778	0.006723
523.000000	10.583000	42.157226	0.006820
524.000000	10.591000	42.220726	0.006869
525.000000	10.599000	42.284270	0.006796
526.000000	10.607000	42.347862	0.007016
527.000000	10.615000	42.411501	0.006845
528.000000	10.623000	42.475188	0.006869
529.000000	10.631000	42.538927	0.006747
530.000000	10.639000	42.602710	0.006649
531.000000	10.647000	42.666540	0.006698
532.000000	10.655000	42.730419	0.006649
533.000000	10.663000	42.794349	0.006869
534.000000	10.671000	42.858323	0.006820
535.000000	10.679000	42.922344	0.006845
536.000000	10.687000	42.986414	0.006723
537.000000	10.695000	43.050531	0.006698
538.000000	10.703000	43.114700	0.006820
539.000000	10.711000	43.178913	0.006674
540.000000	10.719000	43.243173	0.006698
541.000000	10.727000	43.307482	0.006894
542.000000	10.734999	43.371838	0.006698
543.000000	10.743000	43.436246	0.006869
544.000000	10.751000	43.500697	0.006747
545.000000	10.759000	43.565197	0.006552
546.000000	10.767000	43.629744	0.006552
547.000000	10.775000	43.694343	0.006942
548.000000	10.783000	43.758986	0.006601
549.000000	10.791000	43.823677	0.006698
550.000000	10.799000	43.888415	0.006674
551.000000	10.807000	43.953201	0.006698
552.000000	10.815000	44.018039	0.006747
553.000000	10.823000	44.082921	0.006601
554.000000	10.831000	44.147851	0.006698
555.000000	10.839000	44.212828	0.006576
556.000000	10.846999	44.277853	0.006723
557.000000	10.855000	44.342930	0.006796
558.000000	10.863000	44.408051	0.006698
559.000000	10.871000	44.473219	0.006820
560.000000	10.879000	44.538435	0.006625
561.000000	10.887000	44.603703	0.006796
562.000000	10.895000	44.669015	0.006747
563.000000	10.903000	44.734375	0.006820
564.000000	10.911000	44.799782	0.006845
565.000000	10.919000	44.865237	0.006674
566.000000	10.927000	44.930744	0.006649
567.000000	10.935000	44.996295	0.006698
568.000000	10.943000	45.061893	0.006649
569.000000	10.951000	45.127540	0.006503
570.000000	10.958999	45.193234	0.006503
571.000000	10.967000	45.258980	0.006503
572.000000	10.975000	45.324769	0.006478
573.000000	10.983000	45.390607	0.006723
574.000000	10.991000	45.456492	0.006503
575.000000	10.999000	45.522429	0.006503
576.000000	11.007000	45.588410	0.006698
577.000000	11.015000	45.654438	0.006576
578.000000	11.023000	45.720515	0.006820
579.000000	11.030999	45.786639	0.006601
580.000000	11.039000	45.852815	0.006601
581.000000	11.047000	45.919034	0.006845
582.000000	11.055000	45.985302	0.006723
583.000000	11.063000	46.051617	0.006698
584.000000	11.070999	46.117980	0.006723
585.000000	11.079000	46.184395	0.006698
586.000000	11.087000	46.250854	0.006747
587.000000	11.095000	46.317360	0.006478
588.000000	11.103000	46.383914	0.006796
589.000000	11.111000	46.450520	0.006381
590.000000	11.119000	46.517170	0.006796
591.000000	11.127000	46.583867	0.006723
592.000000	11.135000	46.650613	0.006674
593.000000	11.142999	46.717406	0.006576
594.000000	11.151000	46.784251	0.006454
595.000000	11.159000	46.851139	0.006625
596.000000	11.167000	46.918076	0.006625
597.000000	11.175000	46.985060	0.006430
598.000000	11.182999	47.052092	0.006576
599.000000	11.191000	47.119176	0.006381
600.000000	11.199000	47.186303	0.006405
601.000000	11.207000	47.253479	0.006649
602.000000	11.215000	47.320702	0.006503
603.000000	11.223000	47.387977	0.006332
604.000000	11.231000	47.455295	0.006747
605.000000	11.239000	47.522662	0.006674
606.000000	11.247000	47.590076	0.006503
607.000000	11.254999	47.657538	0.006601
608.000000	11.263000	47.725052	0.006674
609.000000	11.271000	47.792610	0.006674
610.000000	11.279000	47.860215	0.006430
611.000000	11.287000	47.927868	0.006698
612.000000	11.294999	47.995569	0.006478
613.000000	11.303000	48.063322	0.006503
614.000000	11.311000	48.131119	0.006601
615.000000	11.319000	48.198963	0.006601
616.000000	11.326999	48.266855	0.006381
617.000000	11.335000	48.334799	0.006576
618.000000	11.343000	48.402787	0.006649
619.000000	11.351000	48.470822	0.006771
620.000000	11.359000	48.538905	0.006649
621.000000	11.366999	48.607036	0.006723
622.000000	11.375000	48.675219	0.006552
623.000000	11.383000	48.743446	0.006381
624.000000	11.391000	48.811720	0.006478
