0.000	516.000	-637.000	0.000
1.000	515.980	-755.333	6.202
2.000	515.960	-776.333	18.191
3.000	515.940	-660.667	30.188
4.000	515.920	-726.667	42.179
5.000	515.900	-691.000	54.165
6.000	515.880	-702.667	66.175
7.000	515.860	-748.667	78.181
8.000	515.840	-770.667	90.188
9.000	515.820	-739.333	102.195
10.000	515.800	-731.667	114.195
11.000	515.780	-755.333	126.190
12.000	515.760	-819.333	138.175
13.000	515.740	-853.667	150.195
14.000	515.720	-802.333	162.193
15.000	515.700	-900.333	174.188
16.000	515.680	-900.333	186.184
17.000	515.660	-769.333	198.181
18.000	515.640	-848.333	210.174
19.000	515.620	-857.667	222.184
20.000	515.600	-791.333	234.181
21.000	515.580	-826.333	246.184
22.000	515.560	-865.667	258.187
23.000	515.540	-937.333	270.192
24.000	515.520	-963.000	282.196
25.000	515.500	-965.667	294.190
26.000	515.480	-834.000	306.185
27.000	515.460	-788.333	318.186
28.000	515.440	-708.333	330.187
29.000	515.420	-794.000	342.179
30.000	515.400	-722.333	354.188
31.000	515.380	-708.667	366.184
32.000	515.360	-785.333	378.173
33.000	515.340	-671.667	390.183
34.000	515.320	-730.333	402.193
35.000	515.300	-724.667	414.188
36.000	515.280	-711.333	426.175
37.000	515.260	-841.000	438.185
38.000	515.240	-766.000	450.208
39.000	515.220	-797.667	462.207
40.000	515.200	-732.000	474.200
41.000	515.180	-681.333	486.190
42.000	515.160	-627.000	498.187
43.000	515.140	-637.333	510.194
44.000	515.120	-706.667	522.179
45.000	515.100	-732.667	534.184
46.000	515.080	-727.000	546.185
47.000	515.060	-767.000	558.191
48.000	515.040	-691.667	570.205
49.000	515.020	-706.000	582.205
50.000	515.000	-611.000	594.209
51.000	514.980	-582.333	606.211
52.000	514.960	-576.667	618.203
53.000	514.940	-578.333	630.197
54.000	514.920	-546.000	642.191
55.000	514.900	-550.000	654.193
56.000	514.880	-618.000	666.205
57.000	514.860	-540.000	678.204
58.000	514.840	-580.000	690.200
59.000	514.820	-656.000	702.214
60.000	514.800	-570.667	714.198
61.000	514.780	-539.000	726.210
62.000	514.760	-652.333	738.200
63.000	514.740	-638.000	750.198
64.000	514.720	-568.667	762.210
65.000	514.700	-602.000	774.198
66.000	514.680	-638.333	786.212
67.000	514.660	-645.333	798.204
68.000	514.640	-610.000	810.155
69.000	514.620	-545.667	822.150
70.000	514.600	-570.667	834.147
71.000	514.580	-623.000	846.140
72.000	514.560	-701.333	858.256
73.000	514.540	-660.000	870.217
74.000	514.520	-656.000	882.205
75.000	514.500	-640.333	894.215
76.000	514.480	-593.333	906.216
77.000	514.460	-530.333	918.216
78.000	514.440	-493.667	930.220
79.000	514.420	-592.000	942.222
80.000	514.400	-578.333	954.214
81.000	514.380	-569.333	966.214
82.000	514.360	-545.000	978.212
83.000	514.340	-515.000	990.205
84.000	514.320	-596.667	1002.211
85.000	514.300	-551.667	1014.203
86.000	514.280	-556.000	1026.214
87.000	514.260	-521.333	1038.209
88.000	514.240	-434.000	1050.206
89.000	514.220	-503.667	1062.215
90.000	514.200	-497.000	1074.206
91.000	514.180	-495.667	1086.213
92.000	514.160	-483.667	1098.130
93.000	514.140	-478.333	1110.222
94.000	514.120	-603.667	1122.211
95.000	514.100	-550.000	1134.222
96.000	514.080	-537.667	1146.215
97.000	514.060	-581.667	1158.127
98.000	514.040	-543.333	1170.217
99.000	514.020	-508.667	1182.221
100.000	514.000	-504.000	1194.220
101.000	513.980	-454.667	1206.217
102.000	513.960	-522.000	1218.223
103.000	513.940	-509.000	1230.125
104.000	513.920	-569.000	1242.128
105.000	513.900	-541.667	1254.131
106.000	513.880	-456.667	1266.259
107.000	513.860	-476.333	1278.256
108.000	513.840	-520.000	1290.221
109.000	513.820	-523.667	1302.258
110.000	513.800	-500.000	1314.223
111.000	513.780	-442.000	1326.220
112.000	513.760	-504.000	1338.127
113.000	513.740	-507.000	1350.265
114.000	513.720	-465.333	1362.132
115.000	513.700	-467.000	1374.131
116.000	513.680	-420.667	1386.129
117.000	513.660	-440.333	1398.127
118.000	513.640	-443.000	1410.222
119.000	513.620	-472.000	1422.133
120.000	513.600	-486.333	1434.127
121.000	513.580	-416.667	1446.129
122.000	513.560	-424.667	1458.126
123.000	513.540	-461.333	1470.223
124.000	513.520	-402.333	1482.135
125.000	513.500	-482.667	1494.131
126.000	513.480	-526.000	1506.217
127.000	513.460	-484.333	1518.131
128.000	513.440	-525.000	1530.140
129.000	513.420	-499.333	1542.132
130.000	513.400	-516.667	1554.129
131.000	513.380	-435.333	1566.131
132.000	513.360	-436.667	1578.219
133.000	513.340	-485.000	1590.136
134.000	513.320	-500.667	1602.135
135.000	513.300	-452.333	1614.130
136.000	513.280	-406.000	1626.144
137.000	513.260	-483.333	1638.139
138.000	513.240	-492.333	1650.135
139.000	513.220	-480.667	1662.135
140.000	513.200	-440.000	1674.224
141.000	513.180	-391.000	1686.137
142.000	513.160	-435.000	1698.128
143.000	513.140	-452.667	1710.142
144.000	513.120	-451.333	1722.144
145.000	513.100	-485.667	1734.135
146.000	513.080	-473.667	1746.140
147.000	513.060	-538.000	1758.125
148.000	513.040	-630.667	1770.132
149.000	513.020	-517.000	1782.141
150.000	513.000	-526.000	1794.131
151.000	512.980	-534.000	1806.142
152.000	512.960	-473.667	1818.132
153.000	512.940	-514.000	1830.139
154.000	512.920	-457.667	1842.155
155.000	512.900	-400.667	1854.148
156.000	512.880	-414.333	1866.158
157.000	512.860	-453.667	1878.158
158.000	512.840	-438.000	1890.158
159.000	512.820	-536.667	1902.160
160.000	512.800	-498.333	1914.147
161.000	512.780	-459.333	1926.155
162.000	512.760	-450.667	1938.148
163.000	512.740	-357.667	1950.157
164.000	512.720	-430.667	1962.150
165.000	512.700	-414.333	1974.146
166.000	512.680	-442.000	1986.142
167.000	512.660	-380.667	1998.163
168.000	512.640	-465.000	2010.128
169.000	512.620	-417.667	2022.149
170.000	512.600	-466.667	2034.142
171.000	512.580	-402.667	2046.163
172.000	512.560	-384.667	2058.146
173.000	512.540	-423.333	2070.174
174.000	512.520	-441.333	2082.180
175.000	512.500	-355.667	2094.299
176.000	512.480	-386.333	2106.192
177.000	512.460	-364.333	2118.288
178.000	512.440	-348.000	2130.251
179.000	512.420	-324.000	2142.273
180.000	512.400	-285.000	2154.279
181.000	512.380	-337.333	2166.283
182.000	512.360	-410.333	2178.256
183.000	512.340	-375.333	2190.198
184.000	512.320	-358.667	2202.250
185.000	512.300	-398.000	2214.255
186.000	512.280	-408.333	2226.302
187.000	512.260	-389.333	2238.265
188.000	512.240	-351.333	2250.244
189.000	512.220	-441.000	2262.255
190.000	512.200	-377.667	2274.242
191.000	512.180	-360.667	2286.257
192.000	512.160	-370.667	2298.194
193.000	512.140	-331.000	2310.294
194.000	512.120	-359.667	2322.267
195.000	512.100	-446.667	2334.295
196.000	512.080	-421.333	2346.268
197.000	512.060	-383.333	2358.201
198.000	512.040	-410.667	2370.311
199.000	512.020	-359.333	2382.262
200.000	512.000	-397.000	2394.199
201.000	511.980	-400.333	2406.281
202.000	511.960	-342.333	2418.245
203.000	511.940	-362.667	2430.247
204.000	511.920	-413.667	2442.221
205.000	511.900	-347.667	2454.265
206.000	511.880	-404.000	2466.299
207.000	511.860	-365.667	2478.274
208.000	511.840	-364.333	2490.240
209.000	511.820	-317.333	2502.223
210.000	511.800	-342.000	2514.200
211.000	511.780	-407.333	2526.279
212.000	511.760	-351.000	2538.208
213.000	511.740	-357.333	2550.209
214.000	511.720	-368.333	2562.205
215.000	511.700	-364.333	2574.190
216.000	511.680	-354.333	2586.197
217.000	511.660	-410.000	2598.212
218.000	511.640	-375.667	2610.250
219.000	511.620	-324.000	2622.278
220.000	511.600	-342.000	2634.224
221.000	511.580	-373.667	2646.226
222.000	511.560	-369.667	2658.222
223.000	511.540	-316.333	2670.320
224.000	511.520	-384.333	2682.204
225.000	511.500	-330.667	2694.308
226.000	511.480	-402.333	2706.189
227.000	511.460	-401.000	2718.227
228.000	511.440	-359.333	2730.276
229.000	511.420	-352.333	2742.313
230.000	511.400	-370.000	2754.207
231.000	511.380	-356.000	2766.309
232.000	511.360	-430.333	2778.277
233.000	511.340	-394.000	2790.211
234.000	511.320	-435.000	2802.229
235.000	511.300	-469.000	2814.224
236.000	511.280	-402.667	2826.197
237.000	511.260	-416.333	2838.286
238.000	511.240	-409.000	2850.223
239.000	511.220	-367.333	2862.263
240.000	511.200	-361.667	2874.214
241.000	511.180	-386.333	2886.287
242.000	511.160	-358.333	2898.280
243.000	511.140	-337.667	2910.287
244.000	511.120	-387.000	2922.214
245.000	511.100	-326.000	2934.199
246.000	511.080	-314.667	2946.226
247.000	511.060	-393.000	2958.276
248.000	511.040	-420.667	2970.289
249.000	511.020	-381.000	2982.300
250.000	511.000	-364.000	2994.287
251.000	510.980	-380.333	3006.265
252.000	510.960	-336.333	3018.218
253.000	510.940	-355.333	3030.294
254.000	510.920	-365.000	3042.198
255.000	510.900	-369.000	3054.205
256.000	510.880	-335.667	3066.218
257.000	510.860	-337.667	3078.235
258.000	510.840	-351.333	3090.229
259.000	510.820	-364.667	3102.263
260.000	510.800	-347.667	3114.224
261.000	510.780	-415.333	3126.237
262.000	510.760	-438.333	3138.231
263.000	510.740	-403.667	3150.240
264.000	510.720	-329.667	3162.191
265.000	510.700	-374.333	3174.248
266.000	510.680	-372.667	3186.254
267.000	510.660	-344.000	3198.203
268.000	510.640	-361.000	3210.296
269.000	510.620	-359.000	3222.328
270.000	510.600	-356.667	3234.290
271.000	510.580	-355.333	3246.231
272.000	510.560	-366.667	3258.198
273.000	510.540	-404.333	3270.207
274.000	510.520	-379.000	3282.284
275.000	510.500	-352.667	3294.227
276.000	510.480	-318.667	3306.256
277.000	510.460	-328.333	3318.268
278.000	510.440	-318.333	3330.287
279.000	510.420	-307.000	3342.329
280.000	510.400	-333.333	3354.230
281.000	510.380	-363.333	3366.280
282.000	510.360	-338.667	3378.206
283.000	510.340	-414.000	3390.292
284.000	510.320	-369.667	3402.277
285.000	510.300	-365.667	3414.209
286.000	510.280	-381.667	3426.294
287.000	510.260	-374.000	3438.270
288.000	510.240	-339.333	3450.277
289.000	510.220	-390.000	3462.287
290.000	510.200	-371.667	3474.206
291.000	510.180	-436.000	3486.206
292.000	510.160	-356.000	3498.272
293.000	510.140	-344.333	3510.274
294.000	510.120	-363.333	3522.235
295.000	510.100	-372.333	3534.208
296.000	510.080	-384.333	3546.215
297.000	510.060	-361.000	3558.303
298.000	510.040	-338.667	3570.235
299.000	510.020	-325.000	3582.269
300.000	510.000	-268.333	3594.248
301.000	509.980	-315.667	3606.305
302.000	509.960	-368.000	3618.195
303.000	509.940	-362.667	3630.294
304.000	509.920	-355.000	3642.240
305.000	509.900	-359.667	3654.204
306.000	509.880	-367.000	3666.259
307.000	509.860	-331.000	3678.281
308.000	509.840	-366.000	3690.214
309.000	509.820	-323.333	3702.218
310.000	509.800	-284.000	3714.272
311.000	509.780	-301.667	3726.286
312.000	509.760	-338.667	3738.220
313.000	509.740	-332.333	3750.259
314.000	509.720	-306.000	3762.200
315.000	509.700	-370.333	3774.249
316.000	509.680	-370.000	3786.296
317.000	509.660	-329.000	3798.250
318.000	509.640	-335.333	3810.258
319.000	509.620	-306.667	3822.304
320.000	509.600	-339.667	3834.299
321.000	509.580	-343.333	3846.287
322.000	509.560	-293.667	3858.351
323.000	509.540	-272.000	3870.289
324.000	509.520	-318.667	3882.302
325.000	509.500	-391.333	3894.277
326.000	509.480	-380.333	3906.315
327.000	509.460	-344.667	3918.229
328.000	509.440	-326.333	3930.235
329.000	509.420	-398.667	3942.243
330.000	509.400	-366.333	3954.261
331.000	509.380	-353.333	3966.319
332.000	509.360	-373.667	3978.273
333.000	509.340	-295.000	3990.213
334.000	509.320	-293.667	4002.189
335.000	509.300	-326.000	4014.227
336.000	509.280	-312.333	4026.266
337.000	509.260	-252.333	4038.238
338.000	509.240	-287.667	4050.215
339.000	509.220	-313.667	4062.216
340.000	509.200	-307.333	4074.322
341.000	509.180	-315.000	4086.224
342.000	509.160	-295.667	4098.269
343.000	509.140	-305.667	4110.278
344.000	509.120	-276.667	4122.242
345.000	509.100	-284.667	4134.250
346.000	509.080	-293.000	4146.223
347.000	509.060	-278.667	4158.261
348.000	509.040	-313.333	4170.248
349.000	509.020	-321.667	4182.283
350.000	509.000	-275.667	4194.248
351.000	508.980	0.000	4206.284
