0.000	560.000	-34.533	0.000
1.000	559.980	-30.167	8.832
2.000	559.960	-13.900	20.853
3.000	559.940	-30.500	32.845
4.000	559.920	-30.800	44.856
5.000	559.900	-30.067	56.853
6.000	559.880	-27.100	68.856
7.000	559.860	-21.000	80.854
8.000	559.840	-15.367	92.841
9.000	559.820	-17.833	104.856
10.000	559.800	-29.533	116.858
11.000	559.780	-22.933	128.856
12.000	559.760	-31.433	140.857
13.000	559.740	-21.967	152.843
14.000	559.720	-15.067	164.857
15.000	559.700	-13.267	176.844
16.000	559.680	-15.300	188.854
17.000	559.660	-21.400	200.849
18.000	559.640	-27.933	212.859
19.000	559.620	-21.867	224.871
20.000	559.600	-25.667	236.861
21.000	559.580	-27.667	248.863
22.000	559.560	-16.367	260.871
23.000	559.540	-26.733	272.876
24.000	559.520	-31.300	284.788
25.000	559.500	-33.500	296.794
26.000	559.480	-39.433	308.800
27.000	559.460	-37.133	320.834
28.000	559.440	-30.267	332.865
29.000	559.420	-35.233	344.858
30.000	559.400	-32.133	356.860
31.000	559.380	-24.900	368.877
32.000	559.360	-19.167	380.787
33.000	559.340	-12.900	392.783
34.000	559.320	-17.367	404.789
35.000	559.300	-28.867	416.800
36.000	559.280	-20.867	428.810
37.000	559.260	-19.633	440.832
38.000	559.240	-21.600	452.862
39.000	559.220	-12.933	464.879
40.000	559.200	-20.033	476.873
41.000	559.180	-21.900	488.874
42.000	559.160	-20.900	500.787
43.000	559.140	-18.200	512.791
44.000	559.120	-11.700	524.810
45.000	559.100	-25.833	536.844
46.000	559.080	-25.300	548.857
47.000	559.060	-16.467	560.877
48.000	559.040	-24.067	572.786
49.000	559.020	-35.067	584.781
50.000	559.000	-36.367	596.791
51.000	558.980	-33.900	608.795
52.000	558.960	-18.667	620.801
53.000	558.940	-18.367	632.811
54.000	558.920	-26.767	644.814
55.000	558.900	-35.300	656.837
56.000	558.880	-35.600	668.865
57.000	558.860	-31.600	680.872
58.000	558.840	-30.433	692.784
59.000	558.820	-31.167	704.793
60.000	558.800	-42.733	716.802
61.000	558.780	-33.400	728.807
62.000	558.760	-26.800	740.815
63.000	558.740	-34.267	752.841
64.000	558.720	-29.400	764.854
65.000	558.700	-48.733	776.871
66.000	558.680	-41.167	788.906
67.000	558.660	-40.233	800.786
68.000	558.640	-65.133	812.791
69.000	558.620	-97.000	824.793
70.000	558.600	-64.800	836.808
71.000	558.580	-46.967	848.811
72.000	558.560	-33.600	860.810
73.000	558.540	-40.800	872.807
74.000	558.520	-39.000	884.809
75.000	558.500	-45.333	896.816
76.000	558.480	-35.667	908.824
77.000	558.460	-32.767	920.863
78.000	558.440	-32.700	932.792
79.000	558.420	-34.467	944.857
80.000	558.400	-32.300	956.875
81.000	558.380	-36.567	968.792
82.000	558.360	-22.200	980.794
83.000	558.340	-19.067	992.792
84.000	558.320	-36.967	1004.804
85.000	558.300	-30.167	1016.805
86.000	558.280	-35.000	1028.807
87.000	558.260	-24.767	1040.804
88.000	558.240	-25.633	1052.799
89.000	558.220	-33.533	1064.813
90.000	558.200	-35.933	1076.814
91.000	558.180	-37.933	1088.812
92.000	558.160	-44.633	1100.804
93.000	558.140	-24.000	1112.793
94.000	558.120	-37.900	1124.796
95.000	558.100	-30.000	1136.795
96.000	558.080	-35.500	1148.798
97.000	558.060	-26.200	1160.810
98.000	558.040	-32.667	1172.807
99.000	558.020	-35.867	1184.807
100.000	558.000	-40.567	1196.790
101.000	557.980	-34.567	1208.793
102.000	557.960	-34.733	1220.803
103.000	557.940	-41.700	1232.800
104.000	557.920	-31.667	1244.802
105.000	557.900	-29.200	1256.798
106.000	557.880	-34.200	1268.803
107.000	557.860	-35.667	1280.805
108.000	557.840	-29.233	1292.809
109.000	557.820	-30.433	1304.806
110.000	557.800	-31.333	1316.797
111.000	557.780	-36.500	1328.803
112.000	557.760	-44.267	1340.804
113.000	557.740	-43.200	1352.807
114.000	557.720	-37.767	1364.818
115.000	557.700	-36.167	1376.821
116.000	557.680	-40.000	1388.822
117.000	557.660	-50.533	1400.829
118.000	557.640	-32.933	1412.838
119.000	557.620	-41.033	1424.848
120.000	557.600	-43.867	1436.869
121.000	557.580	-40.800	1448.796
122.000	557.560	-44.533	1460.797
123.000	557.540	-47.233	1472.793
124.000	557.520	-35.633	1484.789
125.000	557.500	-41.000	1496.809
126.000	557.480	-38.933	1508.805
127.000	557.460	-39.800	1520.800
128.000	557.440	-53.700	1532.791
129.000	557.420	-41.767	1544.817
130.000	557.400	-64.833	1556.816
131.000	557.380	-52.600	1568.816
132.000	557.360	-74.767	1580.813
133.000	557.340	-82.300	1592.806
134.000	557.320	-99.667	1604.808
135.000	557.300	-82.667	1616.805
136.000	557.280	-87.167	1628.803
137.000	557.260	-85.033	1640.819
138.000	557.240	-99.867	1652.828
139.000	557.220	-88.100	1664.844
140.000	557.200	-88.300	1676.849
141.000	557.180	-94.733	1688.850
142.000	557.160	-97.200	1700.781
143.000	557.140	-123.233	1712.813
144.000	557.120	-93.700	1724.821
145.000	557.100	-71.100	1736.819
146.000	557.080	-62.300	1748.822
147.000	557.060	-52.300	1760.832
148.000	557.040	-56.067	1772.841
149.000	557.020	-46.333	1784.849
150.000	557.000	-45.000	1796.846
151.000	556.980	-41.067	1808.841
152.000	556.960	-41.567	1820.835
153.000	556.940	-49.200	1832.839
154.000	556.920	-58.500	1844.837
155.000	556.900	-56.233	1856.833
156.000	556.880	-61.833	1868.841
157.000	556.860	-89.833	1880.849
158.000	556.840	-66.567	1892.846
159.000	556.820	-83.300	1904.854
160.000	556.800	-50.300	1916.852
161.000	556.780	-46.700	1928.787
162.000	556.760	-40.867	1940.821
163.000	556.740	-36.000	1952.821
164.000	556.720	-32.800	1964.826
165.000	556.700	-35.933	1976.837
166.000	556.680	-33.867	1988.849
167.000	556.660	-38.167	2000.844
168.000	556.640	-42.067	2012.843
169.000	556.620	-39.567	2024.837
170.000	556.600	-44.633	2036.842
171.000	556.580	-30.967	2048.848
172.000	556.560	-30.333	2060.859
173.000	556.540	-38.000	2072.787
174.000	556.520	-47.367	2084.814
175.000	556.500	-48.467	2096.830
176.000	556.480	-49.467	2108.844
177.000	556.460	-43.400	2120.864
178.000	556.440	-37.600	2132.873
179.000	556.420	-35.233	2145.265
180.000	556.400	-51.333	2156.858
181.000	556.380	-52.400	2168.864
182.000	556.360	-52.900	2180.871
183.000	556.340	-42.033	2192.872
184.000	556.320	-52.433	2204.870
185.000	556.300	-46.833	2216.865
186.000	556.280	-45.100	2228.864
187.000	556.260	-65.267	2240.861
188.000	556.240	-50.200	2252.859
189.000	556.220	-75.100	2264.864
190.000	556.200	-74.400	2276.875
191.000	556.180	-92.133	2288.807
192.000	556.160	-103.467	2300.838
193.000	556.140	-80.667	2312.842
194.000	556.120	-69.567	2324.849
195.000	556.100	-61.267	2336.855
196.000	556.080	-51.400	2348.869
197.000	556.060	-63.433	2360.873
198.000	556.040	-52.300	2372.873
199.000	556.020	-57.833	2384.782
200.000	556.000	-40.967	2396.825
201.000	555.980	-45.467	2408.846
202.000	555.960	-36.767	2420.846
203.000	555.940	-45.100	2432.839
204.000	555.920	-39.933	2444.829
205.000	555.900	-32.033	2456.838
206.000	555.880	-41.867	2468.838
207.000	555.860	-32.700	2480.839
208.000	555.840	-24.633	2492.839
209.000	555.820	-33.067	2504.836
210.000	555.800	-40.133	2516.845
211.000	555.780	-39.033	2528.846
212.000	555.760	-45.767	2540.842
213.000	555.740	-42.033	2552.849
214.000	555.720	-45.867	2564.854
215.000	555.700	-43.633	2576.858
216.000	555.680	-39.033	2588.861
217.000	555.660	-39.533	2600.861
218.000	555.640	-49.567	2612.851
219.000	555.620	-38.933	2624.832
220.000	555.600	-32.300	2636.848
221.000	555.580	-24.833	2648.851
222.000	555.560	-31.067	2660.852
223.000	555.540	-38.100	2672.846
224.000	555.520	-37.600	2684.839
225.000	555.500	-41.700	2696.833
226.000	555.480	-38.833	2708.847
227.000	555.460	-58.867	2720.842
228.000	555.440	-71.633	2732.848
229.000	555.420	-80.567	2744.839
230.000	555.400	-92.967	2756.858
231.000	555.380	-77.367	2768.848
232.000	555.360	-56.600	2780.847
233.000	555.340	-63.733	2792.847
234.000	555.320	-36.167	2804.842
235.000	555.300	-51.300	2816.835
236.000	555.280	-56.767	2828.847
237.000	555.260	-44.700	2840.845
238.000	555.240	-53.200	2852.863
239.000	555.220	-46.300	2864.862
240.000	555.200	-54.000	2876.856
241.000	555.180	-52.267	2888.858
242.000	555.160	-44.200	2900.854
243.000	555.140	-40.900	2912.852
244.000	555.120	-28.100	2924.852
245.000	555.100	-31.633	2936.852
246.000	555.080	-35.667	2948.849
247.000	555.060	-43.133	2960.849
248.000	555.040	-41.100	2972.850
249.000	555.020	-66.467	2984.867
250.000	555.000	-62.367	2996.869
251.000	554.980	-70.133	3008.859
252.000	554.960	-61.233	3020.855
253.000	554.940	-48.333	3032.851
254.000	554.920	-43.267	3044.842
255.000	554.900	-46.367	3056.852
256.000	554.880	-50.600	3068.867
257.000	554.860	-46.000	3080.878
258.000	554.840	-42.733	3092.879
259.000	554.820	-44.767	3104.877
260.000	554.800	-51.933	3116.783
261.000	554.780	-72.200	3128.781
262.000	554.760	-43.633	3140.877
263.000	554.740	-64.000	3152.856
264.000	554.720	-39.733	3164.871
265.000	554.700	-49.300	3176.873
266.000	554.680	-53.900	3188.864
267.000	554.660	-54.433	3200.851
268.000	554.640	-52.233	3212.866
269.000	554.620	-45.600	3224.867
270.000	554.600	-47.333	3236.864
271.000	554.580	-41.600	3248.862
272.000	554.560	-30.900	3260.866
273.000	554.540	-26.833	3272.870
274.000	554.520	-26.067	3284.870
275.000	554.500	-43.400	3296.873
276.000	554.480	-45.733	3308.875
277.000	554.460	-53.200	3320.907
278.000	554.440	-47.800	3332.874
279.000	554.420	-48.000	3345.831
280.000	554.400	-58.767	3356.847
281.000	554.380	-58.867	3368.861
282.000	554.360	-77.333	3380.786
283.000	554.340	-74.200	3392.780
284.000	554.320	-78.967	3404.786
285.000	554.300	-69.100	3416.791
286.000	554.280	-80.267	3428.800
287.000	554.260	-65.200	3440.812
288.000	554.240	-82.833	3452.861
289.000	554.220	-67.033	3464.868
290.000	554.200	-85.867	3476.870
291.000	554.180	-66.467	3488.870
292.000	554.160	-53.767	3500.878
293.000	554.140	-62.267	3512.784
294.000	554.120	-67.100	3524.789
295.000	554.100	-57.733	3536.784
296.000	554.080	-55.300	3548.791
297.000	554.060	-46.700	3560.798
298.000	554.040	-30.467	3572.798
299.000	554.020	-26.833	3584.805
300.000	554.000	-26.367	3596.805
301.000	553.980	-44.500	3608.816
302.000	553.960	-50.100	3620.822
303.000	553.940	-39.667	3632.824
304.000	553.920	-40.233	3644.852
305.000	553.900	-40.700	3656.875
306.000	553.880	-50.200	3668.800
307.000	553.860	-46.133	3680.819
308.000	553.840	-42.533	3692.823
309.000	553.820	-31.567	3704.811
310.000	553.800	-27.667	3716.815
311.000	553.780	-32.200	3728.823
312.000	553.760	-34.833	3740.833
313.000	553.740	-32.600	3752.859
314.000	553.720	-30.800	3764.781
315.000	553.700	-30.600	3776.786
316.000	553.680	-32.900	3788.795
317.000	553.660	-28.600	3800.800
318.000	553.640	-19.033	3812.800
319.000	553.620	-30.400	3824.814
320.000	553.600	-27.800	3836.820
321.000	553.580	-28.900	3848.817
322.000	553.560	-42.367	3860.820
323.000	553.540	-34.633	3872.826
324.000	553.520	-19.133	3884.838
325.000	553.500	-19.900	3896.780
326.000	553.480	-26.800	3908.792
327.000	553.460	-35.800	3920.797
328.000	553.440	-35.733	3932.799
329.000	553.420	-42.333	3944.806
330.000	553.400	-35.833	3956.811
331.000	553.380	-27.800	3968.817
332.000	553.360	-21.833	3980.827
333.000	553.340	-31.867	3992.830
334.000	553.320	-27.433	4004.858
335.000	553.300	-19.467	4016.783
336.000	553.280	-12.100	4028.805
337.000	553.260	-8.900	4040.810
338.000	553.240	-23.233	4052.814
339.000	553.220	-30.000	4064.817
340.000	553.200	-28.367	4076.828
341.000	553.180	-22.133	4088.839
342.000	553.160	-34.067	4100.841
343.000	553.140	-36.833	4112.873
344.000	553.120	-28.267	4124.800
345.000	553.100	-25.667	4136.806
346.000	553.080	-11.933	4148.818
347.000	553.060	-22.267	4160.814
348.000	553.040	-23.400	4172.818
349.000	553.020	-36.333	4184.816
350.000	553.000	-28.533	4196.834
351.000	552.980	-21.333	4208.838
352.000	552.960	-30.967	4220.838
353.000	552.940	-29.900	4232.839
354.000	552.920	-18.133	4244.850
355.000	552.900	-23.300	4256.846
356.000	552.880	-19.433	4268.845
357.000	552.860	-20.700	4280.842
358.000	552.840	-14.667	4292.831
359.000	552.820	-18.133	4304.839
360.000	552.800	-20.600	4316.837
361.000	552.780	-16.967	4328.850
362.000	552.760	-11.967	4340.855
363.000	552.740	-14.800	4352.786
364.000	552.720	-25.767	4364.820
365.000	552.700	-29.633	4376.822
366.000	552.680	-26.233	4388.824
367.000	552.660	-22.133	4400.825
368.000	552.640	-30.533	4412.831
369.000	552.620	-24.833	4424.838
370.000	552.600	-10.400	4436.843
371.000	552.580	-16.333	4448.849
372.000	552.560	-10.800	4460.854
373.000	552.540	-22.200	4472.845
374.000	552.520	-17.700	4484.840
375.000	552.500	-15.200	4496.838
376.000	552.480	-20.133	4508.850
377.000	552.460	-20.433	4520.850
378.000	552.440	-19.067	4532.851
379.000	552.420	-18.800	4546.417
380.000	552.400	-12.467	4556.814
381.000	552.380	-17.233	4568.819
382.000	552.360	-19.033	4580.834
383.000	552.340	-11.967	4592.838
384.000	552.320	-15.733	4604.842
385.000	552.300	-16.100	4616.846
386.000	552.280	-23.967	4628.841
387.000	552.260	-24.733	4640.847
388.000	552.240	-35.800	4652.847
389.000	552.220	-41.767	4664.850
390.000	552.200	-22.100	4676.859
391.000	552.180	-15.933	4688.857
392.000	552.160	-11.400	4700.861
393.000	552.140	-15.567	4712.786
394.000	552.120	-17.267	4724.819
395.000	552.100	-17.733	4736.830
396.000	552.080	-19.133	4748.830
397.000	552.060	-7.133	4760.844
398.000	552.040	-18.367	4772.859
399.000	552.020	-16.800	4784.854
400.000	552.000	-16.667	4796.862
401.000	551.980	-5.500	4808.872
402.000	551.960	-15.433	4820.805
403.000	551.940	-14.533	4832.835
404.000	551.920	-12.333	4844.844
405.000	551.900	-18.500	4856.858
406.000	551.880	-18.900	4868.793
407.000	551.860	-12.800	4880.817
408.000	551.840	-32.267	4892.840
409.000	551.820	-27.100	4904.842
410.000	551.800	-23.800	4916.852
411.000	551.780	-14.867	4928.861
412.000	551.760	-9.433	4940.866
413.000	551.740	-8.733	4952.874
414.000	551.720	-19.633	4964.793
415.000	551.700	-25.000	4976.813
416.000	551.680	-20.667	4988.843
417.000	551.660	-20.100	5000.849
418.000	551.640	-18.833	5012.854
419.000	551.620	-27.733	5024.862
420.000	551.600	-18.967	5036.876
421.000	551.580	-6.500	5048.813
422.000	551.560	-15.067	5060.838
423.000	551.540	-13.100	5072.845
424.000	551.520	-11.300	5084.850
425.000	551.500	-16.267	5096.863
426.000	551.480	-16.333	5108.869
427.000	551.460	-11.000	5120.873
428.000	551.440	-22.867	5132.876
429.000	551.420	-14.700	5144.871
430.000	551.400	-18.700	5156.871
431.000	551.380	-15.300	5168.863
432.000	551.360	-28.967	5180.862
433.000	551.340	-24.200	5192.861
434.000	551.320	-22.667	5204.860
435.000	551.300	-24.900	5216.866
436.000	551.280	-20.300	5228.866
437.000	551.260	-16.433	5240.860
438.000	551.240	-9.100	5252.852
439.000	551.220	-14.000	5264.857
440.000	551.200	-11.667	5276.854
441.000	551.180	-18.233	5288.841
442.000	551.160	-18.500	5300.834
443.000	551.140	-16.900	5312.847
444.000	551.120	-19.267	5324.845
445.000	551.100	-23.400	5336.843
446.000	551.080	-18.767	5348.837
447.000	551.060	-15.367	5360.864
448.000	551.040	-7.633	5372.862
449.000	551.020	-10.000	5384.863
450.000	551.000	-9.133	5396.869
451.000	550.980	-22.333	5408.864
452.000	550.960	-14.167	5420.866
453.000	550.940	-15.900	5432.868
454.000	550.920	-18.900	5444.870
455.000	550.900	-20.633	5456.874
456.000	550.880	-20.367	5468.876
457.000	550.860	-26.133	5480.876
458.000	550.840	-12.767	5492.875
459.000	550.820	-11.067	5504.782
460.000	550.800	-14.700	5516.786
461.000	550.780	-17.367	5528.818
462.000	550.760	-22.367	5540.854
463.000	550.740	-15.367	5552.857
464.000	550.720	-17.567	5564.859
465.000	550.700	-16.133	5576.875
466.000	550.680	-13.633	5588.784
467.000	550.660	-12.600	5600.788
468.000	550.640	-8.600	5612.798
469.000	550.620	-6.000	5624.789
470.000	550.600	-7.767	5636.910
471.000	550.580	-10.700	5648.869
472.000	550.560	-0.633	5660.864
473.000	550.540	-9.200	5672.844
474.000	550.520	-15.700	5684.865
475.000	550.500	-11.733	5696.867
476.000	550.480	-7.267	5708.874
477.000	550.460	-6.733	5720.876
478.000	550.440	-16.667	5732.878
479.000	550.420	-11.833	5746.978
480.000	550.400	-20.233	5756.861
481.000	550.380	-12.233	5768.864
482.000	550.360	-7.433	5780.862
483.000	550.340	-17.333	5792.874
484.000	550.320	-9.800	5804.905
485.000	550.300	-14.200	5816.782
486.000	550.280	-20.200	5828.796
487.000	550.260	-17.033	5840.809
488.000	550.240	1.033	5852.840
489.000	550.220	-6.633	5864.866
490.000	550.200	-13.833	5876.860
491.000	550.180	-12.367	5888.857
492.000	550.160	-9.067	5900.918
493.000	550.140	-18.467	5912.791
494.000	550.120	-26.833	5924.788
495.000	550.100	-18.000	5936.781
496.000	550.080	-5.233	5948.873
497.000	550.060	-15.267	5960.867
498.000	550.040	-19.400	5972.864
499.000	550.020	-15.867	5984.855
500.000	550.000	-13.733	5996.920
501.000	549.980	0.000	6008.795
