0.000	555.000	-551.100	0.000
1.000	554.980	-571.267	9.618
2.000	554.960	-549.267	21.636
3.000	554.940	-548.367	33.548
4.000	554.920	-513.167	45.556
5.000	554.900	-496.467	57.562
6.000	554.880	-519.333	69.561
7.000	554.860	-538.400	81.562
8.000	554.840	-518.033	93.563
9.000	554.820	-503.400	105.561
10.000	554.800	-526.000	117.556
11.000	554.780	-548.700	129.553
12.000	554.760	-517.767	141.675
13.000	554.740	-475.033	153.534
14.000	554.720	-506.967	165.612
15.000	554.700	-478.500	177.633
16.000	554.680	-492.900	189.548
17.000	554.660	-453.600	201.551
18.000	554.640	-457.167	213.554
19.000	554.620	-453.400	225.557
20.000	554.600	-437.233	237.560
21.000	554.580	-464.400	249.554
22.000	554.560	-474.267	261.551
23.000	554.540	-482.600	273.554
24.000	554.520	-473.333	285.556
25.000	554.500	-480.600	297.568
26.000	554.480	-436.633	309.572
27.000	554.460	-433.467	321.579
28.000	554.440	-448.200	333.577
29.000	554.420	-434.367	345.582
30.000	554.400	-477.400	357.585
31.000	554.380	-446.867	369.590
32.000	554.360	-461.167	381.622
33.000	554.340	-425.633	393.549
34.000	554.320	-425.133	405.554
35.000	554.300	-428.500	417.563
36.000	554.280	-457.933	429.557
37.000	554.260	-428.100	441.553
38.000	554.240	-389.200	453.560
39.000	554.220	-381.400	465.562
40.000	554.200	-399.000	477.562
41.000	554.180	-421.367	489.566
42.000	554.160	-417.600	501.570
43.000	554.140	-408.500	513.579
44.000	554.120	-422.167	525.587
45.000	554.100	-410.833	537.615
46.000	554.080	-374.100	549.636
47.000	554.060	-408.500	561.555
48.000	554.040	-428.600	573.558
49.000	554.020	-404.167	585.561
50.000	554.000	-405.400	597.563
51.000	553.980	-380.867	609.566
52.000	553.960	-402.800	621.573
53.000	553.940	-387.300	633.570
54.000	553.920	-387.533	645.570
55.000	553.900	-422.867	657.580
56.000	553.880	-383.033	669.579
57.000	553.860	-378.533	681.596
58.000	553.840	-383.533	693.605
59.000	553.820	-391.633	705.634
60.000	553.800	-387.567	717.568
61.000	553.780	-370.667	729.571
62.000	553.760	-373.900	741.566
63.000	553.740	-387.667	753.565
64.000	553.720	-405.800	765.570
65.000	553.700	-390.167	777.571
66.000	553.680	-386.833	789.569
67.000	553.660	-395.967	801.569
68.000	553.640	-352.467	813.556
69.000	553.620	-354.200	825.553
70.000	553.600	-326.333	837.557
71.000	553.580	-336.033	849.561
72.000	553.560	-350.000	861.561
73.000	553.540	-367.433	873.556
74.000	553.520	-329.600	885.552
75.000	553.500	-354.333	897.568
76.000	553.480	-373.800	909.579
77.000	553.460	-363.367	921.575
78.000	553.440	-387.467	933.576
79.000	553.420	-395.833	945.587
80.000	553.400	-350.067	957.583
81.000	553.380	-338.567	969.585
82.000	553.360	-347.333	981.581
83.000	553.340	-327.533	993.577
84.000	553.320	-338.200	1005.579
85.000	553.300	-319.767	1017.580
86.000	553.280	-317.200	1029.591
87.000	553.260	-351.667	1041.598
88.000	553.240	-339.867	1053.611
89.000	553.220	-348.233	1065.551
90.000	553.200	-328.633	1077.582
91.000	553.180	-317.000	1089.590
92.000	553.160	-328.133	1101.594
93.000	553.140	-334.167	1113.587
94.000	553.120	-320.133	1125.592
95.000	553.100	-323.600	1137.600
96.000	553.080	-313.833	1149.609
97.000	553.060	-328.533	1161.609
98.000	553.040	-347.500	1173.611
99.000	553.020	-319.667	1185.620
100.000	553.000	-297.967	1197.562
101.000	552.980	-294.933	1209.588
102.000	552.960	-318.233	1221.607
103.000	552.940	-309.133	1233.614
104.000	552.920	-301.833	1245.619
105.000	552.900	-321.133	1257.624
106.000	552.880	-288.133	1269.621
107.000	552.860	-275.300	1281.617
108.000	552.840	-285.667	1293.625
109.000	552.820	-315.133	1305.623
110.000	552.800	-293.200	1317.623
111.000	552.780	-304.133	1329.546
112.000	552.760	-307.467	1341.565
113.000	552.740	-286.867	1353.586
114.000	552.720	-297.767	1365.570
115.000	552.700	-305.067	1377.591
116.000	552.680	-286.733	1389.602
117.000	552.660	-286.167	1401.619
118.000	552.640	-295.700	1413.630
119.000	552.620	-293.533	1425.566
120.000	552.600	-295.667	1437.602
121.000	552.580	-279.467	1449.618
122.000	552.560	-292.333	1461.622
123.000	552.540	-280.633	1473.626
124.000	552.520	-283.400	1485.550
125.000	552.500	-292.600	1497.578
126.000	552.480	-279.567	1509.603
127.000	552.460	-275.467	1521.615
128.000	552.440	-291.800	1533.631
129.000	552.420	-303.600	1545.560
130.000	552.400	-277.167	1557.589
131.000	552.380	-286.367	1569.608
132.000	552.360	-278.933	1581.618
133.000	552.340	-286.533	1593.630
134.000	552.320	-285.600	1605.638
135.000	552.300	-307.467	1617.559
136.000	552.280	-304.967	1629.589
137.000	552.260	-309.267	1641.602
138.000	552.240	-297.467	1653.614
139.000	552.220	-287.033	1665.629
140.000	552.200	-279.733	1677.541
141.000	552.180	-292.700	1689.563
142.000	552.160	-272.600	1701.583
143.000	552.140	-277.800	1713.599
144.000	552.120	-271.500	1725.599
145.000	552.100	-280.300	1737.606
146.000	552.080	-269.267	1749.622
147.000	552.060	-289.000	1761.631
148.000	552.040	-280.400	1773.562
149.000	552.020	-291.833	1785.586
150.000	552.000	-283.767	1797.611
151.000	551.980	-273.033	1809.616
152.000	551.960	-264.433	1821.630
153.000	551.940	-282.100	1833.673
154.000	551.920	-255.133	1845.540
155.000	551.900	-277.133	1857.565
156.000	551.880	-270.333	1869.600
157.000	551.860	-271.833	1881.609
158.000	551.840	-266.633	1893.618
159.000	551.820	-245.933	1905.628
160.000	551.800	-253.500	1917.635
161.000	551.780	-255.167	1929.636
162.000	551.760	-249.367	1941.633
163.000	551.740	-234.700	1953.541
164.000	551.720	-257.367	1965.669
165.000	551.700	-256.600	1977.638
166.000	551.680	-257.500	1989.630
167.000	551.660	-237.367	2001.625
168.000	551.640	-234.000	2013.630
169.000	551.620	-248.633	2025.619
170.000	551.600	-259.467	2037.615
171.000	551.580	-266.167	2049.617
172.000	551.560	-270.500	2061.626
173.000	551.540	-265.033	2073.632
174.000	551.520	-249.333	2085.628
175.000	551.500	-246.000	2097.632
176.000	551.480	-233.867	2109.545
177.000	551.460	-256.633	2121.574
178.000	551.440	-232.700	2133.589
179.000	551.420	-262.800	2145.605
180.000	551.400	-232.200	2157.602
181.000	551.380	-237.867	2169.628
182.000	551.360	-223.300	2181.624
183.000	551.340	-222.800	2193.626
184.000	551.320	-258.133	2205.627
185.000	551.300	-255.033	2217.542
186.000	551.280	-241.800	2229.544
187.000	551.260	-247.833	2241.548
188.000	551.240	-238.767	2253.548
189.000	551.220	-249.500	2265.561
190.000	551.200	-257.067	2277.562
191.000	551.180	-244.700	2289.589
192.000	551.160	-237.567	2301.622
193.000	551.140	-241.233	2313.631
194.000	551.120	-234.833	2325.545
195.000	551.100	-232.567	2337.550
196.000	551.080	-214.033	2349.555
197.000	551.060	-236.800	2361.559
198.000	551.040	-228.267	2373.563
199.000	551.020	-228.433	2385.597
200.000	551.000	-225.900	2397.623
201.000	550.980	-231.267	2409.625
202.000	550.960	-232.700	2421.531
203.000	550.940	-217.800	2433.531
204.000	550.920	-214.400	2445.629
205.000	550.900	-233.200	2457.666
206.000	550.880	-202.767	2469.545
207.000	550.860	-216.867	2481.543
208.000	550.840	-232.700	2493.540
209.000	550.820	-229.900	2505.540
210.000	550.800	-212.967	2517.544
211.000	550.780	-219.933	2529.564
212.000	550.760	-230.767	2541.569
213.000	550.740	-222.167	2553.604
214.000	550.720	-206.867	2565.605
215.000	550.700	-229.067	2577.629
216.000	550.680	-228.833	2589.634
217.000	550.660	-206.700	2601.536
218.000	550.640	-219.100	2613.541
219.000	550.620	-212.767	2625.559
220.000	550.600	-199.300	2637.667
221.000	550.580	-212.000	2649.667
222.000	550.560	-221.067	2661.669
223.000	550.540	-214.500	2673.568
224.000	550.520	-198.233	2685.568
225.000	550.500	-195.000	2697.567
226.000	550.480	-197.700	2709.560
227.000	550.460	-192.867	2721.557
228.000	550.440	-197.833	2733.554
229.000	550.420	-222.000	2745.565
230.000	550.400	-209.933	2757.563
231.000	550.380	-205.833	2769.559
232.000	550.360	-204.967	2781.556
233.000	550.340	-207.733	2793.560
234.000	550.320	-220.333	2805.548
235.000	550.300	-208.700	2817.560
236.000	550.280	-206.000	2829.557
237.000	550.260	-194.467	2841.556
238.000	550.240	-187.733	2853.552
239.000	550.220	-210.800	2865.545
240.000	550.200	-200.467	2877.545
241.000	550.180	-209.800	2889.637
242.000	550.160	-214.067	2901.634
243.000	550.140	-211.500	2913.637
244.000	550.120	-227.200	2925.634
245.000	550.100	-218.567	2937.539
246.000	550.080	-202.933	2949.556
247.000	550.060	-212.467	2961.564
248.000	550.040	-199.933	2973.570
249.000	550.020	-206.167	2985.583
250.000	550.000	-210.800	2997.603
251.000	549.980	-221.200	3009.638
252.000	549.960	-230.800	3021.548
253.000	549.940	-207.633	3034.354
254.000	549.920	-182.700	3046.456
255.000	549.900	-187.333	3058.562
256.000	549.880	-198.767	3069.560
257.000	549.860	-194.267	3081.560
258.000	549.840	-210.467	3093.560
259.000	549.820	-223.700	3105.562
260.000	549.800	-206.133	3117.552
261.000	549.780	-207.067	3129.548
262.000	549.760	-213.333	3141.552
263.000	549.740	-204.600	3153.543
264.000	549.720	-197.500	3165.546
265.000	549.700	-203.167	3177.674
266.000	549.680	-202.633	3189.540
267.000	549.660	-203.233	3201.558
268.000	549.640	-193.300	3213.552
269.000	549.620	-191.400	3225.542
270.000	549.600	-201.767	3237.636
271.000	549.580	-203.767	3249.551
272.000	549.560	-203.133	3261.558
273.000	549.540	-179.133	3273.556
274.000	549.520	-179.167	3285.560
275.000	549.500	-198.467	3297.553
276.000	549.480	-194.233	3309.557
277.000	549.460	-208.667	3321.549
278.000	549.440	-205.400	3333.552
279.000	549.420	-201.833	3345.558
280.000	549.400	-193.267	3357.552
281.000	549.380	-201.033	3369.552
282.000	549.360	-200.333	3381.553
283.000	549.340	-192.067	3393.540
284.000	549.320	-185.100	3405.554
285.000	549.300	-185.700	3417.554
286.000	549.280	-183.133	3429.558
287.000	549.260	-186.833	3441.567
288.000	549.240	-174.967	3453.575
289.000	549.220	-192.833	3465.574
290.000	549.200	-196.800	3477.574
291.000	549.180	-181.233	3489.575
292.000	549.160	-181.133	3501.577
293.000	549.140	-183.467	3513.579
294.000	549.120	-173.533	3525.581
295.000	549.100	-183.133	3537.582
296.000	549.080	-166.667	3549.570
297.000	549.060	-177.100	3561.559
298.000	549.040	-172.200	3573.545
299.000	549.020	-172.900	3585.566
300.000	549.000	-176.300	3597.566
301.000	548.980	-171.767	3609.564
302.000	548.960	-163.500	3621.566
303.000	548.940	-184.200	3633.563
304.000	548.920	-200.167	3645.552
305.000	548.900	-203.933	3657.567
306.000	548.880	-194.567	3669.558
307.000	548.860	-174.633	3681.557
308.000	548.840	-176.600	3693.574
309.000	548.820	-170.433	3705.575
310.000	548.800	-175.367	3717.573
311.000	548.780	-166.667	3729.573
312.000	548.760	-187.033	3741.579
313.000	548.740	-188.200	3753.574
314.000	548.720	-178.333	3765.540
315.000	548.700	-170.667	3777.554
316.000	548.680	-179.333	3789.579
317.000	548.660	-181.000	3801.579
318.000	548.640	-177.867	3813.591
319.000	548.620	-164.933	3825.597
320.000	548.600	-168.867	3837.597
321.000	548.580	-178.200	3849.599
322.000	548.560	-179.867	3861.600
323.000	548.540	-158.200	3873.602
324.000	548.520	-158.700	3885.604
325.000	548.500	-170.100	3897.605
326.000	548.480	-173.167	3909.605
327.000	548.460	-177.533	3921.603
328.000	548.440	-162.500	3933.599
329.000	548.420	-173.633	3945.599
330.000	548.400	-172.133	3957.615
331.000	548.380	-177.800	3969.614
332.000	548.360	-168.200	3981.618
333.000	548.340	-186.700	3993.549
334.000	548.320	-171.467	4005.592
335.000	548.300	-168.167	4017.596
336.000	548.280	-160.900	4029.601
337.000	548.260	-159.400	4041.599
338.000	548.240	-163.033	4053.605
339.000	548.220	-169.133	4065.613
340.000	548.200	-168.533	4077.618
341.000	548.180	-151.300	4089.624
342.000	548.160	-159.033	4101.547
343.000	548.140	-179.667	4113.582
344.000	548.120	-169.500	4125.581
345.000	548.100	-175.233	4137.597
346.000	548.080	-165.100	4149.610
347.000	548.060	-158.000	4161.609
348.000	548.040	-155.667	4173.607
349.000	548.020	-158.933	4185.606
350.000	548.000	-175.467	4197.607
351.000	547.980	-165.133	4209.607
352.000	547.960	-158.167	4221.611
353.000	547.940	-155.833	4233.616
354.000	547.920	-169.933	4245.617
355.000	547.900	-158.200	4257.627
356.000	547.880	-185.100	4269.631
357.000	547.860	-157.933	4281.552
358.000	547.840	-159.267	4293.582
359.000	547.820	-163.233	4305.584
360.000	547.800	-160.900	4317.592
361.000	547.780	-166.567	4329.594
362.000	547.760	-167.600	4341.601
363.000	547.740	-161.433	4353.601
364.000	547.720	-160.167	4365.600
365.000	547.700	-156.100	4377.599
366.000	547.680	-162.300	4389.596
367.000	547.660	-155.533	4401.597
368.000	547.640	-160.300	4413.607
369.000	547.620	-149.133	4425.598
370.000	547.600	-158.900	4437.592
371.000	547.580	-156.333	4449.588
372.000	547.560	-161.133	4461.603
373.000	547.540	-154.100	4473.606
374.000	547.520	-145.133	4485.605
375.000	547.500	-154.767	4497.610
376.000	547.480	-156.567	4509.604
377.000	547.460	-145.967	4521.600
378.000	547.440	-139.367	4533.596
379.000	547.420	-138.600	4545.597
380.000	547.400	-143.500	4557.591
381.000	547.380	-148.033	4569.586
382.000	547.360	-136.433	4581.608
383.000	547.340	-140.267	4593.607
384.000	547.320	-141.700	4605.601
385.000	547.300	-141.600	4617.600
386.000	547.280	-156.300	4629.601
387.000	547.260	-156.633	4641.588
388.000	547.240	-149.500	4653.605
389.000	547.220	-153.433	4665.595
390.000	547.200	-148.033	4677.603
391.000	547.180	-138.067	4689.599
392.000	547.160	-140.367	4701.595
393.000	547.140	-145.233	4713.607
394.000	547.120	-146.467	4725.600
395.000	547.100	-149.600	4737.592
396.000	547.080	-146.067	4749.593
397.000	547.060	-149.200	4761.607
398.000	547.040	-150.733	4773.608
399.000	547.020	-157.500	4785.607
400.000	547.000	-143.433	4797.601
401.000	546.980	-141.800	4809.599
402.000	546.960	-133.000	4821.599
403.000	546.940	-138.367	4833.610
404.000	546.920	-135.167	4845.607
405.000	546.900	-140.767	4857.599
406.000	546.880	-139.567	4869.620
407.000	546.860	-147.467	4881.612
408.000	546.840	-155.233	4893.619
409.000	546.820	-148.333	4905.619
410.000	546.800	-150.867	4917.621
411.000	546.780	-145.933	4929.628
412.000	546.760	-150.467	4941.625
413.000	546.740	-152.400	4953.611
414.000	546.720	-140.400	4965.583
415.000	546.700	-139.333	4977.597
416.000	546.680	-145.600	4989.622
417.000	546.660	-146.100	5001.630
418.000	546.640	-143.533	5013.626
419.000	546.620	-140.433	5025.608
420.000	546.600	-134.500	5037.608
421.000	546.580	-140.300	5049.607
422.000	546.560	-132.933	5061.625
423.000	546.540	-144.400	5073.634
424.000	546.520	-132.000	5085.612
425.000	546.500	-128.833	5097.602
426.000	546.480	-133.500	5109.619
427.000	546.460	-144.167	5121.618
428.000	546.440	-138.600	5133.622
429.000	546.420	-132.533	5145.619
430.000	546.400	-142.967	5157.617
431.000	546.380	-139.267	5169.618
432.000	546.360	-147.233	5181.630
433.000	546.340	-135.833	5193.628
434.000	546.320	-130.200	5205.624
435.000	546.300	-137.500	5217.609
436.000	546.280	-133.000	5229.621
437.000	546.260	-137.567	5241.623
438.000	546.240	-126.233	5253.625
439.000	546.220	-141.867	5265.629
440.000	546.200	-133.600	5277.622
441.000	546.180	-142.233	5289.608
442.000	546.160	-147.233	5301.607
443.000	546.140	-140.100	5313.619
444.000	546.120	-147.133	5325.614
445.000	546.100	-132.467	5337.622
446.000	546.080	-132.800	5349.622
447.000	546.060	-121.000	5361.629
448.000	546.040	-122.833	5373.617
449.000	546.020	-130.600	5385.632
450.000	546.000	-127.733	5397.625
451.000	545.980	-125.500	5409.618
452.000	545.960	-129.767	5421.634
453.000	545.940	-127.533	5433.633
454.000	545.920	-135.733	5445.629
455.000	545.900	-142.100	5457.626
456.000	545.880	-148.633	5469.620
457.000	545.860	-133.767	5481.673
458.000	545.840	-128.933	5493.678
459.000	545.820	-141.900	5505.545
460.000	545.800	-126.633	5517.673
461.000	545.780	-140.033	5529.637
462.000	545.760	-131.000	5541.638
463.000	545.740	-134.800	5553.548
464.000	545.720	-125.733	5565.557
465.000	545.700	-126.367	5577.568
466.000	545.680	-123.967	5589.568
467.000	545.660	-132.267	5601.567
468.000	545.640	-136.267	5613.560
469.000	545.620	-128.633	5625.554
470.000	545.600	-138.700	5637.549
471.000	545.580	-118.233	5649.553
472.000	545.560	-133.700	5661.556
473.000	545.540	-129.333	5673.551
474.000	545.520	-130.000	5685.545
475.000	545.500	-136.800	5697.634
476.000	545.480	-124.300	5709.672
477.000	545.460	-123.433	5721.629
478.000	545.440	-125.833	5733.548
479.000	545.420	-141.900	5745.636
480.000	545.400	-129.933	5757.620
481.000	545.380	-121.500	5769.626
482.000	545.360	-123.533	5781.630
483.000	545.340	-120.467	5793.635
484.000	545.320	-117.600	5805.548
485.000	545.300	-118.600	5817.541
486.000	545.280	-137.133	5829.668
487.000	545.260	-131.633	5841.636
488.000	545.240	-127.733	5853.544
489.000	545.220	-115.300	5865.541
490.000	545.200	-122.833	5877.549
491.000	545.180	-122.833	5889.547
492.000	545.160	-122.400	5901.557
493.000	545.140	-126.833	5913.567
494.000	545.120	-124.833	5925.559
495.000	545.100	-128.533	5937.571
496.000	545.080	-131.167	5949.570
497.000	545.060	-126.967	5961.565
498.000	545.040	-125.800	5973.575
499.000	545.020	-129.767	5985.567
500.000	545.000	-127.633	5997.563
501.000	544.980	0.000	6009.555
