0.000	516.000	-238.667	0.000
1.000	515.980	-234.333	6.202
2.000	515.960	-241.667	18.191
3.000	515.940	-196.000	30.188
4.000	515.920	-246.000	42.179
5.000	515.900	-200.667	54.165
6.000	515.880	-208.000	66.175
7.000	515.860	-220.667	78.181
8.000	515.840	-257.667	90.188
9.000	515.820	-268.667	102.195
10.000	515.800	-232.333	114.195
11.000	515.780	-257.000	126.190
12.000	515.760	-246.667	138.175
13.000	515.740	-239.333	150.195
14.000	515.720	-224.000	162.193
15.000	515.700	-249.667	174.188
16.000	515.680	-278.333	186.184
17.000	515.660	-249.667	198.181
18.000	515.640	-220.333	210.174
19.000	515.620	-188.000	222.184
20.000	515.600	-235.000	234.181
21.000	515.580	-266.333	246.184
22.000	515.560	-244.333	258.187
23.000	515.540	-243.333	270.192
24.000	515.520	-264.000	282.196
25.000	515.500	-224.000	294.190
26.000	515.480	-220.000	306.185
27.000	515.460	-228.000	318.186
28.000	515.440	-220.667	330.187
29.000	515.420	-226.333	342.179
30.000	515.400	-246.333	354.188
31.000	515.380	-212.667	366.184
32.000	515.360	-250.333	378.173
33.000	515.340	-235.000	390.183
34.000	515.320	-266.667	402.193
35.000	515.300	-245.667	414.188
36.000	515.280	-251.667	426.175
37.000	515.260	-246.667	438.185
38.000	515.240	-212.000	450.208
39.000	515.220	-258.667	462.207
40.000	515.200	-205.000	474.200
41.000	515.180	-252.667	486.190
42.000	515.160	-201.667	498.187
43.000	515.140	-224.667	510.194
44.000	515.120	-254.333	522.179
45.000	515.100	-284.333	534.184
46.000	515.080	-295.000	546.185
47.000	515.060	-278.667	558.191
48.000	515.040	-266.333	570.205
49.000	515.020	-226.333	582.205
50.000	515.000	-202.667	594.209
51.000	514.980	-212.000	606.211
52.000	514.960	-230.667	618.203
53.000	514.940	-240.000	630.197
54.000	514.920	-241.333	642.191
55.000	514.900	-229.000	654.193
56.000	514.880	-227.000	666.205
57.000	514.860	-233.333	678.204
58.000	514.840	-198.000	690.200
59.000	514.820	-254.667	702.214
60.000	514.800	-221.000	714.198
61.000	514.780	-221.667	726.210
62.000	514.760	-273.667	738.200
63.000	514.740	-259.667	750.198
64.000	514.720	-304.667	762.210
65.000	514.700	-314.667	774.198
66.000	514.680	-327.333	786.212
67.000	514.660	-339.667	798.204
68.000	514.640	-284.000	810.155
69.000	514.620	-294.667	822.150
70.000	514.600	-296.667	834.147
71.000	514.580	-305.333	846.140
72.000	514.560	-270.333	858.256
73.000	514.540	-324.000	870.217
74.000	514.520	-298.667	882.205
75.000	514.500	-288.000	894.215
76.000	514.480	-295.667	906.216
77.000	514.460	-225.000	918.216
78.000	514.440	-239.333	930.220
79.000	514.420	-275.333	942.222
80.000	514.400	-280.667	954.214
81.000	514.380	-277.000	966.214
82.000	514.360	-252.667	978.212
83.000	514.340	-299.667	990.205
84.000	514.320	-345.333	1002.211
85.000	514.300	-331.000	1014.203
86.000	514.280	-268.333	1026.214
87.000	514.260	-340.333	1038.209
88.000	514.240	-280.000	1050.206
89.000	514.220	-339.000	1062.215
90.000	514.200	-339.333	1074.206
91.000	514.180	-394.333	1086.213
92.000	514.160	-327.667	1098.130
93.000	514.140	-359.000	1110.222
94.000	514.120	-411.000	1122.211
95.000	514.100	-370.667	1134.222
96.000	514.080	-324.000	1146.215
97.000	514.060	-367.333	1158.127
98.000	514.040	-307.333	1170.217
99.000	514.020	-318.333	1182.221
100.000	514.000	-377.333	1194.220
101.000	513.980	-347.333	1206.217
102.000	513.960	-365.000	1218.223
103.000	513.940	-349.667	1230.125
104.000	513.920	-324.000	1242.128
105.000	513.900	-356.667	1254.131
106.000	513.880	-321.333	1266.259
107.000	513.860	-386.000	1278.256
108.000	513.840	-361.000	1290.221
109.000	513.820	-351.000	1302.258
110.000	513.800	-341.333	1314.223
111.000	513.780	-366.333	1326.220
112.000	513.760	-377.333	1338.127
113.000	513.740	-369.333	1350.265
114.000	513.720	-366.667	1362.132
115.000	513.700	-341.333	1374.131
116.000	513.680	-324.000	1386.129
117.000	513.660	-353.333	1398.127
118.000	513.640	-353.333	1410.222
119.000	513.620	-352.667	1422.133
120.000	513.600	-327.000	1434.127
121.000	513.580	-299.000	1446.129
122.000	513.560	-262.333	1458.126
123.000	513.540	-241.333	1470.223
124.000	513.520	-231.000	1482.135
125.000	513.500	-266.000	1494.131
126.000	513.480	-266.000	1506.217
127.000	513.460	-283.333	1518.131
128.000	513.440	-272.333	1530.140
129.000	513.420	-288.000	1542.132
130.000	513.400	-305.667	1554.129
131.000	513.380	-229.000	1566.131
132.000	513.360	-258.333	1578.219
133.000	513.340	-288.667	1590.136
134.000	513.320	-284.667	1602.135
135.000	513.300	-288.667	1614.130
136.000	513.280	-261.333	1626.144
137.000	513.260	-290.000	1638.139
138.000	513.240	-297.000	1650.135
139.000	513.220	-324.667	1662.135
140.000	513.200	-318.333	1674.224
141.000	513.180	-312.000	1686.137
142.000	513.160	-300.667	1698.128
143.000	513.140	-300.000	1710.142
144.000	513.120	-287.333	1722.144
145.000	513.100	-308.333	1734.135
146.000	513.080	-321.667	1746.140
147.000	513.060	-312.333	1758.125
148.000	513.040	-311.333	1770.132
149.000	513.020	-264.333	1782.141
150.000	513.000	-266.667	1794.131
151.000	512.980	-284.667	1806.142
152.000	512.960	-268.333	1818.132
153.000	512.940	-261.667	1830.139
154.000	512.920	-274.000	1842.155
155.000	512.900	-261.667	1854.148
156.000	512.880	-284.667	1866.158
157.000	512.860	-282.333	1878.158
158.000	512.840	-274.000	1890.158
159.000	512.820	-251.333	1902.160
160.000	512.800	-264.000	1914.147
161.000	512.780	-246.000	1926.155
162.000	512.760	-228.000	1938.148
163.000	512.740	-263.667	1950.157
164.000	512.720	-264.000	1962.150
165.000	512.700	-254.000	1974.146
166.000	512.680	-286.667	1986.142
167.000	512.660	-296.667	1998.163
168.000	512.640	-258.667	2010.128
169.000	512.620	-263.000	2022.149
170.000	512.600	-246.000	2034.142
171.000	512.580	-231.000	2046.163
172.000	512.560	-286.333	2058.146
173.000	512.540	-274.667	2070.174
174.000	512.520	-267.667	2082.180
175.000	512.500	-276.000	2094.299
176.000	512.480	-260.000	2106.192
177.000	512.460	-269.333	2118.288
178.000	512.440	-212.667	2130.251
179.000	512.420	-230.333	2142.273
180.000	512.400	-323.000	2154.279
181.000	512.380	-292.333	2166.283
182.000	512.360	-250.667	2178.256
183.000	512.340	-230.667	2190.198
184.000	512.320	-261.333	2202.250
185.000	512.300	-271.000	2214.255
186.000	512.280	-240.333	2226.302
187.000	512.260	-250.667	2238.265
188.000	512.240	-251.667	2250.244
189.000	512.220	-266.000	2262.255
190.000	512.200	-282.000	2274.242
191.000	512.180	-263.000	2286.257
192.000	512.160	-280.000	2298.194
193.000	512.140	-263.333	2310.294
194.000	512.120	-271.000	2322.267
195.000	512.100	-225.667	2334.295
196.000	512.080	-240.000	2346.268
197.000	512.060	-222.333	2358.201
198.000	512.040	-208.667	2370.311
199.000	512.020	-207.333	2382.262
200.000	512.000	-239.000	2394.199
201.000	511.980	-250.333	2406.281
202.000	511.960	-239.000	2418.245
203.000	511.940	-260.333	2430.247
204.000	511.920	-213.000	2442.221
205.000	511.900	-243.333	2454.265
206.000	511.880	-249.333	2466.299
207.000	511.860	-251.667	2478.274
208.000	511.840	-253.333	2490.240
209.000	511.820	-257.667	2502.223
210.000	511.800	-263.333	2514.200
211.000	511.780	-284.000	2526.279
212.000	511.760	-299.000	2538.208
213.000	511.740	-272.333	2550.209
214.000	511.720	-250.667	2562.205
215.000	511.700	-278.667	2574.190
216.000	511.680	-242.333	2586.197
217.000	511.660	-235.667	2598.212
218.000	511.640	-248.667	2610.250
219.000	511.620	-238.333	2622.278
220.000	511.600	-244.000	2634.224
221.000	511.580	-266.000	2646.226
222.000	511.560	-245.333	2658.222
223.000	511.540	-227.000	2670.320
224.000	511.520	-264.000	2682.204
225.000	511.500	-261.667	2694.308
226.000	511.480	-239.667	2706.189
227.000	511.460	-246.000	2718.227
228.000	511.440	-245.333	2730.276
229.000	511.420	-221.667	2742.313
230.000	511.400	-224.000	2754.207
231.000	511.380	-247.333	2766.309
232.000	511.360	-228.333	2778.277
233.000	511.340	-209.333	2790.211
234.000	511.320	-258.333	2802.229
235.000	511.300	-298.333	2814.224
236.000	511.280	-286.000	2826.197
237.000	511.260	-241.000	2838.286
238.000	511.240	-269.000	2850.223
239.000	511.220	-236.000	2862.263
240.000	511.200	-238.667	2874.214
241.000	511.180	-255.000	2886.287
242.000	511.160	-225.667	2898.280
243.000	511.140	-278.000	2910.287
244.000	511.120	-214.000	2922.214
245.000	511.100	-228.333	2934.199
246.000	511.080	-242.000	2946.226
247.000	511.060	-259.333	2958.276
248.000	511.040	-239.000	2970.289
249.000	511.020	-270.000	2982.300
250.000	511.000	-256.333	2994.287
251.000	510.980	-244.667	3006.265
252.000	510.960	-232.000	3018.218
253.000	510.940	-281.667	3030.294
254.000	510.920	-275.333	3042.198
255.000	510.900	-260.667	3054.205
256.000	510.880	-281.000	3066.218
257.000	510.860	-255.000	3078.235
258.000	510.840	-251.000	3090.229
259.000	510.820	-219.667	3102.263
260.000	510.800	-216.333	3114.224
261.000	510.780	-272.667	3126.237
262.000	510.760	-250.667	3138.231
263.000	510.740	-226.667	3150.240
264.000	510.720	-245.667	3162.191
265.000	510.700	-292.667	3174.248
266.000	510.680	-296.000	3186.254
267.000	510.660	-273.333	3198.203
268.000	510.640	-212.667	3210.296
269.000	510.620	-228.000	3222.328
270.000	510.600	-270.333	3234.290
271.000	510.580	-231.667	3246.231
272.000	510.560	-231.667	3258.198
273.000	510.540	-254.333	3270.207
274.000	510.520	-286.000	3282.284
275.000	510.500	-276.333	3294.227
276.000	510.480	-243.667	3306.256
277.000	510.460	-218.000	3318.268
278.000	510.440	-239.667	3330.287
279.000	510.420	-256.000	3342.329
280.000	510.400	-266.000	3354.230
281.000	510.380	-214.000	3366.280
282.000	510.360	-199.667	3378.206
283.000	510.340	-233.333	3390.292
284.000	510.320	-228.000	3402.277
285.000	510.300	-208.667	3414.209
286.000	510.280	-209.333	3426.294
287.000	510.260	-244.333	3438.270
288.000	510.240	-233.000	3450.277
289.000	510.220	-236.667	3462.287
290.000	510.200	-237.333	3474.206
291.000	510.180	-235.667	3486.206
292.000	510.160	-250.667	3498.272
293.000	510.140	-239.667	3510.274
294.000	510.120	-239.333	3522.235
295.000	510.100	-232.667	3534.208
296.000	510.080	-252.667	3546.215
297.000	510.060	-248.000	3558.303
298.000	510.040	-223.667	3570.235
299.000	510.020	-243.333	3582.269
300.000	510.000	-211.667	3594.248
301.000	509.980	-222.333	3606.305
302.000	509.960	-229.667	3618.195
303.000	509.940	-253.333	3630.294
304.000	509.920	-250.333	3642.240
305.000	509.900	-219.667	3654.204
306.000	509.880	-216.000	3666.259
307.000	509.860	-256.667	3678.281
308.000	509.840	-221.667	3690.214
309.000	509.820	-201.333	3702.218
310.000	509.800	-241.667	3714.272
311.000	509.780	-285.667	3726.286
312.000	509.760	-237.667	3738.220
313.000	509.740	-298.000	3750.259
314.000	509.720	-285.667	3762.200
315.000	509.700	-268.000	3774.249
316.000	509.680	-235.000	3786.296
317.000	509.660	-218.000	3798.250
318.000	509.640	-258.333	3810.258
319.000	509.620	-203.667	3822.304
320.000	509.600	-230.333	3834.299
321.000	509.580	-232.667	3846.287
322.000	509.560	-226.667	3858.351
323.000	509.540	-172.667	3870.289
324.000	509.520	-244.333	3882.302
325.000	509.500	-238.333	3894.277
326.000	509.480	-254.667	3906.315
327.000	509.460	-230.333	3918.229
328.000	509.440	-237.667	3930.235
329.000	509.420	-262.000	3942.243
330.000	509.400	-258.667	3954.261
331.000	509.380	-254.667	3966.319
332.000	509.360	-256.333	3978.273
333.000	509.340	-271.667	3990.213
334.000	509.320	-245.000	4002.189
335.000	509.300	-279.000	4014.227
336.000	509.280	-236.333	4026.266
337.000	509.260	-229.333	4038.238
338.000	509.240	-251.667	4050.215
339.000	509.220	-246.667	4062.216
340.000	509.200	-245.000	4074.322
341.000	509.180	-230.667	4086.224
342.000	509.160	-223.000	4098.269
343.000	509.140	-242.667	4110.278
344.000	509.120	-260.667	4122.242
345.000	509.100	-234.000	4134.250
346.000	509.080	-216.000	4146.223
347.000	509.060	-233.667	4158.261
348.000	509.040	-251.667	4170.248
349.000	509.020	-247.667	4182.283
350.000	509.000	-261.333	4194.248
351.000	508.980	0.000	4206.284
