0.000000	15.099000	88.967726	0.005282
1.000000	15.109000	89.085270	0.005258
2.000000	15.119000	89.202891	0.004892
3.000000	15.129000	89.320590	0.005478
4.000000	15.139000	89.438367	0.005600
5.000000	15.149000	89.556221	0.005624
6.000000	15.159000	89.674153	0.005355
7.000000	15.169000	89.792162	0.005648
8.000000	15.179000	89.910249	0.005453
9.000000	15.189000	90.028413	0.005282
10.000000	15.199000	90.146655	0.005502
11.000000	15.209000	90.264975	0.005575
12.000000	15.219000	90.383372	0.005404
13.000000	15.229000	90.501847	0.005380
14.000000	15.239000	90.620400	0.005136
15.000000	15.249000	90.739030	0.004696
16.000000	15.259000	90.857738	0.004208
17.000000	15.269000	90.976523	0.003085
18.000000	15.279000	91.095386	0.002523
19.000000	15.289000	91.214326	0.004550
20.000000	15.299000	91.333344	0.005331
21.000000	15.309000	91.452440	0.005014
22.000000	15.319000	91.571613	0.005575
23.000000	15.329000	91.690864	0.004843
24.000000	15.339000	91.810192	0.003695
25.000000	15.349000	91.929599	-0.000797
26.000000	15.359000	92.049082	0.002011
27.000000	15.369000	92.168643	0.002304
28.000000	15.379000	92.288282	0.004135
29.000000	15.389000	92.407999	0.005062
30.000000	15.399000	92.527793	0.005380
31.000000	15.409000	92.647664	0.004965
32.000000	15.419000	92.767614	0.005087
33.000000	15.429000	92.887640	0.004721
34.000000	15.439000	93.007745	0.004086
35.000000	15.449000	93.127927	0.003891
36.000000	15.459000	93.248186	0.005111
37.000000	15.469000	93.368524	0.004989
38.000000	15.479000	93.488939	0.005575
39.000000	15.489000	93.609431	0.005136
40.000000	15.499000	93.730001	0.004550
41.000000	15.509000	93.850649	0.002157
42.000000	15.519000	93.971374	0.001352
43.000000	15.529000	94.092177	0.002230
44.000000	15.539000	94.213057	0.004721
45.000000	15.549000	94.334015	0.004354
46.000000	15.559000	94.455051	0.005087
47.000000	15.569000	94.576164	0.004989
48.000000	15.579000	94.697355	0.005087
49.000000	15.589000	94.818623	0.004721
50.000000	15.599000	94.939969	0.005014
51.000000	15.609000	95.061393	0.004745
52.000000	15.619000	95.182894	0.004770
53.000000	15.629000	95.304473	0.004989
54.000000	15.639000	95.426129	0.004770
55.000000	15.649000	95.547863	0.004818
56.000000	15.659000	95.669675	0.004989
57.000000	15.669000	95.791564	0.004989
58.000000	15.679000	95.913531	0.005038
59.000000	15.689000	96.035575	0.005160
60.000000	15.699000	96.157697	0.005478
61.000000	15.709000	96.279897	0.005429
62.000000	15.719000	96.402174	0.005478
63.000000	15.729000	96.524529	0.005062
64.000000	15.739000	96.646961	0.004989
65.000000	15.749000	96.769471	0.005062
66.000000	15.759000	96.892058	0.004818
67.000000	15.769000	97.014723	0.004428
68.000000	15.779000	97.137467	0.005062
69.000000	15.789000	97.260287	0.004770
70.000000	15.799000	97.383185	0.005307
71.000000	15.809000	97.506160	0.005038
72.000000	15.819000	97.629213	0.004672
73.000000	15.829000	97.752344	0.005087
74.000000	15.839000	97.875553	0.004965
75.000000	15.849000	97.998839	0.004525
76.000000	15.859000	98.122202	0.005136
77.000000	15.869000	98.245643	0.004550
78.000000	15.879000	98.369162	0.004965
79.000000	15.889000	98.492758	0.004965
80.000000	15.899000	98.616432	0.004770
81.000000	15.909000	98.740184	0.004892
82.000000	15.919000	98.864013	0.004843
83.000000	15.929000	98.987920	0.004721
84.000000	15.939000	99.111904	0.004647
85.000000	15.949000	99.235966	0.004940
86.000000	15.959000	99.360105	0.005087
87.000000	15.969000	99.484323	0.004965
88.000000	15.979000	99.608617	0.004721
89.000000	15.989000	99.732989	0.004892
90.000000	15.999000	99.857439	0.004916
91.000000	16.009000	99.981967	0.005429
92.000000	16.019000	100.106572	0.004989
93.000000	16.029000	100.231255	0.004721
94.000000	16.039000	100.356015	0.004501
95.000000	16.049000	100.480853	0.004647
96.000000	16.059000	100.605768	0.004770
97.000000	16.069000	100.730761	0.004647
98.000000	16.079000	100.855832	0.004867
99.000000	16.089000	100.980980	0.004672
100.000000	16.099000	101.106207	0.004770
101.000000	16.109000	101.231510	0.004550
102.000000	16.119000	101.356891	0.004550
103.000000	16.129000	101.482350	0.005014
104.000000	16.139000	101.607886	0.004867
105.000000	16.149000	101.733499	0.004721
106.000000	16.159000	101.859191	0.004306
107.000000	16.169000	101.984960	0.004379
108.000000	16.179000	102.110806	0.004745
109.000000	16.189000	102.236732	0.004232
110.000000	16.199000	102.362734	0.004574
111.000000	16.209000	102.488813	0.004354
112.000000	16.219000	102.614970	0.004794
113.000000	16.229000	102.741205	0.004599
114.000000	16.239000	102.867517	0.004818
115.000000	16.249000	102.993906	0.004892
116.000000	16.259000	103.120374	0.004965
117.000000	16.269000	103.246919	0.004721
118.000000	16.279000	103.373541	0.004574
119.000000	16.289000	103.500241	0.004501
120.000000	16.299000	103.627019	0.004208
121.000000	16.309000	103.753874	0.004110
122.000000	16.319000	103.880809	0.004477
123.000000	16.329000	104.007819	0.004037
124.000000	16.339000	104.134908	0.003964
125.000000	16.349000	104.262073	0.004745
126.000000	16.359000	104.389317	0.004989
127.000000	16.369000	104.516637	0.004477
128.000000	16.379000	104.644036	0.004721
129.000000	16.389000	104.771512	0.004965
130.000000	16.399000	104.899066	0.004965
131.000000	16.409000	105.026697	0.004403
132.000000	16.419000	105.154406	0.004672
133.000000	16.429000	105.282193	0.004965
134.000000	16.439000	105.410057	0.004818
135.000000	16.449000	105.538000	0.004428
136.000000	16.459000	105.666019	0.004257
137.000000	16.469000	105.794116	0.004574
138.000000	16.479000	105.922291	0.004281
139.000000	16.489000	106.050543	0.004574
140.000000	16.499000	106.178872	0.004770
141.000000	16.509000	106.307280	0.004257
142.000000	16.519000	106.435764	0.004208
143.000000	16.529000	106.564327	0.004550
144.000000	16.539000	106.692967	0.004159
145.000000	16.549000	106.821685	0.004574
146.000000	16.559000	106.950480	0.003866
147.000000	16.569000	107.079353	0.004208
148.000000	16.579000	107.208305	0.004159
149.000000	16.589000	107.337333	0.004989
150.000000	16.599000	107.466439	0.004232
151.000000	16.609000	107.595622	0.004647
152.000000	16.619000	107.724883	0.004379
153.000000	16.629000	107.854221	0.003427
154.000000	16.639000	107.983637	0.004550
155.000000	16.649000	108.113131	0.004306
156.000000	16.659000	108.242702	0.004403
157.000000	16.669000	108.372351	0.004599
158.000000	16.679000	108.502077	0.004647
159.000000	16.689000	108.631881	0.004159
160.000000	16.699000	108.761763	0.004354
161.000000	16.709000	108.891724	0.004550
162.000000	16.719000	109.021761	0.003817
163.000000	16.729000	109.151875	0.004403
164.000000	16.739000	109.282067	0.004306
165.000000	16.749000	109.412337	0.003769
166.000000	16.759000	109.542684	0.004159
167.000000	16.769000	109.673109	0.004623
168.000000	16.779000	109.803611	0.004306
169.000000	16.789000	109.934191	0.004159
170.000000	16.799000	110.064849	0.004428
171.000000	16.809000	110.195584	0.004159
172.000000	16.819000	110.326397	0.004184
173.000000	16.829000	110.457289	0.005038
174.000000	16.839000	110.588257	0.004306
175.000000	16.849000	110.719302	0.004428
176.000000	16.859000	110.850426	0.003598
177.000000	16.869000	110.981626	0.004208
178.000000	16.879000	111.112905	0.004403
179.000000	16.889000	111.244261	0.003842
180.000000	16.899000	111.375694	0.004672
181.000000	16.909000	111.507206	0.004477
182.000000	16.919000	111.638794	0.004574
183.000000	16.929000	111.770461	0.004135
184.000000	16.939000	111.902205	0.003671
185.000000	16.949000	112.034026	0.003598
186.000000	16.959000	112.165927	0.003695
187.000000	16.969000	112.297904	0.003793
188.000000	16.979000	112.429958	0.004379
189.000000	16.989000	112.562090	0.004110
190.000000	16.999000	112.694300	0.004574
191.000000	17.009000	112.826587	0.004257
192.000000	17.019000	112.958952	0.004013
193.000000	17.029000	113.091394	0.004379
194.000000	17.039000	113.223914	0.004037
195.000000	17.049000	113.356512	0.003964
196.000000	17.059000	113.489187	0.004061
197.000000	17.069000	113.621940	0.004135
198.000000	17.079000	113.754770	0.004257
199.000000	17.089000	113.887679	0.004061
200.000000	17.099000	114.020665	0.003988
201.000000	17.109000	114.153728	0.004135
202.000000	17.119000	114.286869	0.004135
203.000000	17.129000	114.420087	0.004184
204.000000	17.139000	114.553383	0.003891
205.000000	17.149000	114.686757	0.004232
206.000000	17.159000	114.820208	0.004306
207.000000	17.169000	114.953737	0.004013
208.000000	17.179000	115.087343	0.004037
209.000000	17.189000	115.221027	0.004135
210.000000	17.199000	115.354788	0.003793
211.000000	17.209000	115.488627	0.003988
212.000000	17.219000	115.622544	0.004086
213.000000	17.229000	115.756539	0.003842
214.000000	17.239000	115.890610	0.003451
215.000000	17.249000	116.024760	0.003964
216.000000	17.259000	116.158987	0.003427
217.000000	17.269000	116.293292	0.003720
218.000000	17.279000	116.427677	0.004306
219.000000	17.289000	116.562137	0.003476
220.000000	17.299000	116.696675	0.003671
221.000000	17.309000	116.831290	0.003231
222.000000	17.319000	116.965982	0.003573
223.000000	17.329000	117.100753	0.003793
224.000000	17.339000	117.235601	0.003622
225.000000	17.349000	117.370526	0.004354
226.000000	17.359000	117.505529	0.003769
227.000000	17.369000	117.640610	0.003549
228.000000	17.379000	117.775768	0.003769
229.000000	17.389000	117.911004	0.003769
230.000000	17.399000	118.046318	0.003964
231.000000	17.409000	118.181709	0.003329
232.000000	17.419000	118.317177	0.003598
233.000000	17.429000	118.452724	0.003646
234.000000	17.439000	118.588348	0.003549
235.000000	17.449000	118.724049	0.003354
236.000000	17.459000	118.859828	0.003695
237.000000	17.469000	118.995685	0.004330
238.000000	17.479000	119.131619	0.004135
239.000000	17.489000	119.267631	0.003964
240.000000	17.499000	119.403720	0.003891
241.000000	17.509000	119.539887	0.004061
242.000000	17.519000	119.676132	0.003036
243.000000	17.529000	119.812454	0.002938
244.000000	17.539000	119.948857	0.003280
245.000000	17.549000	120.085335	0.003427
246.000000	17.559000	120.221890	0.003891
247.000000	17.569000	120.358523	0.003598
248.000000	17.579000	120.495233	0.003891
249.000000	17.589000	120.632021	0.003720
250.000000	17.599000	120.768886	0.003891
251.000000	17.609000	120.905829	0.003817
252.000000	17.619000	121.042850	0.003646
253.000000	17.629000	121.179948	0.003622
254.000000	17.639000	121.317124	0.003500
255.000000	17.649000	121.454377	0.003549
256.000000	17.659000	121.591708	0.003939
257.000000	17.669000	121.729117	0.003500
258.000000	17.679000	121.866603	0.003524
259.000000	17.689000	122.004167	0.002499
260.000000	17.699000	122.141808	0.003622
261.000000	17.709000	122.279527	0.003622
262.000000	17.719000	122.417324	0.003891
263.000000	17.729000	122.555198	0.003720
264.000000	17.739000	122.693150	0.003109
265.000000	17.749000	122.831179	0.003012
266.000000	17.759000	122.969286	0.003378
267.000000	17.769000	123.107471	0.003915
268.000000	17.779000	123.245733	0.003598
269.000000	17.789000	123.384076	0.003451
270.000000	17.799000	123.522494	0.003646
271.000000	17.809000	123.660989	0.003500
272.000000	17.819000	123.799561	0.003036
273.000000	17.829000	123.938211	0.003646
274.000000	17.839000	124.076939	0.003012
275.000000	17.849000	124.215744	0.003891
276.000000	17.859000	124.354627	0.003109
277.000000	17.869000	124.493588	0.003964
278.000000	17.879000	124.632626	0.003598
279.000000	17.889000	124.771742	0.003549
280.000000	17.899000	124.910935	0.003427
281.000000	17.909000	125.050206	0.003671
282.000000	17.919000	125.189555	0.003720
283.000000	17.929000	125.328981	0.003354
284.000000	17.939000	125.468485	0.003280
285.000000	17.949000	125.608066	0.003622
286.000000	17.959000	125.747725	0.003476
287.000000	17.969000	125.887462	0.002963
288.000000	17.979000	126.027276	0.003280
289.000000	17.989000	126.167168	0.003720
290.000000	17.999000	126.307137	0.003036
291.000000	18.009000	126.447184	0.003476
292.000000	18.019000	126.587308	0.002963
293.000000	18.029000	126.727511	0.003402
294.000000	18.039000	126.867790	0.003451
295.000000	18.049000	127.008151	0.003354
296.000000	18.059000	127.148586	0.003354
297.000000	18.069000	127.289098	0.002987
298.000000	18.079000	127.429689	0.003036
299.000000	18.089000	127.570356	0.001962
300.000000	18.099000	127.711102	-0.000626
301.000000	18.109000	127.851925	-0.002799
302.000000	18.119000	127.992825	-0.002457
303.000000	18.129000	128.133803	-0.000455
304.000000	18.139000	128.274859	0.002060
305.000000	18.149000	128.415992	0.002963
306.000000	18.159000	128.557203	0.003036
307.000000	18.169000	128.698492	0.002353
308.000000	18.179000	128.839858	0.001986
309.000000	18.189000	128.981301	0.002279
310.000000	18.199000	129.122823	0.002768
311.000000	18.209000	129.264422	0.003720
312.000000	18.219000	129.406098	0.003036
313.000000	18.229000	129.547852	0.003402
314.000000	18.239000	129.689684	0.003280
315.000000	18.249000	129.831593	0.003280
316.000000	18.259000	129.973580	0.003305
317.000000	18.269000	130.115645	0.003231
318.000000	18.279000	130.257787	0.003402
319.000000	18.289000	130.400006	0.003549
320.000000	18.299000	130.542304	0.003305
321.000000	18.309000	130.684682	0.003109
322.000000	18.319000	130.827134	0.003134
323.000000	18.329000	130.969664	0.003207
324.000000	18.339000	131.112272	0.003231
325.000000	18.349000	131.254957	0.003134
326.000000	18.359000	131.397720	0.003549
327.000000	18.369000	131.540561	0.003183
328.000000	18.379000	131.683479	0.002987
329.000000	18.389000	131.826474	0.003061
330.000000	18.399000	131.969548	0.003109
331.000000	18.409000	132.112699	0.003329
332.000000	18.419000	132.255927	0.003134
333.000000	18.429000	132.399233	0.003354
334.000000	18.439000	132.542617	0.003354
335.000000	18.449000	132.686078	0.003231
336.000000	18.459000	132.829617	0.003158
337.000000	18.469000	132.973233	0.003280
338.000000	18.479000	133.116927	0.002743
339.000000	18.489000	133.260699	0.002792
340.000000	18.499000	133.404548	0.002792
341.000000	18.509000	133.548475	0.002890
342.000000	18.519000	133.692479	0.003207
343.000000	18.529000	133.836561	0.003036
344.000000	18.539000	133.980721	0.003256
345.000000	18.549000	134.124958	0.002963
346.000000	18.559000	134.269276	0.002938
347.000000	18.569000	134.413669	0.002938
348.000000	18.579000	134.558139	0.003451
349.000000	18.589000	134.702687	0.002963
350.000000	18.599000	134.847312	0.003207
351.000000	18.609000	134.992015	0.002475
352.000000	18.619000	135.136795	0.002694
353.000000	18.629000	135.281653	0.002963
354.000000	18.639000	135.426589	0.002670
355.000000	18.649000	135.571602	0.003012
356.000000	18.659000	135.716693	0.003183
357.000000	18.669000	135.861861	0.002963
358.000000	18.679000	136.007107	0.003036
359.000000	18.689000	136.152431	0.003061
360.000000	18.699000	136.297832	0.003109
361.000000	18.709000	136.443311	0.002865
362.000000	18.719000	136.588867	0.003427
363.000000	18.729000	136.734501	0.003280
364.000000	18.739000	136.880212	0.002523
365.000000	18.749000	137.026002	0.002914
366.000000	18.759000	137.171868	0.003183
367.000000	18.769000	137.317813	0.003256
368.000000	18.779000	137.463835	0.003085
369.000000	18.789000	137.609934	0.003231
370.000000	18.799000	137.756111	0.002523
371.000000	18.809000	137.902366	0.002304
372.000000	18.819000	138.048702	0.002328
373.000000	18.829000	138.195112	0.002621
374.000000	18.839000	138.341600	0.002865
375.000000	18.849000	138.488165	0.003061
376.000000	18.859000	138.634808	0.002816
377.000000	18.869000	138.781528	0.002084
378.000000	18.879000	138.928326	0.002523
379.000000	18.889000	139.075201	0.003134
380.000000	18.899000	139.222155	0.002328
381.000000	18.909000	139.369185	0.002914
382.000000	18.919000	139.516294	0.003329
383.000000	18.929000	139.663480	0.002987
384.000000	18.939000	139.810743	0.002841
385.000000	18.949000	139.958084	0.003036
386.000000	18.959000	140.105503	0.003109
387.000000	18.969000	140.252999	0.002768
388.000000	18.979000	140.400573	0.003061
389.000000	18.989000	140.548225	0.002353
390.000000	18.999000	140.695954	0.002768
391.000000	19.009000	140.843761	0.002719
392.000000	19.019000	140.991645	0.002865
393.000000	19.029000	141.139607	0.002938
394.000000	19.039000	141.287646	0.002963
395.000000	19.049000	141.435763	0.002890
396.000000	19.059000	141.583958	0.002719
397.000000	19.069000	141.732234	0.001937
398.000000	19.079000	141.880584	0.002157
399.000000	19.089000	142.029011	0.001620
400.000000	19.099000	142.177516	0.002621
401.000000	19.109000	142.326096	0.002670
402.000000	19.119000	142.474759	0.002987
403.000000	19.129000	142.623494	0.002255
404.000000	19.139000	142.772313	0.002645
405.000000	19.149000	142.921202	0.002523
406.000000	19.159000	143.070177	0.003109
407.000000	19.169000	143.219221	0.002328
408.000000	19.179000	143.368351	0.002621
409.000000	19.189000	143.517551	0.002792
410.000000	19.199000	143.666835	0.002865
411.000000	19.209000	143.816198	0.002426
412.000000	19.219000	143.965630	0.002743
413.000000	19.229000	144.115148	0.003207
414.000000	19.239000	144.264736	0.002890
415.000000	19.249000	144.414408	0.003207
416.000000	19.259000	144.564151	0.003207
417.000000	19.269000	144.713979	0.002645
418.000000	19.279000	144.863877	0.002768
419.000000	19.289000	145.013860	0.002523
420.000000	19.299000	145.163914	0.002548
421.000000	19.309000	145.314052	0.002060
422.000000	19.319000	145.464261	0.002865
423.000000	19.329000	145.614554	0.002914
424.000000	19.339000	145.764918	0.002987
425.000000	19.349000	145.915367	0.002694
426.000000	19.359000	146.065886	0.002597
427.000000	19.369000	146.216490	0.002499
428.000000	19.379000	146.367164	0.003036
429.000000	19.389000	146.517923	0.003036
430.000000	19.399000	146.668752	0.003012
431.000000	19.409000	146.819667	0.002523
432.000000	19.419000	146.970651	0.002792
433.000000	19.429000	147.121721	0.002279
434.000000	19.439000	147.272860	0.002621
435.000000	19.449000	147.424085	0.002523
436.000000	19.459000	147.575387	0.002572
437.000000	19.469000	147.726760	0.003012
438.000000	19.479000	147.878217	0.002694
439.000000	19.489000	148.029745	0.002279
440.000000	19.499000	148.181358	0.002841
441.000000	19.509000	148.333041	0.002401
442.000000	19.519000	148.484809	0.002621
443.000000	19.529000	148.636647	0.002572
444.000000	19.539000	148.788570	0.002523
445.000000	19.549000	148.940563	0.002792
446.000000	19.559000	149.092641	0.003085
447.000000	19.569000	149.244790	0.002621
448.000000	19.579000	149.397023	0.002719
449.000000	19.589000	149.549327	0.002304
450.000000	19.599000	149.701716	0.002645
451.000000	19.609000	149.854175	0.001864
452.000000	19.619000	150.006718	0.002157
453.000000	19.629000	150.159333	0.002353
454.000000	19.639000	150.312032	0.002450
455.000000	19.649000	150.464801	0.002963
456.000000	19.659000	150.617655	0.002401
457.000000	19.669000	150.770580	0.001962
458.000000	19.679000	150.923589	0.001986
459.000000	19.689000	151.076669	0.002328
460.000000	19.699000	151.229833	0.002450
461.000000	19.709000	151.383076	0.002743
462.000000	19.719000	151.536388	0.002279
463.000000	19.729000	151.689786	0.002670
464.000000	19.739000	151.843253	0.002182
465.000000	19.749000	151.996806	0.002084
466.000000	19.759000	152.150429	0.001889
467.000000	19.769000	152.304137	0.002523
468.000000	19.779000	152.457915	0.002865
469.000000	19.789000	152.611778	0.002011
470.000000	19.799000	152.765711	0.002621
471.000000	19.809000	152.919729	0.002060
472.000000	19.819000	153.073818	0.002621
473.000000	19.829000	153.227991	0.001962
474.000000	19.839000	153.382235	0.002353
475.000000	19.849000	153.536563	0.002035
476.000000	19.859000	153.690962	0.001303
477.000000	19.869000	153.845446	0.001181
478.000000	19.879000	154.000000	0.001425
479.000000	19.889000	154.154639	0.002035
480.000000	19.899000	154.309348	0.001937
481.000000	19.909000	154.464142	0.002768
482.000000	19.919000	154.619007	0.002353
483.000000	19.929000	154.773956	0.001522
484.000000	19.939000	154.928976	0.001864
485.000000	19.949000	155.084080	0.001718
486.000000	19.959000	155.239255	0.002279
487.000000	19.969000	155.394515	0.002523
488.000000	19.979000	155.549852	0.002157
489.000000	19.989000	155.705260	0.002182
490.000000	19.999000	155.860753	0.001937
491.000000	20.009000	156.016315	0.001693
492.000000	20.019000	156.171963	0.001937
493.000000	20.029000	156.327681	0.001864
494.000000	20.039000	156.483484	0.002328
495.000000	20.049000	156.639357	0.002084
496.000000	20.059000	156.795316	0.001645
497.000000	20.069000	156.951344	0.002694
498.000000	20.079000	157.107457	0.002206
499.000000	20.089000	157.263641	0.001352
500.000000	20.099000	157.419910	0.002230
501.000000	20.109000	157.576248	0.002426
502.000000	20.119000	157.732672	0.002597
503.000000	20.129000	157.889166	0.002450
504.000000	20.139000	158.045745	0.002182
505.000000	20.149000	158.202394	0.002108
506.000000	20.159000	158.359128	0.002255
507.000000	20.169000	158.515933	0.002035
508.000000	20.179000	158.672822	0.002304
509.000000	20.189000	158.829782	0.002060
510.000000	20.199000	158.986826	0.002206
511.000000	20.209000	159.143941	0.002255
512.000000	20.219000	159.301141	0.002572
513.000000	20.229000	159.458418	0.002523
514.000000	20.239000	159.615766	0.002328
515.000000	20.249000	159.773198	0.002060
516.000000	20.259000	159.930701	0.002523
517.000000	20.269000	160.088289	0.001937
518.000000	20.279000	160.245946	0.002279
519.000000	20.289000	160.403689	0.002450
520.000000	20.299000	160.561503	0.002255
521.000000	20.309000	160.719401	0.002548
522.000000	20.319000	160.877369	0.002182
523.000000	20.329000	161.035422	0.002353
524.000000	20.339000	161.193546	0.002279
525.000000	20.349000	161.351754	0.002353
526.000000	20.359000	161.510033	0.002499
527.000000	20.369000	161.668397	0.002206
528.000000	20.379000	161.826831	0.001913
529.000000	20.389000	161.985350	0.002279
530.000000	20.399000	162.143939	0.001791
531.000000	20.409000	162.302613	0.002011
532.000000	20.419000	162.461357	0.001645
533.000000	20.429000	162.620186	0.002084
534.000000	20.439000	162.779086	0.002011
535.000000	20.449000	162.938070	0.001889
536.000000	20.459000	163.097125	0.001791
537.000000	20.469000	163.256265	0.001864
538.000000	20.479000	163.415482	0.002499
539.000000	20.489000	163.574770	0.002255
540.000000	20.499000	163.734142	0.001889
541.000000	20.509000	163.893585	0.002353
542.000000	20.519000	164.053113	0.001767
543.000000	20.529000	164.212710	0.002499
544.000000	20.539000	164.372393	0.001962
545.000000	20.549000	164.532146	0.001937
546.000000	20.559000	164.691984	0.001669
547.000000	20.569000	164.851893	0.001352
548.000000	20.579000	165.011886	0.002450
549.000000	20.589000	165.171949	0.001596
550.000000	20.599000	165.332098	0.001864
551.000000	20.609000	165.492316	0.002279
552.000000	20.619000	165.652620	0.001669
553.000000	20.629000	165.812994	0.001596
554.000000	20.639000	165.973453	0.002182
555.000000	20.649000	166.133982	0.001254
556.000000	20.659000	166.294596	0.001791
557.000000	20.669000	166.455280	0.002279
558.000000	20.679000	166.616050	0.002377
559.000000	20.689000	166.776889	0.002255
560.000000	20.699000	166.937813	0.002328
561.000000	20.709000	167.098808	0.002108
562.000000	20.719000	167.259888	0.002279
563.000000	20.729000	167.421037	0.001449
564.000000	20.739000	167.582272	0.001840
565.000000	20.749000	167.743585	0.001547
566.000000	20.759000	167.904967	0.001937
567.000000	20.769000	168.066435	0.002133
568.000000	20.779000	168.227973	0.002255
569.000000	20.789000	168.389596	0.001693
570.000000	20.799000	168.551289	0.001767
571.000000	20.809000	168.713067	0.001352
572.000000	20.819000	168.874915	0.001400
573.000000	20.829000	169.036848	0.000766
574.000000	20.839000	169.198852	0.001693
575.000000	20.849000	169.360940	0.001864
576.000000	20.859000	169.523099	0.001913
577.000000	20.869000	169.685342	0.001425
578.000000	20.879000	169.847656	0.001742
579.000000	20.889000	170.010055	0.002206
580.000000	20.899000	170.172524	0.001815
581.000000	20.909000	170.335078	0.001864
582.000000	20.919000	170.497702	0.002084
583.000000	20.929000	170.660411	0.001937
584.000000	20.939000	170.823190	0.002133
585.000000	20.949000	170.986055	0.002279
586.000000	20.959000	171.148989	0.002377
587.000000	20.969000	171.312009	0.001449
588.000000	20.979000	171.475099	0.001181
589.000000	20.989000	171.638274	0.002011
590.000000	20.999000	171.801526	0.002108
591.000000	21.009000	171.964849	0.001815
592.000000	21.019000	172.128256	0.002206
593.000000	21.029000	172.291734	0.002133
594.000000	21.039000	172.455297	0.002182
595.000000	21.049000	172.618930	0.001620
596.000000	21.059000	172.782648	0.001547
597.000000	21.069000	172.946436	0.001449
598.000000	21.079000	173.110309	0.001937
599.000000	21.089000	173.274252	0.002035
600.000000	21.099000	173.438281	0.002182
601.000000	21.109000	173.602379	0.001986
602.000000	21.119000	173.766563	0.002279
603.000000	21.129000	173.930816	0.001791
604.000000	21.139000	174.095155	0.001791
605.000000	21.149000	174.259564	0.002108
606.000000	21.159000	174.424058	0.001986
607.000000	21.169000	174.588622	0.002084
608.000000	21.179000	174.753272	0.001889
609.000000	21.189000	174.917991	0.002426
610.000000	21.199000	175.082795	0.001547
611.000000	21.209000	175.247670	0.001254
612.000000	21.219000	175.412629	0.002279
613.000000	21.229000	175.577659	0.001937
614.000000	21.239000	175.742774	0.002084
615.000000	21.249000	175.907966	0.001986
616.000000	21.259000	176.073229	0.002304
617.000000	21.269000	176.238576	0.001254
618.000000	21.279000	176.403994	0.001840
619.000000	21.289000	176.569497	0.001596
620.000000	21.299000	176.735069	0.001937
621.000000	21.309000	176.900728	0.001327
622.000000	21.319000	177.066455	0.001400
623.000000	21.329000	177.232269	0.001718
624.000000	21.339000	177.398152	0.001254
625.000000	21.349000	177.564120	-0.000992
626.000000	21.359000	177.730159	0.000326
627.000000	21.369000	177.896282	-0.001896
628.000000	21.379000	178.062476	-0.001407
629.000000	21.389000	178.228755	0.000912
630.000000	21.399000	178.395103	0.000131
631.000000	21.409000	178.561537	0.001010
632.000000	21.419000	178.728041	0.001596
633.000000	21.429000	178.894631	0.001034
634.000000	21.439000	179.061290	0.001229
635.000000	21.449000	179.228034	0.000448
636.000000	21.459000	179.394848	0.001425
637.000000	21.469000	179.561748	0.001596
638.000000	21.479000	179.728717	0.002108
639.000000	21.489000	179.895772	0.001352
640.000000	21.499000	180.062897	0.001352
641.000000	21.509000	180.230107	0.001693
642.000000	21.519000	180.397395	0.001498
643.000000	21.529000	180.564752	0.001107
644.000000	21.539000	180.732195	0.001352
645.000000	21.549000	180.899708	0.000839
646.000000	21.559000	181.067306	0.001205
647.000000	21.569000	181.234974	0.001596
648.000000	21.579000	181.402727	0.001254
649.000000	21.589000	181.570550	0.001132
650.000000	21.599000	181.738458	0.000961
651.000000	21.609000	181.906436	0.001059
652.000000	21.619000	182.074500	0.001596
653.000000	21.629000	182.242634	0.002157
654.000000	21.639000	182.410852	0.001742
655.000000	21.649000	182.579141	0.001718
656.000000	21.659000	182.747515	0.001352
657.000000	21.669000	182.915959	0.001767
658.000000	21.679000	183.084488	0.001645
659.000000	21.689000	183.253087	0.001937
660.000000	21.699000	183.421772	0.001352
661.000000	21.709000	183.590526	0.001254
662.000000	21.719000	183.759365	0.001303
663.000000	21.729000	183.928275	0.001181
664.000000	21.739000	184.097270	0.001229
665.000000	21.749000	184.266334	0.001010
666.000000	21.759000	184.435484	0.001376
667.000000	21.769000	184.604712	0.001693
668.000000	21.779000	184.774009	0.001522
669.000000	21.789000	184.943392	0.001815
670.000000	21.799000	185.112845	0.001693
671.000000	21.809000	185.282383	0.001937
672.000000	21.819000	185.451990	0.001718
673.000000	21.829000	185.621684	0.001718
674.000000	21.839000	185.791447	0.001400
675.000000	21.849000	185.961295	0.001767
676.000000	21.859000	186.131213	0.001718
677.000000	21.869000	186.301217	0.001352
678.000000	21.879000	186.471290	0.001864
679.000000	21.889000	186.641449	0.001522
680.000000	21.899000	186.811677	0.001156
681.000000	21.909000	186.981992	0.001767
682.000000	21.919000	187.152375	0.002011
683.000000	21.929000	187.322844	0.001645
684.000000	21.939000	187.493383	0.001278
685.000000	21.949000	187.664008	0.001547
686.000000	21.959000	187.834702	0.001620
687.000000	21.969000	188.005481	0.001498
688.000000	21.979000	188.176331	0.001693
689.000000	21.989000	188.347266	0.001156
690.000000	21.999000	188.518270	0.000473
691.000000	22.009000	188.689360	0.000888
692.000000	22.019000	188.860528	0.001425
693.000000	22.029000	189.031765	0.000912
694.000000	22.039000	189.203088	0.001181
695.000000	22.049000	189.374480	0.001718
696.000000	22.059000	189.545958	0.000326
697.000000	22.069000	189.717506	0.001596
698.000000	22.079000	189.889139	0.000741
699.000000	22.089000	190.060842	0.000717
700.000000	22.099000	190.232630	0.001132
701.000000	22.109000	190.404488	0.001474
702.000000	22.119000	190.576432	0.001254
703.000000	22.129000	190.748445	0.001278
704.000000	22.139000	190.920544	0.000888
705.000000	22.149000	191.092712	0.000106
706.000000	22.159000	191.264967	0.000888
707.000000	22.169000	191.437290	0.000131
708.000000	22.179000	191.609699	-0.001285
709.000000	22.189000	191.782178	-0.001700
710.000000	22.199000	191.954743	-0.001188
711.000000	22.209000	192.127376	-0.001041
712.000000	22.219000	192.300096	0.000766
713.000000	22.229000	192.472885	0.000033
714.000000	22.239000	192.645760	0.000375
715.000000	22.249000	192.818704	0.000863
716.000000	22.259000	192.991734	0.000277
717.000000	22.269000	193.164842	0.001254
718.000000	22.279000	193.338019	0.001205
719.000000	22.289000	193.511282	0.000937
720.000000	22.299000	193.684614	0.000668
721.000000	22.309000	193.858033	0.000668
722.000000	22.319000	194.031520	0.000326
723.000000	22.329000	194.205093	0.001181
724.000000	22.339000	194.378736	0.000839
725.000000	22.349000	194.552464	0.001376
726.000000	22.359000	194.726262	0.001693
727.000000	22.369000	194.900146	0.001596
728.000000	22.379000	195.074099	0.001571
729.000000	22.389000	195.248138	0.001522
730.000000	22.399000	195.422246	0.001425
731.000000	22.409000	195.596440	0.000448
732.000000	22.419000	195.770704	0.000717
733.000000	22.429000	195.945053	0.001205
734.000000	22.439000	196.119471	0.001376
735.000000	22.449000	196.293976	0.001181
736.000000	22.459000	196.468550	0.001181
737.000000	22.469000	196.643209	0.001059
738.000000	22.479000	196.817938	0.001132
739.000000	22.489000	196.992753	0.000570
740.000000	22.499000	197.167637	0.001425
741.000000	22.509000	197.342608	0.001132
742.000000	22.519000	197.517647	0.001181
743.000000	22.529000	197.692772	0.001181
744.000000	22.539000	197.867975	0.001059
745.000000	22.549000	198.043247	0.000839
746.000000	22.559000	198.218605	0.001083
747.000000	22.569000	198.394033	0.001156
748.000000	22.579000	198.569546	0.001303
749.000000	22.589000	198.745129	0.001010
750.000000	22.599000	198.920797	0.001278
751.000000	22.609000	199.096535	0.001620
752.000000	22.619000	199.272358	0.001107
753.000000	22.629000	199.448251	0.000912
754.000000	22.639000	199.624230	0.000326
755.000000	22.649000	199.800278	0.001620
756.000000	22.659000	199.976412	0.001229
757.000000	22.669000	200.152616	0.001693
758.000000	22.679000	200.328905	0.001303
759.000000	22.689000	200.505264	0.001278
760.000000	22.699000	200.681708	0.001132
761.000000	22.709000	200.858222	0.000448
762.000000	22.719000	201.034821	0.000595
763.000000	22.729000	201.211490	0.000253
764.000000	22.739000	201.388245	-0.003385
765.000000	22.749000	201.565069	-0.004313
766.000000	22.759000	201.741979	-0.005558
767.000000	22.769000	201.918959	-0.004728
768.000000	22.779000	202.096024	-0.002359
769.000000	22.789000	202.273167	-0.002335
770.000000	22.799000	202.450379	-0.000772
771.000000	22.809000	202.627677	-0.001065
772.000000	22.819000	202.805044	-0.000016
773.000000	22.829000	202.982497	-0.000821
774.000000	22.839000	203.160020	0.001010
775.000000	22.849000	203.337628	0.000497
776.000000	22.859000	203.515306	0.001376
777.000000	22.869000	203.693070	0.001156
778.000000	22.879000	203.870902	0.000644
779.000000	22.889000	204.048821	0.000766
780.000000	22.899000	204.226809	0.001083
781.000000	22.909000	204.404883	0.000814
782.000000	22.919000	204.583027	0.001083
783.000000	22.929000	204.761256	0.000155
784.000000	22.939000	204.939554	-0.000431
785.000000	22.949000	205.117939	-0.000260
786.000000	22.959000	205.296392	0.000277
787.000000	22.969000	205.474932	-0.000797
788.000000	22.979000	205.653541	-0.001700
789.000000	22.989000	205.832236	-0.003238
790.000000	22.999000	206.011000	-0.001163
791.000000	23.009000	206.189850	-0.001310
792.000000	23.019000	206.368769	-0.000943
793.000000	23.029000	206.547774	0.000155
794.000000	23.039000	206.726857	0.000448
795.000000	23.049000	206.906009	0.000595
796.000000	23.059000	207.085247	-0.000113
797.000000	23.069000	207.264554	0.000766
798.000000	23.079000	207.443947	0.001376
799.000000	23.089000	207.623410	0.000424
800.000000	23.099000	207.802958	0.000009
801.000000	23.109000	207.982584	0.000839
802.000000	23.119000	208.162271	0.000668
803.000000	23.129000	208.342052	0.001083
804.000000	23.139000	208.521911	0.000277
805.000000	23.149000	208.701847	0.000766
806.000000	23.158999	208.881844	0.000644
807.000000	23.169000	209.061936	0.000814
808.000000	23.179000	209.242105	0.000180
809.000000	23.189000	209.422352	0.000912
810.000000	23.198999	209.602659	0.000448
811.000000	23.209000	209.783062	0.000766
812.000000	23.219000	209.963541	-0.000089
813.000000	23.229000	210.144099	0.001181
814.000000	23.238999	210.324716	0.001181
815.000000	23.249000	210.505429	0.000521
816.000000	23.259000	210.686219	0.001620
817.000000	23.269000	210.867086	0.001522
818.000000	23.278999	211.048014	0.000595
819.000000	23.289000	211.229037	0.000497
820.000000	23.299000	211.410138	0.001132
821.000000	23.309000	211.591316	0.000961
822.000000	23.319000	211.772571	0.000766
823.000000	23.329000	211.953887	0.000766
824.000000	23.339000	212.135298	0.000448
825.000000	23.349000	212.316787	0.001156
826.000000	23.359000	212.498353	0.001254
827.000000	23.369000	212.679979	0.001278
828.000000	23.379000	212.861700	0.001645
829.000000	23.389000	213.043499	0.001181
830.000000	23.399000	213.225376	0.000912
831.000000	23.408999	213.407313	0.000839
832.000000	23.419000	213.589344	0.001400
833.000000	23.429000	213.771453	0.001059
834.000000	23.439000	213.953640	0.001449
835.000000	23.448999	214.135887	0.000937
836.000000	23.459000	214.318229	0.001645
837.000000	23.469000	214.500649	0.001303
838.000000	23.479000	214.683146	0.000790
839.000000	23.488999	214.865704	-0.000187
840.000000	23.499000	215.048356	0.000912
841.000000	23.509000	215.231086	0.000180
842.000000	23.519000	215.413894	-0.000309
843.000000	23.528999	215.596762	0.000570
844.000000	23.539000	215.779725	0.000155
845.000000	23.549000	215.962765	0.001229
846.000000	23.559000	216.145883	0.000937
847.000000	23.569000	216.329079	0.000497
848.000000	23.579000	216.512335	0.000961
849.000000	23.589000	216.695686	0.001156
850.000000	23.599000	216.879114	0.000351
851.000000	23.609000	217.062620	0.000937
852.000000	23.619000	217.246186	0.001229
853.000000	23.629000	217.429847	0.000619
854.000000	23.639000	217.613586	0.001010
855.000000	23.649000	217.797403	0.001010
856.000000	23.658999	217.981279	0.000912
857.000000	23.669000	218.165251	0.000106
858.000000	23.679000	218.349300	0.000912
859.000000	23.689000	218.533427	0.000570
860.000000	23.698999	218.717614	0.000546
861.000000	23.709000	218.901896	0.000668
862.000000	23.719000	219.086256	0.000912
863.000000	23.729000	219.270693	-0.000480
864.000000	23.738999	219.455190	-0.001310
865.000000	23.749000	219.639783	-0.002701
866.000000	23.759000	219.824453	-0.002774
867.000000	23.769000	220.009200	-0.001822
868.000000	23.778999	220.194008	-0.000406
869.000000	23.789000	220.378911	-0.000772
870.000000	23.799000	220.563891	0.000375
871.000000	23.809000	220.748949	0.000863
872.000000	23.819000	220.934085	0.000863
873.000000	23.829000	221.119280	-0.000064
874.000000	23.839000	221.304571	0.000839
875.000000	23.849000	221.489940	0.000131
876.000000	23.859000	221.675386	-0.000577
877.000000	23.869000	221.860892	0.001059
878.000000	23.879000	222.046493	0.001083
879.000000	23.889000	222.232172	0.001400
880.000000	23.899000	222.417928	0.001205
881.000000	23.908999	222.603745	0.000644
882.000000	23.919000	222.789656	0.000863
883.000000	23.929000	222.975646	0.001181
884.000000	23.939000	223.161712	0.000668
885.000000	23.948999	223.347839	0.000766
886.000000	23.959000	223.534061	0.000473
887.000000	23.969000	223.720361	0.000448
888.000000	23.979000	223.906738	0.000326
889.000000	23.988999	224.093175	0.000717
890.000000	23.999000	224.279708	0.000375
891.000000	24.009000	224.466318	0.001352
892.000000	24.019000	224.653005	0.000595
893.000000	24.028999	224.839753	0.000497
894.000000	24.039000	225.026595	0.000937
895.000000	24.049000	225.213516	0.001034
896.000000	24.059000	225.400514	0.000912
897.000000	24.069000	225.587590	0.000839
898.000000	24.079000	225.774725	0.000424
899.000000	24.089000	225.961956	0.000741
900.000000	24.099000	226.149264	0.000937
901.000000	24.109000	226.336650	0.000912
902.000000	24.119000	226.524096	0.001742
903.000000	24.129000	226.711637	0.001107
904.000000	24.139000	226.899256	0.000839
905.000000	24.149000	227.086953	0.000448
906.000000	24.158999	227.274709	0.000668
907.000000	24.169000	227.462560	-0.000553
908.000000	24.179000	227.650490	0.000326
909.000000	24.189000	227.838496	0.000839
910.000000	24.198999	228.026563	0.001620
911.000000	24.209000	228.214725	0.000766
912.000000	24.219000	228.402965	0.001059
913.000000	24.229000	228.591282	0.000790
914.000000	24.238999	228.779659	0.000595
915.000000	24.249000	228.968131	0.001327
916.000000	24.259000	229.156681	0.001254
917.000000	24.269000	229.345309	0.000058
918.000000	24.278999	229.533996	0.000082
919.000000	24.289000	229.722779	-0.000040
920.000000	24.299000	229.911639	0.000302
921.000000	24.309000	230.100577	0.000009
922.000000	24.319000	230.289593	0.000863
923.000000	24.329000	230.478668	0.000351
924.000000	24.339000	230.667839	0.000741
925.000000	24.349000	230.857087	0.000839
926.000000	24.359000	231.046413	0.001010
927.000000	24.369000	231.235799	0.000204
928.000000	24.379000	231.425280	0.000985
929.000000	24.389000	231.614839	0.000497
930.000000	24.399000	231.804475	-0.000162
931.000000	24.408999	231.994171	0.000595
932.000000	24.419000	232.183963	0.000692
933.000000	24.429000	232.373832	0.000375
934.000000	24.439000	232.563779	0.000692
935.000000	24.448999	232.753785	0.000692
936.000000	24.459000	232.943887	0.000058
937.000000	24.469000	233.134067	0.000961
938.000000	24.479000	233.324324	0.000619
939.000000	24.488999	233.514641	-0.001358
940.000000	24.499000	233.705053	-0.000895
941.000000	24.509000	233.895543	-0.000968
942.000000	24.519000	234.086111	0.000082
943.000000	24.528999	234.276738	0.000741
944.000000	24.539000	234.467461	0.000106
945.000000	24.549000	234.658261	0.001229
946.000000	24.559000	234.849139	0.000521
947.000000	24.568999	235.040077	0.000497
948.000000	24.579000	235.231110	0.000497
949.000000	24.589000	235.422221	0.000082
950.000000	24.599000	235.613409	0.000814
951.000000	24.609000	235.804675	0.000253
952.000000	24.619000	235.996001	0.000253
953.000000	24.629000	236.187422	0.000766
954.000000	24.639000	236.378921	0.001181
955.000000	24.649000	236.570497	0.000937
956.000000	24.658999	236.762133	0.000644
957.000000	24.669000	236.953864	0.001132
958.000000	24.679000	237.145674	0.001254
959.000000	24.689000	237.337560	0.000839
960.000000	24.698999	237.529506	0.000741
961.000000	24.709000	237.721548	0.000375
962.000000	24.719000	237.913668	-0.000480
963.000000	24.729000	238.105865	0.000424
964.000000	24.738999	238.298122	0.000497
965.000000	24.749000	238.490474	0.000912
966.000000	24.759000	238.682904	0.000912
967.000000	24.769000	238.875412	0.000668
968.000000	24.778999	239.067979	0.001352
969.000000	24.789000	239.260641	0.000668
970.000000	24.799000	239.453382	0.000985
971.000000	24.809000	239.646200	0.000009
972.000000	24.818999	239.839077	0.000644
973.000000	24.829000	240.032050	0.000497
974.000000	24.839000	240.225101	0.001718
975.000000	24.849000	240.418230	0.000766
976.000000	24.859000	240.611436	0.000912
977.000000	24.869000	240.804701	0.000668
978.000000	24.879000	240.998062	0.001205
979.000000	24.889000	241.191501	0.000228
980.000000	24.899000	241.385017	0.000790
981.000000	24.908999	241.578593	0.000473
982.000000	24.919000	241.772264	0.000473
983.000000	24.929000	241.966013	0.000595
984.000000	24.939000	242.159840	0.000790
985.000000	24.948999	242.353726	0.000766
986.000000	24.959000	242.547708	0.000668
987.000000	24.969000	242.741768	0.001254
988.000000	24.979000	242.935905	0.001181
989.000000	24.988999	243.130101	0.001498
990.000000	24.999000	243.324394	0.001425
991.000000	25.009000	243.518764	0.001010
992.000000	25.019000	243.713211	0.000839
993.000000	25.028999	243.907718	0.000790
994.000000	25.039000	244.102321	0.000839
995.000000	25.049000	244.297001	0.000912
996.000000	25.059000	244.491759	0.000766
997.000000	25.068999	244.686576	0.000570
998.000000	25.079000	244.881489	0.000863
999.000000	25.089000	245.076480	0.001010
