0.000	510.000	-108.600	0.000
1.000	509.980	-77.400	2.793
2.000	509.960	-23.400	14.767
3.000	509.940	-18.200	26.767
4.000	509.920	-16.800	38.764
5.000	509.900	-17.800	50.767
6.000	509.880	-51.800	62.760
7.000	509.860	-28.600	74.757
8.000	509.840	-21.000	86.758
9.000	509.820	-26.800	98.748
10.000	509.800	-33.400	110.739
11.000	509.780	-13.800	122.729
12.000	509.760	-11.000	134.871
13.000	509.740	2.200	146.743
14.000	509.720	-6.200	158.746
15.000	509.700	10.400	170.742
16.000	509.680	-2.600	182.740
17.000	509.660	-5.600	194.738
18.000	509.640	2.200	206.740
19.000	509.620	11.200	218.740
20.000	509.600	6.000	230.734
21.000	509.580	-18.400	242.734
22.000	509.560	-10.600	254.737
23.000	509.540	2.000	266.734
24.000	509.520	-32.400	278.824
25.000	509.500	-22.400	290.735
26.000	509.480	-1.800	302.830
27.000	509.460	-14.800	314.831
28.000	509.440	-6.000	326.749
29.000	509.420	-9.000	338.759
30.000	509.400	2.600	350.761
31.000	509.380	-13.800	362.767
32.000	509.360	-2.600	374.769
33.000	509.340	-8.400	386.765
34.000	509.320	-25.400	398.762
35.000	509.300	-15.600	410.759
36.000	509.280	-9.400	422.769
37.000	509.260	-25.200	434.770
38.000	509.240	-18.200	446.764
39.000	509.220	-14.200	458.759
40.000	509.200	-22.400	470.753
41.000	509.180	-44.000	482.754
42.000	509.160	-42.600	494.748
43.000	509.140	-11.000	506.745
44.000	509.120	1.200	518.744
45.000	509.100	-0.200	530.745
46.000	509.080	-1.800	542.742
47.000	509.060	-1.000	554.744
48.000	509.040	-8.800	566.754
49.000	509.020	-7.800	578.748
50.000	509.000	-2.800	590.752
51.000	508.980	-5.200	602.746
52.000	508.960	-7.000	614.749
53.000	508.940	-9.600	626.744
54.000	508.920	-6.800	638.743
55.000	508.900	-26.200	650.745
56.000	508.880	-12.200	662.742
57.000	508.860	-32.200	674.755
58.000	508.840	-32.600	686.756
59.000	508.820	-12.600	698.757
60.000	508.800	-24.800	710.763
61.000	508.780	-23.000	722.756
62.000	508.760	-17.000	734.754
63.000	508.740	-28.800	746.744
64.000	508.720	-14.600	758.742
65.000	508.700	-6.200	770.762
66.000	508.680	-15.200	782.746
67.000	508.660	-15.400	794.748
68.000	508.640	5.400	806.752
69.000	508.620	6.600	818.752
70.000	508.600	19.200	830.742
71.000	508.580	-5.000	842.765
72.000	508.560	-33.000	854.753
73.000	508.540	-10.800	866.759
74.000	508.520	-23.400	878.764
75.000	508.500	-41.200	890.763
76.000	508.480	-32.400	902.753
77.000	508.460	-46.400	914.756
78.000	508.440	-13.800	926.756
79.000	508.420	-5.600	938.755
80.000	508.400	2.600	950.757
81.000	508.380	-14.800	962.756
82.000	508.360	-6.800	974.761
83.000	508.340	-2.200	986.756
84.000	508.320	-11.000	998.752
85.000	508.300	-12.800	1010.775
86.000	508.280	-154.800	1022.786
87.000	508.260	-236.800	1034.794
88.000	508.240	-208.600	1046.802
89.000	508.220	-121.400	1058.801
90.000	508.200	-53.200	1070.807
91.000	508.180	-33.600	1082.810
92.000	508.160	-18.400	1094.741
93.000	508.140	-16.000	1106.752
94.000	508.120	-7.000	1118.775
95.000	508.100	-21.800	1130.786
96.000	508.080	-48.200	1142.802
97.000	508.060	-55.800	1154.809
98.000	508.040	-60.200	1166.808
99.000	508.020	-62.200	1178.814
100.000	508.000	-25.200	1190.817
101.000	507.980	-1.000	1202.738
102.000	507.960	6.000	1214.764
103.000	507.940	-17.000	1226.772
104.000	507.920	-21.400	1238.773
105.000	507.900	-23.800	1250.771
106.000	507.880	-61.400	1262.774
107.000	507.860	-196.600	1274.777
108.000	507.840	-323.400	1286.782
109.000	507.820	-220.600	1298.785
110.000	507.800	-124.400	1310.787
111.000	507.780	-69.600	1322.784
112.000	507.760	-43.800	1334.781
113.000	507.740	-17.800	1346.785
114.000	507.720	-33.000	1358.789
115.000	507.700	-3.800	1370.792
116.000	507.680	-6.000	1382.798
117.000	507.660	-22.600	1394.797
118.000	507.640	-75.400	1406.789
119.000	507.620	-61.200	1418.794
120.000	507.600	-30.000	1430.798
121.000	507.580	-36.200	1442.790
122.000	507.560	-24.800	1454.793
123.000	507.540	-15.000	1466.798
124.000	507.520	-38.000	1478.803
125.000	507.500	-51.400	1490.802
126.000	507.480	-92.200	1502.797
127.000	507.460	-152.200	1514.792
128.000	507.440	-288.400	1526.805
129.000	507.420	-145.800	1538.816
130.000	507.400	-42.800	1550.813
131.000	507.380	-22.000	1562.819
132.000	507.360	-16.600	1574.826
133.000	507.340	-39.000	1586.774
134.000	507.320	-32.000	1598.791
135.000	507.300	-56.800	1610.805
136.000	507.280	-70.600	1622.819
137.000	507.260	-136.600	1634.868
138.000	507.240	-101.000	1646.759
139.000	507.220	-61.000	1658.789
140.000	507.200	-40.400	1670.791
141.000	507.180	-29.000	1682.796
142.000	507.160	-23.200	1694.804
143.000	507.140	-58.600	1706.810
144.000	507.120	-39.000	1718.811
145.000	507.100	2.000	1730.810
146.000	507.080	-11.600	1742.815
147.000	507.060	2.000	1754.824
148.000	507.040	-8.000	1766.830
149.000	507.020	-8.400	1778.869
150.000	507.000	-7.800	1790.760
151.000	506.980	-21.800	1802.791
152.000	506.960	-20.200	1814.801
153.000	506.940	-21.400	1826.812
154.000	506.920	-6.800	1838.821
155.000	506.900	-12.800	1850.831
156.000	506.880	-8.800	1862.736
157.000	506.860	-12.200	1874.770
158.000	506.840	-26.600	1886.805
159.000	506.820	-41.600	1898.820
160.000	506.800	-41.600	1910.826
161.000	506.780	-28.200	1922.831
162.000	506.760	-8.000	1934.741
163.000	506.740	-18.000	1946.768
164.000	506.720	-9.800	1958.804
165.000	506.700	3.800	1970.813
166.000	506.680	-0.200	1982.786
167.000	506.660	-10.000	1994.817
168.000	506.640	-16.200	2006.831
169.000	506.620	-16.400	2018.869
170.000	506.600	-2.000	2030.739
171.000	506.580	-9.000	2042.745
172.000	506.560	-20.000	2054.777
173.000	506.540	-18.000	2066.803
174.000	506.520	-20.600	2078.795
175.000	506.500	0.400	2090.797
176.000	506.480	4.400	2102.800
177.000	506.460	-6.200	2114.796
178.000	506.440	1.200	2126.812
179.000	506.420	9.800	2138.805
180.000	506.400	7.600	2150.797
181.000	506.380	4.400	2162.810
182.000	506.360	-14.000	2174.809
183.000	506.340	-28.600	2186.816
184.000	506.320	-29.000	2198.817
185.000	506.300	-10.600	2210.816
186.000	506.280	-21.200	2222.808
187.000	506.260	-12.000	2234.806
188.000	506.240	-17.200	2246.816
189.000	506.220	-11.800	2258.816
190.000	506.200	-11.600	2270.823
191.000	506.180	-13.800	2282.825
192.000	506.160	-21.000	2294.828
193.000	506.140	-0.800	2306.860
194.000	506.120	-22.400	2318.868
195.000	506.100	-13.800	2330.739
196.000	506.080	-43.400	2342.734
197.000	506.060	-40.400	2354.832
198.000	506.040	-35.200	2366.825
199.000	506.020	-10.000	2378.820
200.000	506.000	-10.200	2390.829
201.000	505.980	2.000	2402.828
202.000	505.960	-2.400	2414.821
203.000	505.940	6.600	2426.821
204.000	505.920	11.600	2438.817
205.000	505.900	15.800	2450.812
206.000	505.880	-3.800	2462.825
207.000	505.860	-16.600	2474.823
208.000	505.840	-6.800	2486.823
209.000	505.820	-5.400	2498.826
210.000	505.800	-7.400	2510.826
211.000	505.780	-10.000	2522.825
212.000	505.760	-15.400	2534.828
213.000	505.740	-12.600	2546.871
214.000	505.720	-14.600	2558.746
215.000	505.700	1.000	2570.749
216.000	505.680	4.200	2582.737
217.000	505.660	2.400	2594.743
218.000	505.640	-5.000	2606.739
219.000	505.620	-8.000	2618.738
220.000	505.600	13.000	2630.743
221.000	505.580	7.400	2642.733
222.000	505.560	7.200	2654.830
223.000	505.540	8.800	2666.831
224.000	505.520	-0.600	2678.870
225.000	505.500	-3.200	2690.744
226.000	505.480	6.200	2702.747
227.000	505.460	-28.000	2714.732
228.000	505.440	-6.400	2726.739
229.000	505.420	-18.600	2738.741
230.000	505.400	-4.400	2750.739
231.000	505.380	11.400	2762.740
232.000	505.360	-1.600	2774.750
233.000	505.340	-4.200	2786.757
234.000	505.320	-3.000	2798.769
235.000	505.300	1.800	2810.760
236.000	505.280	8.600	2822.762
237.000	505.260	-11.800	2834.760
238.000	505.240	-4.800	2846.752
239.000	505.220	-22.200	2858.749
240.000	505.200	-13.600	2870.754
241.000	505.180	-4.000	2882.752
242.000	505.160	-31.800	2894.749
243.000	505.140	-18.600	2906.743
244.000	505.120	-2.200	2918.745
245.000	505.100	-20.800	2930.740
246.000	505.080	-21.400	2942.736
247.000	505.060	-14.800	2954.826
248.000	505.040	-71.000	2966.864
249.000	505.020	-55.000	2978.831
250.000	505.000	-57.000	2990.831
251.000	504.980	0.000	3002.829
