0.000000	28.949000	313.795602	0.000155
1.000000	28.957000	313.968798	0.000058
2.000000	28.965000	314.142041	0.000180
3.000000	28.973000	314.315332	0.000180
4.000000	28.981000	314.488671	0.000131
5.000000	28.989000	314.662057	0.000058
6.000000	28.997000	314.835491	0.000277
7.000000	29.005000	315.008974	0.000033
8.000000	29.013000	315.182503	0.000082
9.000000	29.021000	315.356081	0.000131
10.000000	29.029000	315.529707	0.000058
11.000000	29.037000	315.703380	0.000058
12.000000	29.045000	315.877101	0.000106
13.000000	29.053000	316.050870	0.000155
14.000000	29.061000	316.224686	-0.000040
15.000000	29.069000	316.398551	0.000351
16.000000	29.077000	316.572463	-0.000016
17.000000	29.085000	316.746423	0.000228
18.000000	29.093000	316.920431	0.000106
19.000000	29.101000	317.094486	0.000033
20.000000	29.109000	317.268590	0.000106
21.000000	29.117000	317.442740	0.000009
22.000000	29.125000	317.616939	-0.000016
23.000000	29.133000	317.791186	0.000277
24.000000	29.141000	317.965480	-0.000040
25.000000	29.149000	318.139823	0.000253
26.000000	29.157000	318.314213	0.000204
27.000000	29.165000	318.488651	0.000277
28.000000	29.173000	318.663136	0.000131
29.000000	29.181000	318.837669	0.000204
30.000000	29.189000	319.012250	-0.000113
31.000000	29.197000	319.186879	0.000180
32.000000	29.205000	319.361556	-0.000040
33.000000	29.213000	319.536280	-0.000040
34.000000	29.221000	319.711053	0.000326
35.000000	29.229000	319.885873	0.000082
36.000000	29.237000	320.060741	-0.000064
37.000000	29.245000	320.235656	-0.000040
38.000000	29.253000	320.410620	0.000277
39.000000	29.261000	320.585631	0.000155
40.000000	29.269000	320.760690	0.000131
41.000000	29.277000	320.935797	0.000009
42.000000	29.285000	321.110951	0.000131
43.000000	29.293000	321.286154	0.000448
44.000000	29.301000	321.461404	0.000228
45.000000	29.309000	321.636702	0.000277
46.000000	29.317000	321.812047	0.000302
47.000000	29.325000	321.987441	0.000375
48.000000	29.333000	322.162882	0.000131
49.000000	29.341000	322.338371	0.000253
50.000000	29.349000	322.513908	0.000497
51.000000	29.357000	322.689492	0.000253
52.000000	29.365000	322.865125	0.000326
53.000000	29.373000	323.040805	0.000302
54.000000	29.381000	323.216533	0.000180
55.000000	29.389000	323.392309	0.000302
56.000000	29.397000	323.568132	0.000351
57.000000	29.405000	323.744003	0.000204
58.000000	29.413000	323.919922	0.000082
59.000000	29.421000	324.095889	0.000302
60.000000	29.429000	324.271904	0.000155
61.000000	29.437000	324.447967	0.000277
62.000000	29.445000	324.624076	0.000228
63.000000	29.453000	324.800234	0.000204
64.000000	29.461000	324.976440	0.000448
65.000000	29.469000	325.152694	0.000302
66.000000	29.477000	325.328995	0.000155
67.000000	29.485000	325.505344	0.000448
68.000000	29.493000	325.681741	-0.000064
69.000000	29.501000	325.858186	0.000253
70.000000	29.509000	326.034678	0.000228
71.000000	29.517000	326.211219	0.000106
72.000000	29.525000	326.387807	0.000399
73.000000	29.533000	326.564442	0.000497
74.000000	29.541000	326.741126	0.000448
75.000000	29.549000	326.917858	0.000131
76.000000	29.557000	327.094637	0.000106
77.000000	29.565000	327.271463	0.000204
78.000000	29.573000	327.448338	0.000326
79.000000	29.581000	327.625261	0.000131
80.000000	29.589000	327.802232	0.000009
81.000000	29.597000	327.979249	0.000180
82.000000	29.605000	328.156315	0.000375
83.000000	29.613000	328.333429	0.000277
84.000000	29.621000	328.510590	0.000253
85.000000	29.629000	328.687799	0.000058
86.000000	29.637000	328.865057	0.000009
87.000000	29.645000	329.042362	0.000131
88.000000	29.653000	329.219713	0.000253
89.000000	29.661000	329.397114	0.000448
90.000000	29.669000	329.574563	-0.000016
91.000000	29.677000	329.752058	0.000155
92.000000	29.685000	329.929602	-0.000089
93.000000	29.693000	330.107194	0.000253
94.000000	29.701000	330.284833	0.000497
95.000000	29.709000	330.462519	0.000375
96.000000	29.717000	330.640255	0.000424
97.000000	29.725000	330.818038	0.000302
98.000000	29.733000	330.995867	0.000399
99.000000	29.741000	331.173746	0.000204
100.000000	29.749000	331.351672	0.000082
101.000000	29.757000	331.529646	0.000106
102.000000	29.765000	331.707667	0.000180
103.000000	29.773000	331.885736	0.000228
104.000000	29.781000	332.063854	0.000326
105.000000	29.789000	332.242018	0.000131
106.000000	29.797000	332.420231	0.000155
107.000000	29.805000	332.598492	0.000302
108.000000	29.813000	332.776800	0.000448
109.000000	29.821000	332.955155	0.000375
110.000000	29.829000	333.133559	0.000326
111.000000	29.837000	333.312011	0.000351
112.000000	29.845000	333.490510	0.000351
113.000000	29.853000	333.669057	0.000277
114.000000	29.861000	333.847653	0.000497
115.000000	29.869000	334.026296	0.000228
116.000000	29.877000	334.204985	0.000180
117.000000	29.885000	334.383724	0.000204
118.000000	29.893000	334.562510	0.000326
119.000000	29.901000	334.741345	0.000082
120.000000	29.909000	334.920225	0.000253
121.000000	29.917000	335.099155	0.000326
122.000000	29.925000	335.278133	0.000155
123.000000	29.933000	335.457157	0.000131
124.000000	29.941000	335.636230	0.000131
125.000000	29.949000	335.815351	0.000204
126.000000	29.957000	335.994518	0.000497
127.000000	29.965000	336.173735	0.000180
128.000000	29.973000	336.352999	0.000106
129.000000	29.981000	336.532311	0.000277
130.000000	29.989000	336.711671	0.000302
131.000000	29.997000	336.891078	0.000106
132.000000	30.005000	337.070531	0.000155
133.000000	30.013000	337.250034	0.000204
134.000000	30.021000	337.429585	0.000228
135.000000	30.029000	337.609184	0.000521
136.000000	30.037000	337.788831	0.000351
137.000000	30.045000	337.968525	0.000082
138.000000	30.053000	338.148267	0.000424
139.000000	30.061000	338.328054	0.000473
140.000000	30.069000	338.507892	0.000424
141.000000	30.077000	338.687777	0.000180
142.000000	30.085000	338.867711	0.000375
143.000000	30.093000	339.047692	0.000155
144.000000	30.101000	339.227721	0.000399
145.000000	30.109000	339.407797	0.000473
146.000000	30.117000	339.587919	0.000448
147.000000	30.125000	339.768091	0.000473
148.000000	30.133000	339.948311	0.000473
149.000000	30.141000	340.128579	0.000009
150.000000	30.149000	340.308894	0.000473
151.000000	30.157000	340.489257	0.000326
152.000000	30.165000	340.669669	0.000473
153.000000	30.173000	340.850125	0.000204
154.000000	30.181000	341.030631	0.000228
155.000000	30.189000	341.211186	0.000228
156.000000	30.197000	341.391788	0.000253
157.000000	30.205000	341.572438	0.000351
158.000000	30.213000	341.753136	0.000155
159.000000	30.221000	341.933881	0.000424
160.000000	30.229000	342.114675	0.000497
161.000000	30.237000	342.295513	0.000204
162.000000	30.245000	342.476402	0.000302
163.000000	30.253000	342.657339	0.000448
164.000000	30.261000	342.838323	0.000302
165.000000	30.269000	343.019355	0.000595
166.000000	30.277000	343.200436	0.000399
167.000000	30.285000	343.381563	0.000546
168.000000	30.293000	343.562736	0.000204
169.000000	30.301000	343.743960	0.000351
170.000000	30.309000	343.925231	0.000326
171.000000	30.317000	344.106550	0.000253
172.000000	30.325000	344.287917	0.000326
173.000000	30.333000	344.469331	0.000473
174.000000	30.341000	344.650793	0.000497
175.000000	30.349000	344.832301	0.000448
176.000000	30.357000	345.013859	0.000497
177.000000	30.365000	345.195464	0.000473
178.000000	30.373000	345.377118	0.000351
179.000000	30.381000	345.558819	0.000375
180.000000	30.389000	345.740568	0.000546
181.000000	30.397000	345.922365	0.000351
182.000000	30.405000	346.104207	0.000424
183.000000	30.413000	346.286099	0.000302
184.000000	30.421000	346.468039	0.000399
185.000000	30.429000	346.650027	0.000326
186.000000	30.437000	346.832063	0.000619
187.000000	30.445000	347.014146	0.000424
188.000000	30.453000	347.196278	0.000277
189.000000	30.461000	347.378454	0.000326
190.000000	30.469000	347.560681	0.000351
191.000000	30.477000	347.742955	0.000302
192.000000	30.485000	347.925278	0.000497
193.000000	30.493000	348.107648	0.000253
194.000000	30.501000	348.290066	0.000473
195.000000	30.509000	348.472532	0.000277
196.000000	30.517000	348.655043	0.000424
197.000000	30.525000	348.837604	0.000375
198.000000	30.533000	349.020213	0.000546
199.000000	30.541000	349.202870	0.000546
200.000000	30.549000	349.385575	0.000351
201.000000	30.557000	349.568327	0.000619
202.000000	30.565000	349.751127	0.000570
203.000000	30.573000	349.933973	0.000277
204.000000	30.581000	350.116868	0.000277
205.000000	30.589000	350.299812	0.000351
206.000000	30.597000	350.482803	0.000570
207.000000	30.605000	350.665843	0.000228
208.000000	30.613000	350.848930	0.000473
209.000000	30.621000	351.032064	0.000228
210.000000	30.629000	351.215244	0.000375
211.000000	30.637000	351.398474	0.000644
212.000000	30.645000	351.581752	0.000326
213.000000	30.653000	351.765078	0.000302
214.000000	30.661000	351.948452	0.000302
215.000000	30.669000	352.131873	0.000351
216.000000	30.677000	352.315343	0.000570
217.000000	30.685000	352.498857	0.000351
218.000000	30.693000	352.682422	0.000424
219.000000	30.701000	352.866034	0.000473
220.000000	30.709000	353.049695	0.000424
221.000000	30.717000	353.233403	0.000375
222.000000	30.725000	353.417159	0.000521
223.000000	30.733000	353.600962	0.000424
224.000000	30.741000	353.784811	0.000424
225.000000	30.749000	353.968710	0.000204
226.000000	30.757000	354.152657	0.000521
227.000000	30.765000	354.336652	0.000277
228.000000	30.773000	354.520695	0.000228
229.000000	30.781000	354.704785	0.000595
230.000000	30.789000	354.888923	0.000546
231.000000	30.797000	355.073109	0.000644
232.000000	30.805000	355.257340	0.000521
233.000000	30.813000	355.441622	0.000424
234.000000	30.821000	355.625951	0.000302
235.000000	30.829000	355.810328	0.000448
236.000000	30.837000	355.994753	0.000302
237.000000	30.845000	356.179226	0.000497
238.000000	30.853000	356.363746	0.000668
239.000000	30.861000	356.548312	0.000351
240.000000	30.869000	356.732928	0.000570
241.000000	30.877000	356.917592	0.000521
242.000000	30.885000	357.102303	0.000448
243.000000	30.893000	357.287063	0.000302
244.000000	30.901000	357.471870	0.000228
245.000000	30.909000	357.656725	0.000473
246.000000	30.917000	357.841625	0.000473
247.000000	30.925000	358.026575	0.000448
248.000000	30.933000	358.211573	0.000448
249.000000	30.941000	358.396620	0.000546
250.000000	30.949000	358.581713	0.000521
251.000000	30.957000	358.766855	0.000619
252.000000	30.965000	358.952042	0.000375
253.000000	30.973000	359.137282	0.000448
254.000000	30.981000	359.322564	0.000326
255.000000	30.989000	359.507899	0.000473
256.000000	30.997000	359.693277	0.000619
257.000000	31.005000	359.878703	0.000619
258.000000	31.013000	360.064182	0.000497
259.000000	31.021000	360.249703	0.000692
260.000000	31.029000	360.435277	0.000155
261.000000	31.037000	360.620894	0.000546
262.000000	31.045000	360.806564	0.000473
263.000000	31.053000	360.992276	0.000570
264.000000	31.061000	361.178036	0.000497
265.000000	31.069000	361.363850	0.000546
266.000000	31.077000	361.549705	0.000253
267.000000	31.085000	361.735614	0.000644
268.000000	31.093000	361.921565	0.000570
269.000000	31.101000	362.107570	0.000497
270.000000	31.109000	362.293617	0.000692
271.000000	31.117000	362.479711	0.000326
272.000000	31.125000	362.665859	0.000546
273.000000	31.133000	362.852049	0.000473
274.000000	31.141000	363.038293	0.000619
275.000000	31.149000	363.224578	0.000399
276.000000	31.157000	363.410917	0.000692
277.000000	31.165000	363.597298	0.000570
278.000000	31.173000	363.783727	0.000497
279.000000	31.181000	363.970210	0.000497
280.000000	31.189000	364.156734	0.000839
281.000000	31.197000	364.343312	0.000326
282.000000	31.205000	364.529932	0.000546
283.000000	31.213000	364.716606	0.000424
284.000000	31.221000	364.903322	0.000644
285.000000	31.229000	365.090085	0.000424
286.000000	31.237000	365.276902	0.000546
287.000000	31.245000	365.463761	0.000302
288.000000	31.253000	365.650673	0.000277
289.000000	31.261000	365.837628	0.000790
290.000000	31.269000	366.024636	0.000546
291.000000	31.277000	366.211686	0.000595
292.000000	31.285000	366.398784	0.000668
293.000000	31.293000	366.585936	0.000375
294.000000	31.301000	366.773129	0.000497
295.000000	31.309000	366.960376	0.000595
296.000000	31.317000	367.147665	0.000766
297.000000	31.325000	367.335007	0.000424
298.000000	31.333000	367.522392	0.000570
299.000000	31.341000	367.709825	0.000473
300.000000	31.349000	367.897310	0.000497
301.000000	31.357000	368.084838	0.000546
302.000000	31.365000	368.272420	0.000668
303.000000	31.373000	368.460043	0.000570
304.000000	31.381000	368.647720	0.000766
305.000000	31.389000	368.835439	0.000448
306.000000	31.397000	369.023206	0.000546
307.000000	31.405000	369.211027	0.000692
308.000000	31.413000	369.398889	0.000644
309.000000	31.421000	369.586805	0.000814
310.000000	31.429000	369.774763	0.000424
311.000000	31.437000	369.962775	0.000668
312.000000	31.445000	370.150828	0.000595
313.000000	31.453000	370.338930	0.000521
314.000000	31.461000	370.527084	0.000570
315.000000	31.469000	370.715281	0.000448
316.000000	31.477000	370.903532	0.000546
317.000000	31.485000	371.091824	0.000399
318.000000	31.493000	371.280170	0.000546
319.000000	31.501000	371.468558	0.000546
320.000000	31.509000	371.657000	0.000644
321.000000	31.517000	371.845483	0.000619
322.000000	31.525000	372.034015	0.000546
323.000000	31.533000	372.222600	0.000595
324.000000	31.541000	372.411227	0.000399
325.000000	31.549000	372.599907	0.000595
326.000000	31.557000	372.788630	0.000473
327.000000	31.565000	372.977406	0.000521
328.000000	31.573000	373.166224	0.000668
329.000000	31.581000	373.355090	0.000497
330.000000	31.589000	373.544009	0.000546
331.000000	31.597000	373.732971	0.000741
332.000000	31.605000	373.921986	0.000717
333.000000	31.613000	374.111043	0.000570
334.000000	31.621000	374.300153	0.000570
335.000000	31.629000	374.489306	0.000692
336.000000	31.637000	374.678506	0.000424
337.000000	31.645000	374.867760	0.000595
338.000000	31.653000	375.057056	0.000497
339.000000	31.661000	375.246405	0.000644
340.000000	31.669000	375.435797	0.000448
341.000000	31.677000	375.625242	0.000741
342.000000	31.685000	375.814729	0.000546
343.000000	31.693000	376.004264	0.000546
344.000000	31.701000	376.193852	0.000375
345.000000	31.709000	376.383483	0.000644
346.000000	31.717000	376.573166	0.000717
347.000000	31.725000	376.762892	0.000497
348.000000	31.733000	376.952672	0.000766
349.000000	31.741000	377.142493	0.000546
350.000000	31.749000	377.332363	0.000717
351.000000	31.757000	377.522286	0.000692
352.000000	31.765000	377.712251	0.000595
353.000000	31.773000	377.902269	0.000595
354.000000	31.781000	378.092329	0.000644
355.000000	31.789000	378.282443	0.000497
356.000000	31.797000	378.472599	0.000619
357.000000	31.805000	378.662803	0.000521
358.000000	31.813000	378.853061	0.000619
359.000000	31.821000	379.043360	0.000521
360.000000	31.829000	379.233713	0.000497
361.000000	31.837000	379.424108	0.000668
362.000000	31.845000	379.614556	0.000790
363.000000	31.853000	379.805047	0.000448
364.000000	31.861000	379.995585	0.000644
365.000000	31.869000	380.186177	0.000644
366.000000	31.877000	380.376811	0.000546
367.000000	31.885000	380.567498	0.000766
368.000000	31.893000	380.758228	0.000692
369.000000	31.901000	380.949011	0.000692
370.000000	31.909000	381.139836	0.000692
371.000000	31.917000	381.330708	0.000521
372.000000	31.925000	381.521635	0.000717
373.000000	31.933000	381.712603	0.000619
374.000000	31.941000	381.903625	0.000595
375.000000	31.949000	382.094689	0.000619
376.000000	31.957000	382.285806	0.000473
377.000000	31.965000	382.476966	0.000644
378.000000	31.973000	382.668173	0.000692
379.000000	31.981000	382.859434	0.000692
380.000000	31.989000	383.050737	0.000595
381.000000	31.997000	383.242093	0.000351
382.000000	32.005000	383.433491	0.000863
383.000000	32.013000	383.624943	0.000839
384.000000	32.021000	383.816437	0.000717
385.000000	32.029000	384.007979	0.000448
386.000000	32.037000	384.199574	0.000741
387.000000	32.045000	384.391211	0.000741
388.000000	32.053000	384.582902	0.000448
389.000000	32.061000	384.774635	0.000766
390.000000	32.069000	384.966422	0.000351
391.000000	32.077000	385.158250	0.000473
392.000000	32.085000	385.350126	0.000644
393.000000	32.093000	385.542056	0.000570
394.000000	32.101000	385.734028	0.000766
395.000000	32.109000	385.926053	0.000619
396.000000	32.117000	386.118120	0.000741
397.000000	32.125000	386.310241	0.000839
398.000000	32.133000	386.502404	0.000619
399.000000	32.141000	386.694615	0.000717
400.000000	32.149000	386.886879	0.000595
401.000000	32.157000	387.079185	0.000814
402.000000	32.165000	387.271545	0.000839
403.000000	32.173000	387.463947	0.000619
404.000000	32.181000	387.656402	0.000985
405.000000	32.189000	387.848900	0.000497
406.000000	32.197000	388.041445	0.000814
407.000000	32.205000	388.234044	0.000692
408.000000	32.213000	388.426685	0.000619
409.000000	32.221000	388.619379	0.000570
410.000000	32.229000	388.812115	0.000668
411.000000	32.237000	389.004905	0.000668
412.000000	32.245000	389.197737	0.000326
413.000000	32.253000	389.390617	0.000668
414.000000	32.261000	389.583550	0.000741
415.000000	32.269000	389.776525	0.000595
416.000000	32.277000	389.969554	0.000863
417.000000	32.285000	390.162625	0.000521
418.000000	32.293000	390.355749	0.000766
419.000000	32.301000	390.548915	0.000497
420.000000	32.309000	390.742129	0.000717
421.000000	32.317000	390.935397	0.000839
422.000000	32.325000	391.128707	0.000668
423.000000	32.333000	391.322070	0.000766
424.000000	32.341000	391.515475	0.000912
425.000000	32.349000	391.708934	0.000790
426.000000	32.357000	391.902435	0.000692
427.000000	32.365000	392.095984	0.000741
428.000000	32.373000	392.289586	0.000644
429.000000	32.381000	392.483230	0.000546
430.000000	32.389000	392.676928	0.000863
431.000000	32.397000	392.870668	0.000912
432.000000	32.405000	393.064461	0.000595
433.000000	32.413000	393.258296	0.000790
434.000000	32.421000	393.452179	0.000741
435.000000	32.429000	393.646116	0.000644
436.000000	32.437000	393.840095	0.000717
437.000000	32.445000	394.034127	0.000473
438.000000	32.453000	394.228201	0.000521
439.000000	32.461000	394.422329	0.000497
440.000000	32.469000	394.616499	0.000326
441.000000	32.477000	394.810716	0.000473
442.000000	32.485000	395.004988	0.000570
443.000000	32.493000	395.199301	0.000375
444.000000	32.501000	395.393667	0.000766
445.000000	32.509000	395.588076	0.000546
446.000000	32.517000	395.782538	0.000546
447.000000	32.525000	395.977043	0.000326
448.000000	32.533000	396.171595	0.000619
449.000000	32.541000	396.366200	0.000448
450.000000	32.549000	396.560848	0.000619
451.000000	32.557000	396.755549	0.000790
452.000000	32.565000	396.950292	0.001010
453.000000	32.573000	397.145089	0.000497
454.000000	32.581000	397.339928	0.000644
455.000000	32.589000	397.534820	0.000546
456.000000	32.597000	397.729755	0.000741
457.000000	32.605000	397.924737	0.000692
458.000000	32.613000	398.119773	0.000644
459.000000	32.621000	398.314850	0.000766
460.000000	32.629000	398.509981	0.000717
461.000000	32.637000	398.705155	0.000790
462.000000	32.645000	398.900382	0.001034
463.000000	32.653000	399.095650	0.000766
464.000000	32.661000	399.290967	0.000863
465.000000	32.669000	399.486337	0.000839
466.000000	32.677000	399.681749	0.000741
467.000000	32.685000	399.877215	0.000839
468.000000	32.693000	400.072723	0.000863
469.000000	32.701000	400.268284	0.000668
470.000000	32.709000	400.463887	0.000961
471.000000	32.717000	400.659538	0.000766
472.000000	32.725000	400.855243	0.000741
473.000000	32.733000	401.050990	0.000961
474.000000	32.741000	401.246790	0.000766
475.000000	32.749000	401.442632	0.000863
476.000000	32.757000	401.638528	0.000717
477.000000	32.765000	401.834466	0.000717
478.000000	32.773000	402.030451	0.000839
479.000000	32.781000	402.226491	0.000766
480.000000	32.789000	402.422572	0.000961
481.000000	32.797000	402.618706	0.001010
482.000000	32.805000	402.814883	0.000814
483.000000	32.813000	403.011113	0.000619
484.000000	32.821000	403.207386	0.000717
485.000000	32.829000	403.403706	0.000814
486.000000	32.837000	403.600079	0.000717
487.000000	32.845000	403.796495	0.000790
488.000000	32.853000	403.992964	0.000863
489.000000	32.861000	404.189475	0.000717
490.000000	32.869000	404.386040	0.000619
491.000000	32.877000	404.582647	0.000888
492.000000	32.885000	404.779301	0.000961
493.000000	32.893000	404.976009	0.000790
494.000000	32.901000	405.172760	0.000790
495.000000	32.909000	405.369563	0.000717
496.000000	32.917000	405.566409	0.000790
497.000000	32.925000	405.763308	0.000937
498.000000	32.933000	405.960249	0.001010
499.000000	32.941000	406.157238	0.000814
500.000000	32.949000	406.354281	0.000863
501.000000	32.957000	406.551371	0.000839
502.000000	32.965000	406.748504	0.000766
503.000000	32.973000	406.945684	0.000619
504.000000	32.981000	407.142912	0.000595
505.000000	32.988999	407.340187	0.000741
506.000000	32.997000	407.537523	0.000521
507.000000	33.005000	407.734894	0.000595
508.000000	33.013000	407.932313	0.000595
509.000000	33.021000	408.129780	0.000399
510.000000	33.029000	408.327306	0.000228
511.000000	33.037000	408.524868	-0.000113
512.000000	33.045000	408.722479	0.000009
513.000000	33.053000	408.920137	-0.001188
514.000000	33.061000	409.117842	-0.001627
515.000000	33.069000	409.315608	-0.001847
516.000000	33.077000	409.513409	-0.002530
517.000000	33.085000	409.711258	-0.002262
518.000000	33.093000	409.909155	-0.002726
519.000000	33.101000	410.107111	-0.002555
520.000000	33.109000	410.305104	-0.002579
521.000000	33.117000	410.503144	-0.002311
522.000000	33.125000	410.701232	-0.001578
523.000000	33.133000	410.899368	-0.001920
524.000000	33.141000	411.097563	-0.001505
525.000000	33.149000	411.295794	-0.001139
526.000000	33.157000	411.494073	-0.000357
527.000000	33.165000	411.692400	0.000204
528.000000	33.173000	411.890775	-0.000211
529.000000	33.181000	412.089209	0.000180
530.000000	33.189000	412.287680	0.000082
531.000000	33.197000	412.486198	0.000180
532.000000	33.205000	412.684763	0.000644
533.000000	33.213000	412.883389	0.000644
534.000000	33.221000	413.082050	0.000448
535.000000	33.229000	413.280759	0.000863
536.000000	33.237000	413.479516	0.000619
537.000000	33.245000	413.678321	0.000473
538.000000	33.253000	413.877185	0.000595
539.000000	33.261000	414.076086	0.000912
540.000000	33.269000	414.275034	0.000766
541.000000	33.277000	414.474030	0.000863
542.000000	33.284999	414.673073	0.000961
543.000000	33.293000	414.872177	0.000912
544.000000	33.301000	415.071316	0.000790
545.000000	33.309000	415.270503	0.000570
546.000000	33.317000	415.469738	0.000961
547.000000	33.325000	415.669032	0.000790
548.000000	33.333000	415.868362	0.000888
549.000000	33.341000	416.067740	0.000937
550.000000	33.349000	416.267166	0.000644
551.000000	33.357000	416.466640	0.000644
552.000000	33.365000	416.666173	0.000741
553.000000	33.373000	416.865743	0.000888
554.000000	33.381000	417.065360	0.000985
555.000000	33.389000	417.265024	0.000839
556.000000	33.396999	417.464737	0.000741
557.000000	33.405000	417.664509	0.000814
558.000000	33.413000	417.864317	0.001083
559.000000	33.421000	418.064173	0.000961
560.000000	33.429000	418.264077	0.001083
561.000000	33.437000	418.464041	0.000985
562.000000	33.445000	418.664040	0.001010
563.000000	33.453000	418.864087	0.000863
564.000000	33.461000	419.064182	0.000985
565.000000	33.469000	419.264324	0.000863
566.000000	33.477000	419.464527	0.000912
567.000000	33.485000	419.664765	0.000814
568.000000	33.493000	419.865051	0.000814
569.000000	33.501000	420.065385	0.000766
570.000000	33.508999	420.265766	0.000814
571.000000	33.517000	420.466208	0.000912
572.000000	33.525000	420.666685	0.000888
573.000000	33.533000	420.867210	0.001181
574.000000	33.541000	421.067782	0.000863
575.000000	33.549000	421.268415	0.000888
576.000000	33.557000	421.469083	0.000839
577.000000	33.565000	421.669799	0.000741
578.000000	33.573000	421.870563	0.000985
579.000000	33.580999	422.071374	0.001059
580.000000	33.589000	422.272246	0.000839
581.000000	33.597000	422.473153	0.001034
582.000000	33.605000	422.674108	0.000717
583.000000	33.613000	422.875111	0.000912
584.000000	33.620999	423.076161	0.000863
585.000000	33.629000	423.277271	0.000717
586.000000	33.637000	423.478417	0.000937
587.000000	33.645000	423.679611	0.000985
588.000000	33.653000	423.880853	0.001034
589.000000	33.661000	424.082154	0.000644
590.000000	33.669000	424.283492	0.001156
591.000000	33.677000	424.484877	0.000937
592.000000	33.685000	424.686309	0.000766
593.000000	33.692999	424.887790	0.000985
594.000000	33.701000	425.089330	0.000863
595.000000	33.709000	425.290906	0.000961
596.000000	33.717000	425.492530	0.000961
597.000000	33.725000	425.694202	0.001107
598.000000	33.732999	425.895921	0.001059
599.000000	33.741000	426.097701	0.000839
600.000000	33.749000	426.299516	0.001059
601.000000	33.757000	426.501379	0.000839
602.000000	33.765000	426.703289	0.000937
603.000000	33.773000	426.905260	0.001181
604.000000	33.781000	427.107266	0.000961
605.000000	33.789000	427.309320	0.001107
606.000000	33.797000	427.511421	0.001229
607.000000	33.804999	427.713571	0.000985
608.000000	33.813000	427.915780	0.000985
609.000000	33.821000	428.118025	0.000985
610.000000	33.829000	428.320318	0.001107
611.000000	33.837000	428.522659	0.001059
612.000000	33.844999	428.725047	0.000888
613.000000	33.853000	428.927496	0.000961
614.000000	33.861000	429.129980	0.001010
615.000000	33.869000	429.332511	0.001229
616.000000	33.876999	429.535091	0.001205
617.000000	33.885000	429.737730	0.001059
618.000000	33.893000	429.940405	0.000961
619.000000	33.901000	430.143128	0.001083
620.000000	33.909000	430.345899	0.000863
621.000000	33.916999	430.548718	0.000863
622.000000	33.925000	430.751596	0.000912
623.000000	33.933000	430.954510	0.000961
624.000000	33.941000	431.157472	0.000937
