0.000000	15.099000	88.878479	0.002670
1.000000	15.109000	88.995905	0.002475
2.000000	15.119000	89.113408	0.001449
3.000000	15.129000	89.230989	0.002279
4.000000	15.139000	89.348648	0.002816
5.000000	15.149000	89.466383	0.002621
6.000000	15.159000	89.584197	0.002914
7.000000	15.169000	89.702088	0.002426
8.000000	15.179000	89.820056	0.002621
9.000000	15.189000	89.938102	0.002572
10.000000	15.199000	90.056225	0.002621
11.000000	15.209000	90.174427	0.002841
12.000000	15.219000	90.292705	0.002377
13.000000	15.229000	90.411061	0.002768
14.000000	15.239000	90.529495	0.002694
15.000000	15.249000	90.648006	0.003036
16.000000	15.259000	90.766594	0.002035
17.000000	15.269000	90.885260	0.002353
18.000000	15.279000	91.004004	0.001840
19.000000	15.289000	91.122825	0.002304
20.000000	15.299000	91.241724	0.002206
21.000000	15.309000	91.360700	0.002475
22.000000	15.319000	91.479754	0.002597
23.000000	15.329000	91.598885	0.002816
24.000000	15.339000	91.718094	0.002279
25.000000	15.349000	91.837380	0.002768
26.000000	15.359000	91.956744	0.002035
27.000000	15.369000	92.076185	0.002450
28.000000	15.379000	92.195704	0.002743
29.000000	15.389000	92.315300	0.002401
30.000000	15.399000	92.434974	0.001986
31.000000	15.409000	92.554726	0.001474
32.000000	15.419000	92.674555	0.002084
33.000000	15.429000	92.794461	0.001718
34.000000	15.439000	92.914445	0.000106
35.000000	15.449000	93.034506	0.000106
36.000000	15.459000	93.154645	0.000741
37.000000	15.469000	93.274862	0.002011
38.000000	15.479000	93.395156	0.001693
39.000000	15.489000	93.515527	0.001913
40.000000	15.499000	93.635976	0.002108
41.000000	15.509000	93.756503	-0.001383
42.000000	15.519000	93.877107	-0.002872
43.000000	15.529000	93.997789	-0.002335
44.000000	15.539000	94.118548	-0.000650
45.000000	15.549000	94.239385	0.000888
46.000000	15.559000	94.360299	0.001669
47.000000	15.569000	94.481291	0.002475
48.000000	15.579000	94.602360	0.001986
49.000000	15.589000	94.723506	0.001840
50.000000	15.599000	94.844731	0.002670
51.000000	15.609000	94.966033	0.002157
52.000000	15.619000	95.087412	0.001815
53.000000	15.629000	95.208869	0.002035
54.000000	15.639000	95.330403	0.001962
55.000000	15.649000	95.452015	0.001767
56.000000	15.659000	95.573705	0.001913
57.000000	15.669000	95.695471	0.002816
58.000000	15.679000	95.817316	0.002377
59.000000	15.689000	95.939238	0.002133
60.000000	15.699000	96.061237	0.002255
61.000000	15.709000	96.183315	0.002401
62.000000	15.719000	96.305469	0.002108
63.000000	15.729000	96.427701	0.001864
64.000000	15.739000	96.550010	0.002304
65.000000	15.749000	96.672397	0.002206
66.000000	15.759000	96.794862	0.002426
67.000000	15.769000	96.917404	0.002255
68.000000	15.779000	97.040024	0.002108
69.000000	15.789000	97.162721	0.001669
70.000000	15.799000	97.285496	0.002255
71.000000	15.809000	97.408348	0.002084
72.000000	15.819000	97.531277	0.001986
73.000000	15.829000	97.654284	0.002377
74.000000	15.839000	97.777370	0.002084
75.000000	15.849000	97.900532	0.002279
76.000000	15.859000	98.023772	0.002304
77.000000	15.869000	98.147089	0.001718
78.000000	15.879000	98.270483	0.002279
79.000000	15.889000	98.393956	0.001864
80.000000	15.899000	98.517505	0.002279
81.000000	15.909000	98.641133	0.002475
82.000000	15.919000	98.764838	0.001986
83.000000	15.929000	98.888621	0.002035
84.000000	15.939000	99.012480	0.001522
85.000000	15.949000	99.136418	0.002328
86.000000	15.959000	99.260433	0.001400
87.000000	15.969000	99.384526	0.002108
88.000000	15.979000	99.508696	0.002157
89.000000	15.989000	99.632943	0.002255
90.000000	15.999000	99.757268	0.001986
91.000000	16.009000	99.881671	0.001645
92.000000	16.019000	100.006151	0.001327
93.000000	16.029000	100.130709	0.001840
94.000000	16.039000	100.255344	0.002060
95.000000	16.049000	100.380056	0.001840
96.000000	16.059000	100.504846	0.001791
97.000000	16.069000	100.629714	0.002084
98.000000	16.079000	100.754659	0.001522
99.000000	16.089000	100.879682	0.001718
100.000000	16.099000	101.004783	0.001400
101.000000	16.109000	101.129960	0.001669
102.000000	16.119000	101.255216	0.001474
103.000000	16.129000	101.380548	0.001010
104.000000	16.139000	101.505959	0.001669
105.000000	16.149000	101.631446	0.000888
106.000000	16.159000	101.757012	0.000937
107.000000	16.169000	101.882654	0.000570
108.000000	16.179000	102.008375	0.000033
109.000000	16.189000	102.134174	-0.000040
110.000000	16.199000	102.260049	0.000448
111.000000	16.209000	102.386002	0.001522
112.000000	16.219000	102.512033	0.002035
113.000000	16.229000	102.638141	0.001937
114.000000	16.239000	102.764326	0.001083
115.000000	16.249000	102.890589	0.001132
116.000000	16.259000	103.016929	0.001352
117.000000	16.269000	103.143347	0.002157
118.000000	16.279000	103.269843	0.001278
119.000000	16.289000	103.396416	0.001229
120.000000	16.299000	103.523067	0.002084
121.000000	16.309000	103.649795	0.001181
122.000000	16.319000	103.776602	0.001400
123.000000	16.329000	103.903485	0.001913
124.000000	16.339000	104.030445	0.001522
125.000000	16.349000	104.157484	0.001791
126.000000	16.359000	104.284599	0.001522
127.000000	16.369000	104.411792	0.001620
128.000000	16.379000	104.539063	0.002060
129.000000	16.389000	104.666411	0.001815
130.000000	16.399000	104.793837	0.001596
131.000000	16.409000	104.921340	0.001254
132.000000	16.419000	105.048921	0.001767
133.000000	16.429000	105.176580	0.001132
134.000000	16.439000	105.304315	0.001889
135.000000	16.449000	105.432130	0.002108
136.000000	16.459000	105.560021	0.002133
137.000000	16.469000	105.687989	0.001962
138.000000	16.479000	105.816035	0.002255
139.000000	16.489000	105.944159	0.001669
140.000000	16.499000	106.072360	0.001742
141.000000	16.509000	106.200638	0.001254
142.000000	16.519000	106.328994	0.001742
143.000000	16.529000	106.457428	0.001303
144.000000	16.539000	106.585939	0.000961
145.000000	16.549000	106.714527	0.000424
146.000000	16.559000	106.843193	-0.000870
147.000000	16.569000	106.971937	-0.001432
148.000000	16.579000	107.100760	-0.000968
149.000000	16.589000	107.229658	0.000277
150.000000	16.599000	107.358634	0.000863
151.000000	16.609000	107.487688	0.001449
152.000000	16.619000	107.616819	0.000717
153.000000	16.629000	107.746028	-0.000480
154.000000	16.639000	107.875314	-0.001456
155.000000	16.649000	108.004678	-0.001920
156.000000	16.659000	108.134119	0.001059
157.000000	16.669000	108.263638	0.000595
158.000000	16.679000	108.393234	0.000448
159.000000	16.689000	108.522908	0.001669
160.000000	16.699000	108.652660	0.001107
161.000000	16.709000	108.782490	0.001010
162.000000	16.719000	108.912396	0.001767
163.000000	16.729000	109.042380	0.001498
164.000000	16.739000	109.172442	0.001474
165.000000	16.749000	109.302581	0.000839
166.000000	16.759000	109.432797	0.001254
167.000000	16.769000	109.563091	0.001352
168.000000	16.779000	109.693463	0.000155
169.000000	16.789000	109.823912	-0.000675
170.000000	16.799000	109.954438	-0.000846
171.000000	16.809000	110.085042	0.000766
172.000000	16.819000	110.215724	-0.000089
173.000000	16.829000	110.346484	-0.000211
174.000000	16.839000	110.477321	0.000985
175.000000	16.849000	110.608235	0.001132
176.000000	16.859000	110.739227	0.000619
177.000000	16.869000	110.870296	0.001156
178.000000	16.879000	111.001443	0.001425
179.000000	16.889000	111.132667	0.000985
180.000000	16.899000	111.263969	0.000644
181.000000	16.909000	111.395348	0.000839
182.000000	16.919000	111.526805	0.001596
183.000000	16.929000	111.658339	0.001571
184.000000	16.939000	111.789951	0.001645
185.000000	16.949000	111.921640	0.001449
186.000000	16.959000	112.053409	0.001962
187.000000	16.969000	112.185253	0.001449
188.000000	16.979000	112.317175	0.001278
189.000000	16.989000	112.449174	0.001474
190.000000	16.999000	112.581251	0.001059
191.000000	17.009000	112.713406	0.001059
192.000000	17.019000	112.845638	0.001815
193.000000	17.029000	112.977947	0.001352
194.000000	17.039000	113.110334	0.001352
195.000000	17.049000	113.242799	0.000961
196.000000	17.059000	113.375341	0.001034
197.000000	17.069000	113.507961	0.001229
198.000000	17.079000	113.640658	0.001083
199.000000	17.089000	113.773434	0.001303
200.000000	17.099000	113.906286	0.001010
201.000000	17.109000	114.039216	0.001278
202.000000	17.119000	114.172223	0.001352
203.000000	17.129000	114.305308	0.001205
204.000000	17.139000	114.438470	0.001254
205.000000	17.149000	114.571710	0.000448
206.000000	17.159000	114.705027	0.001254
207.000000	17.169000	114.838422	0.000546
208.000000	17.179000	114.971894	-0.000040
209.000000	17.189000	115.105444	0.000131
210.000000	17.199000	115.239071	0.000741
211.000000	17.209000	115.372776	0.001034
212.000000	17.219000	115.506558	0.001181
213.000000	17.229000	115.640418	0.000521
214.000000	17.239000	115.774356	-0.001871
215.000000	17.249000	115.908371	-0.002994
216.000000	17.259000	116.042463	-0.002384
217.000000	17.269000	116.176633	-0.000284
218.000000	17.279000	116.310884	0.000375
219.000000	17.289000	116.445209	0.000741
220.000000	17.299000	116.579611	0.000814
221.000000	17.309000	116.714091	0.000155
222.000000	17.319000	116.848649	0.001620
223.000000	17.329000	116.983284	-0.000821
224.000000	17.339000	117.117997	0.000131
225.000000	17.349000	117.252787	0.000326
226.000000	17.359000	117.387655	0.000863
227.000000	17.369000	117.522600	0.000448
228.000000	17.379000	117.657622	0.001083
229.000000	17.389000	117.792723	0.000131
230.000000	17.399000	117.927900	0.000985
231.000000	17.409000	118.063156	0.001498
232.000000	17.419000	118.198488	0.000766
233.000000	17.429000	118.333899	0.001205
234.000000	17.439000	118.469387	0.000985
235.000000	17.449000	118.604952	0.000888
236.000000	17.459000	118.740595	0.000546
237.000000	17.469000	118.876315	0.000106
238.000000	17.479000	119.012113	0.001010
239.000000	17.489000	119.147988	0.000790
240.000000	17.499000	119.283941	0.000351
241.000000	17.509000	119.419972	0.000863
242.000000	17.519000	119.556080	0.001010
243.000000	17.529000	119.692265	-0.000138
244.000000	17.539000	119.828532	0.000473
245.000000	17.549000	119.964872	0.000253
246.000000	17.559000	120.101290	-0.000113
247.000000	17.569000	120.237786	0.000692
248.000000	17.579000	120.374359	0.000741
249.000000	17.589000	120.511010	0.000692
250.000000	17.599000	120.647738	0.000180
251.000000	17.609000	120.784543	0.000424
252.000000	17.619000	120.921427	-0.000382
253.000000	17.629000	121.058387	0.000497
254.000000	17.639000	121.195425	0.000228
255.000000	17.649000	121.332541	0.000082
256.000000	17.659000	121.469734	0.000888
257.000000	17.669000	121.607005	0.000692
258.000000	17.679000	121.744354	0.000180
259.000000	17.689000	121.881779	-0.000089
260.000000	17.699000	122.019283	-0.000846
261.000000	17.709000	122.156864	0.000497
262.000000	17.719000	122.294522	0.000741
263.000000	17.729000	122.432258	0.000375
264.000000	17.739000	122.570071	0.000180
265.000000	17.749000	122.707962	0.000302
266.000000	17.759000	122.845931	0.001254
267.000000	17.769000	122.983977	0.000228
268.000000	17.779000	123.122100	0.000790
269.000000	17.789000	123.260304	0.000473
270.000000	17.799000	123.398583	0.000985
271.000000	17.809000	123.536939	0.000424
272.000000	17.819000	123.675373	0.000790
273.000000	17.829000	123.813884	0.000814
274.000000	17.839000	123.952472	0.000155
275.000000	17.849000	124.091138	0.000497
276.000000	17.859000	124.229882	0.000228
277.000000	17.869000	124.368703	0.000766
278.000000	17.879000	124.507602	0.000839
279.000000	17.889000	124.646578	0.000644
280.000000	17.899000	124.785632	0.000619
281.000000	17.909000	124.924763	0.000839
282.000000	17.919000	125.063972	0.000448
283.000000	17.929000	125.203258	0.000912
284.000000	17.939000	125.342622	0.000473
285.000000	17.949000	125.482063	0.000692
286.000000	17.959000	125.621582	0.000277
287.000000	17.969000	125.761179	-0.000382
288.000000	17.979000	125.900853	0.000717
289.000000	17.989000	126.040604	-0.000943
290.000000	17.999000	126.180433	-0.000724
291.000000	18.009000	126.320339	0.000790
292.000000	18.019000	126.460323	0.000082
293.000000	18.029000	126.600385	-0.000968
294.000000	18.039000	126.740524	-0.002213
295.000000	18.049000	126.880744	-0.002872
296.000000	18.059000	127.021038	-0.002018
297.000000	18.069000	127.161409	-0.001456
298.000000	18.079000	127.301858	-0.000089
299.000000	18.089000	127.442385	-0.003531
300.000000	18.099000	127.582989	-0.010636
301.000000	18.109000	127.723671	-0.022867
302.000000	18.119000	127.864430	-0.029801
303.000000	18.129000	128.005267	-0.032071
304.000000	18.139000	128.146181	-0.019522
305.000000	18.149000	128.287173	-0.010172
306.000000	18.159000	128.428242	-0.003605
307.000000	18.169000	128.569389	-0.002213
308.000000	18.179000	128.710613	-0.002677
309.000000	18.189000	128.851915	-0.005777
310.000000	18.199000	128.993294	-0.003458
311.000000	18.209000	129.134751	-0.001529
312.000000	18.219000	129.276285	-0.001554
313.000000	18.229000	129.417897	-0.000602
314.000000	18.239000	129.559587	0.000009
315.000000	18.249000	129.701354	-0.000284
316.000000	18.259000	129.843198	0.000253
317.000000	18.269000	129.985120	-0.000968
318.000000	18.279000	130.127120	0.000399
319.000000	18.289000	130.269197	0.000106
320.000000	18.299000	130.411351	-0.000309
321.000000	18.309000	130.553587	0.000082
322.000000	18.319000	130.695896	0.000375
323.000000	18.329000	130.838283	-0.000040
324.000000	18.339000	130.980748	-0.000357
325.000000	18.349000	131.123290	0.000302
326.000000	18.359000	131.265910	0.000058
327.000000	18.369000	131.408607	0.000180
328.000000	18.379000	131.551382	0.000180
329.000000	18.389000	131.694234	-0.001310
330.000000	18.399000	131.837163	0.000082
331.000000	18.409000	131.980171	0.000082
332.000000	18.419000	132.123255	-0.000919
333.000000	18.429000	132.266418	-0.000284
334.000000	18.439000	132.409658	0.000058
335.000000	18.449000	132.552975	-0.000138
336.000000	18.459000	132.696370	-0.001334
337.000000	18.469000	132.839842	0.000351
338.000000	18.479000	132.983392	0.000399
339.000000	18.489000	133.127019	-0.000235
340.000000	18.499000	133.270724	-0.000016
341.000000	18.509000	133.414507	-0.000699
342.000000	18.519000	133.558367	0.000204
343.000000	18.529000	133.702304	0.000277
344.000000	18.539000	133.846319	0.000106
345.000000	18.549000	133.990412	-0.001261
346.000000	18.559000	134.134585	-0.000480
347.000000	18.569000	134.278833	-0.000577
348.000000	18.579000	134.423158	-0.001261
349.000000	18.589000	134.567561	-0.001407
350.000000	18.599000	134.712041	-0.001725
351.000000	18.609000	134.856598	-0.003067
352.000000	18.619000	135.001234	-0.003800
353.000000	18.629000	135.145946	-0.002897
354.000000	18.639000	135.290736	-0.000895
355.000000	18.649000	135.435604	-0.001749
356.000000	18.659000	135.580549	-0.000846
357.000000	18.669000	135.725572	-0.000406
358.000000	18.679000	135.870673	-0.000626
359.000000	18.689000	136.015850	-0.000772
360.000000	18.699000	136.161106	-0.000650
361.000000	18.709000	136.306438	-0.000113
362.000000	18.719000	136.451849	-0.000480
363.000000	18.729000	136.597337	-0.000089
364.000000	18.739000	136.742902	-0.000260
365.000000	18.749000	136.888545	0.000058
366.000000	18.759000	137.034266	0.000448
367.000000	18.769000	137.180064	-0.000455
368.000000	18.779000	137.325939	0.000180
369.000000	18.789000	137.471892	-0.000309
370.000000	18.799000	137.617923	-0.001407
371.000000	18.809000	137.764031	-0.003336
372.000000	18.819000	137.910220	-0.000943
373.000000	18.829000	138.056483	-0.002726
374.000000	18.839000	138.202823	-0.000333
375.000000	18.849000	138.349241	0.000155
376.000000	18.859000	138.495737	-0.000724
377.000000	18.869000	138.642310	-0.000431
378.000000	18.879000	138.788961	-0.000309
379.000000	18.889000	138.935689	-0.000846
380.000000	18.899000	139.082495	-0.000797
381.000000	18.909000	139.229378	-0.000650
382.000000	18.919000	139.376339	0.000082
383.000000	18.929000	139.523377	0.000326
384.000000	18.939000	139.670493	-0.000528
385.000000	18.949000	139.817686	-0.000113
386.000000	18.959000	139.964957	0.000058
387.000000	18.969000	140.112306	0.000009
388.000000	18.979000	140.259731	-0.001432
389.000000	18.989000	140.407235	-0.000406
390.000000	18.999000	140.554816	-0.000602
391.000000	19.009000	140.702474	-0.000284
392.000000	19.019000	140.850210	-0.001358
393.000000	19.029000	140.998024	-0.000016
394.000000	19.039000	141.145915	-0.000602
395.000000	19.049000	141.293883	-0.001407
396.000000	19.059000	141.441929	-0.001139
397.000000	19.069000	141.590056	-0.001017
398.000000	19.079000	141.738257	-0.001383
399.000000	19.089000	141.886536	-0.001749
400.000000	19.099000	142.034892	-0.001749
401.000000	19.109000	142.183322	-0.002506
402.000000	19.119000	142.331837	-0.000943
403.000000	19.129000	142.480422	-0.000113
404.000000	19.139000	142.629092	0.000009
405.000000	19.149000	142.777832	-0.000309
406.000000	19.159000	142.926657	-0.000357
407.000000	19.169000	143.075552	-0.000480
408.000000	19.179000	143.224532	-0.000187
409.000000	19.189000	143.373582	-0.000480
410.000000	19.199000	143.522717	-0.000040
411.000000	19.209000	143.671929	-0.000919
412.000000	19.219000	143.821212	-0.000650
413.000000	19.229000	143.970580	0.000033
414.000000	19.239000	144.120018	-0.001261
415.000000	19.249000	144.269540	-0.000772
416.000000	19.259000	144.419133	-0.000260
417.000000	19.269000	144.568810	-0.000431
418.000000	19.279000	144.718558	-0.000211
419.000000	19.289000	144.868391	-0.001700
420.000000	19.299000	145.018294	-0.000357
421.000000	19.309000	145.168282	-0.000089
422.000000	19.319000	145.318340	-0.000333
423.000000	19.329000	145.468482	0.000497
424.000000	19.339000	145.618695	-0.000528
425.000000	19.349000	145.768993	-0.000284
426.000000	19.359000	145.919361	-0.000895
427.000000	19.369000	146.069814	-0.000357
428.000000	19.379000	146.220337	-0.000162
429.000000	19.389000	146.370945	0.000082
430.000000	19.399000	146.521623	-0.000016
431.000000	19.409000	146.672386	-0.000431
432.000000	19.419000	146.823219	-0.000431
433.000000	19.429000	146.974137	-0.000064
434.000000	19.439000	147.125125	0.000106
435.000000	19.449000	147.276198	-0.000333
436.000000	19.459000	147.427348	-0.000260
437.000000	19.469000	147.578569	-0.000431
438.000000	19.479000	147.729874	-0.001139
439.000000	19.489000	147.881250	-0.001212
440.000000	19.499000	148.032711	-0.000357
441.000000	19.509000	148.184242	-0.000113
442.000000	19.519000	148.335857	-0.000235
443.000000	19.529000	148.487543	-0.001188
444.000000	19.539000	148.639314	-0.001480
445.000000	19.549000	148.791155	-0.001334
446.000000	19.559000	148.943080	-0.002481
447.000000	19.569000	149.095076	-0.001529
448.000000	19.579000	149.247157	-0.001065
449.000000	19.589000	149.399308	-0.000650
450.000000	19.599000	149.551544	-0.000797
451.000000	19.609000	149.703850	-0.001871
452.000000	19.619000	149.856240	-0.001944
453.000000	19.629000	150.008701	-0.000821
454.000000	19.639000	150.161247	-0.001236
455.000000	19.649000	150.313863	-0.001603
456.000000	19.659000	150.466564	-0.001261
457.000000	19.669000	150.619335	-0.000504
458.000000	19.679000	150.772191	-0.001261
459.000000	19.689000	150.925117	-0.001188
460.000000	19.699000	151.078128	-0.001090
461.000000	19.709000	151.231217	-0.001041
462.000000	19.719000	151.384376	-0.001505
463.000000	19.729000	151.537619	-0.000870
464.000000	19.739000	151.690933	-0.002091
465.000000	19.749000	151.844332	-0.004142
466.000000	19.759000	151.997800	-0.004142
467.000000	19.769000	152.151354	-0.002115
468.000000	19.779000	152.304978	-0.001529
469.000000	19.789000	152.458686	-0.001871
470.000000	19.799000	152.612465	-0.002164
471.000000	19.809000	152.766329	-0.003092
472.000000	19.819000	152.920263	-0.003897
473.000000	19.829000	153.074282	-0.003629
474.000000	19.839000	153.228371	-0.001749
475.000000	19.849000	153.382544	-0.002359
476.000000	19.859000	153.536788	-0.002945
477.000000	19.869000	153.691117	-0.007389
478.000000	19.879000	153.845516	-0.006998
479.000000	19.889000	154.000000	-0.008048
480.000000	19.899000	154.154554	-0.004923
481.000000	19.909000	154.309193	-0.004264
482.000000	19.919000	154.463902	-0.002579
483.000000	19.929000	154.618696	-0.002262
484.000000	19.939000	154.773560	-0.001773
485.000000	19.949000	154.928509	-0.001798
486.000000	19.959000	155.083528	-0.000748
487.000000	19.969000	155.238632	-0.001139
488.000000	19.979000	155.393814	-0.002091
489.000000	19.989000	155.549066	-0.001261
490.000000	19.999000	155.704402	-0.001041
491.000000	20.009000	155.859809	-0.003116
492.000000	20.019000	156.015301	-0.001334
493.000000	20.029000	156.170862	-0.000943
494.000000	20.039000	156.326509	-0.000870
495.000000	20.049000	156.482226	-0.000333
496.000000	20.059000	156.638028	-0.000211
497.000000	20.069000	156.793899	-0.001188
498.000000	20.079000	156.949856	-0.002091
499.000000	20.089000	157.105883	-0.001114
500.000000	20.099000	157.261995	-0.000919
501.000000	20.109000	157.418177	-0.001529
502.000000	20.119000	157.574444	-0.000846
503.000000	20.129000	157.730781	-0.000968
504.000000	20.139000	157.887203	-0.000626
505.000000	20.149000	158.043695	-0.000992
506.000000	20.159000	158.200272	-0.000528
507.000000	20.169000	158.356919	-0.000943
508.000000	20.179000	158.513651	-0.001676
509.000000	20.189000	158.670453	-0.001505
510.000000	20.199000	158.827340	-0.002408
511.000000	20.209000	158.984297	-0.001578
512.000000	20.219000	159.141339	-0.001090
513.000000	20.229000	159.298459	-0.000968
514.000000	20.239000	159.455648	-0.000870
515.000000	20.249000	159.612923	-0.001236
516.000000	20.259000	159.770268	-0.001334
517.000000	20.269000	159.927697	-0.001261
518.000000	20.279000	160.085197	-0.001261
519.000000	20.289000	160.242782	-0.001554
520.000000	20.299000	160.400437	-0.000650
521.000000	20.309000	160.558176	-0.000553
522.000000	20.319000	160.715986	-0.001627
523.000000	20.329000	160.873881	-0.000699
524.000000	20.339000	161.031846	-0.000675
525.000000	20.349000	161.189896	-0.000968
526.000000	20.359000	161.348016	-0.001236
527.000000	20.369000	161.506220	-0.000577
528.000000	20.379000	161.664495	-0.000870
529.000000	20.389000	161.822855	-0.001261
530.000000	20.399000	161.981285	-0.000895
531.000000	20.409000	162.139800	-0.002140
532.000000	20.419000	162.298385	-0.000992
533.000000	20.429000	162.457055	-0.000919
534.000000	20.439000	162.615795	-0.000968
535.000000	20.449000	162.774620	-0.001065
536.000000	20.459000	162.933515	-0.001114
537.000000	20.469000	163.092496	-0.000528
538.000000	20.479000	163.251553	-0.001188
539.000000	20.489000	163.410681	-0.001725
540.000000	20.499000	163.569894	-0.001627
541.000000	20.509000	163.729176	-0.001041
542.000000	20.519000	163.888544	-0.001456
543.000000	20.529000	164.047982	-0.001163
544.000000	20.539000	164.207504	-0.001090
545.000000	20.549000	164.367097	-0.001261
546.000000	20.559000	164.526775	-0.000724
547.000000	20.569000	164.686523	-0.001017
548.000000	20.579000	164.846356	-0.000846
549.000000	20.589000	165.006258	-0.002237
550.000000	20.599000	165.166246	-0.001700
551.000000	20.609000	165.326304	-0.002213
552.000000	20.619000	165.486447	-0.001651
553.000000	20.629000	165.646660	-0.001383
554.000000	20.639000	165.806958	-0.000870
555.000000	20.649000	165.967326	-0.001334
556.000000	20.659000	166.127779	-0.000797
557.000000	20.669000	166.288302	-0.002164
558.000000	20.679000	166.448910	-0.001212
559.000000	20.689000	166.609588	-0.000919
560.000000	20.699000	166.770351	-0.001700
561.000000	20.709000	166.931184	-0.000772
562.000000	20.719000	167.092102	-0.001041
563.000000	20.729000	167.253090	-0.001822
564.000000	20.739000	167.414164	-0.001529
565.000000	20.749000	167.575314	-0.002018
566.000000	20.759000	167.736535	-0.001432
567.000000	20.769000	167.897841	-0.001700
568.000000	20.779000	168.059216	-0.001261
569.000000	20.789000	168.220677	-0.001847
570.000000	20.799000	168.382208	-0.002091
571.000000	20.809000	168.543824	-0.002359
572.000000	20.819000	168.705509	-0.001529
573.000000	20.829000	168.867280	-0.003336
574.000000	20.839000	169.029121	-0.001725
575.000000	20.849000	169.191047	-0.002042
576.000000	20.859000	169.353043	-0.001651
577.000000	20.869000	169.515124	-0.001432
578.000000	20.879000	169.677275	-0.002018
579.000000	20.889000	169.839511	-0.002311
580.000000	20.899000	170.001816	-0.001261
581.000000	20.909000	170.164208	-0.002555
582.000000	20.919000	170.326668	-0.001261
583.000000	20.929000	170.489215	-0.000919
584.000000	20.939000	170.651831	-0.001041
585.000000	20.949000	170.814532	-0.001383
586.000000	20.959000	170.977303	-0.001163
587.000000	20.969000	171.140159	-0.001285
588.000000	20.979000	171.303085	-0.000919
589.000000	20.989000	171.466096	-0.001114
590.000000	20.999000	171.629185	-0.001017
591.000000	21.009000	171.792343	-0.001505
592.000000	21.019000	171.955587	-0.001188
593.000000	21.029000	172.118901	-0.001383
594.000000	21.039000	172.282300	-0.000846
595.000000	21.049000	172.445768	-0.001236
596.000000	21.059000	172.609322	-0.001407
597.000000	21.069000	172.772946	-0.001114
598.000000	21.079000	172.936655	-0.001114
599.000000	21.089000	173.100434	-0.001114
600.000000	21.099000	173.264298	-0.001847
601.000000	21.109000	173.428231	-0.001236
602.000000	21.119000	173.592250	-0.001676
603.000000	21.129000	173.756339	-0.001090
604.000000	21.139000	173.920513	-0.001725
605.000000	21.149000	174.084757	-0.001236
606.000000	21.159000	174.249086	-0.000992
607.000000	21.169000	174.413485	-0.001065
608.000000	21.179000	174.577969	-0.002042
609.000000	21.189000	174.742523	-0.002237
610.000000	21.199000	174.907162	-0.002994
611.000000	21.209000	175.071871	-0.001285
612.000000	21.219000	175.236665	-0.001212
613.000000	21.229000	175.401529	-0.001651
614.000000	21.239000	175.566479	-0.001188
615.000000	21.249000	175.731506	-0.001261
616.000000	21.259000	175.896602	-0.001432
617.000000	21.269000	176.061784	-0.001114
618.000000	21.279000	176.227035	-0.001065
619.000000	21.289000	176.392372	-0.001114
620.000000	21.299000	176.557779	-0.000553
621.000000	21.309000	176.723271	-0.001285
622.000000	21.319000	176.888833	-0.001285
623.000000	21.329000	177.054480	-0.002115
624.000000	21.339000	177.220196	-0.001065
625.000000	21.349000	177.385998	-0.001358
626.000000	21.359000	177.551870	-0.001407
627.000000	21.369000	177.717827	-0.001603
628.000000	21.379000	177.883854	-0.002189
629.000000	21.389000	178.049966	-0.002359
630.000000	21.399000	178.216148	-0.001749
631.000000	21.409000	178.382415	-0.000992
632.000000	21.419000	178.548752	-0.002164
633.000000	21.429000	178.715174	-0.001993
634.000000	21.439000	178.881666	-0.000748
635.000000	21.449000	179.048243	-0.001480
636.000000	21.459000	179.214890	-0.000772
637.000000	21.469000	179.381622	-0.000919
638.000000	21.479000	179.548424	-0.002652
639.000000	21.489000	179.715311	-0.001114
640.000000	21.499000	179.882268	-0.001480
641.000000	21.509000	180.049311	-0.001627
642.000000	21.519000	180.216431	-0.001554
643.000000	21.529000	180.383620	-0.002213
644.000000	21.539000	180.550895	-0.001749
645.000000	21.549000	180.718240	-0.002140
646.000000	21.559000	180.885670	-0.001505
647.000000	21.569000	181.053169	-0.001017
648.000000	21.579000	181.220754	-0.001896
649.000000	21.589000	181.388409	-0.001090
650.000000	21.599000	181.556149	-0.001212
651.000000	21.609000	181.723958	-0.002237
652.000000	21.619000	181.891854	-0.001627
653.000000	21.629000	182.059818	-0.001896
654.000000	21.639000	182.227868	-0.000992
655.000000	21.649000	182.395988	-0.001578
656.000000	21.659000	182.564193	-0.001651
657.000000	21.669000	182.732468	-0.001944
658.000000	21.679000	182.900828	-0.001969
659.000000	21.689000	183.069258	-0.001773
660.000000	21.699000	183.237774	-0.002066
661.000000	21.709000	183.406358	-0.001578
662.000000	21.719000	183.575029	-0.001236
663.000000	21.729000	183.743769	-0.001358
664.000000	21.739000	183.912594	-0.001407
665.000000	21.749000	184.081489	-0.001700
666.000000	21.759000	184.250469	-0.001871
667.000000	21.769000	184.419527	-0.001285
668.000000	21.779000	184.588655	-0.002872
669.000000	21.789000	184.757868	-0.001773
670.000000	21.799000	184.927150	-0.002066
671.000000	21.809000	185.096518	-0.002311
672.000000	21.819000	185.265956	-0.003629
673.000000	21.829000	185.435479	-0.003775
674.000000	21.839000	185.605071	-0.006852
675.000000	21.849000	185.774749	-0.008146
676.000000	21.859000	185.944497	-0.007486
677.000000	21.869000	186.114330	-0.006876
678.000000	21.879000	186.284233	-0.002823
679.000000	21.889000	186.454221	-0.002189
680.000000	21.899000	186.624279	-0.002457
681.000000	21.909000	186.794422	-0.001944
682.000000	21.919000	186.964635	-0.002970
683.000000	21.929000	187.134933	-0.001993
684.000000	21.939000	187.305301	-0.001651
685.000000	21.949000	187.475754	-0.001529
686.000000	21.959000	187.646277	-0.002433
687.000000	21.969000	187.816885	-0.002262
688.000000	21.979000	187.987563	-0.001041
689.000000	21.989000	188.158326	-0.001285
690.000000	21.999000	188.329159	-0.001480
691.000000	22.009000	188.500078	-0.001310
692.000000	22.019000	188.671074	-0.001798
693.000000	22.029000	188.842139	-0.001847
694.000000	22.039000	189.013290	-0.001847
695.000000	22.049000	189.184511	-0.001090
696.000000	22.059000	189.355817	-0.001773
697.000000	22.069000	189.527192	-0.002189
698.000000	22.079000	189.698653	-0.002579
699.000000	22.089000	189.870184	-0.001676
700.000000	22.099000	190.041800	-0.003019
701.000000	22.109000	190.213486	-0.002872
702.000000	22.119000	190.385257	-0.003482
703.000000	22.129000	190.557097	-0.003482
704.000000	22.139000	190.729024	-0.004313
705.000000	22.149000	190.901019	-0.004776
706.000000	22.159000	191.073101	-0.003824
707.000000	22.169000	191.245251	-0.002921
708.000000	22.179000	191.417488	-0.002897
709.000000	22.189000	191.589793	-0.003263
710.000000	22.199000	191.762185	-0.003385
711.000000	22.209000	191.934645	-0.002628
712.000000	22.219000	192.107192	-0.001627
713.000000	22.229000	192.279808	-0.003067
714.000000	22.239000	192.452509	-0.002262
715.000000	22.249000	192.625280	-0.002213
716.000000	22.259000	192.798136	-0.001676
717.000000	22.269000	192.971070	-0.002189
718.000000	22.279000	193.144074	-0.002042
719.000000	22.289000	193.317163	-0.002433
720.000000	22.299000	193.490321	-0.001603
721.000000	22.309000	193.663565	-0.002042
722.000000	22.319000	193.836879	-0.002115
723.000000	22.329000	194.010278	-0.002799
724.000000	22.339000	194.183746	-0.003116
725.000000	22.349000	194.357301	-0.002408
726.000000	22.359000	194.530924	-0.003702
727.000000	22.369000	194.704633	-0.002628
728.000000	22.379000	194.878412	-0.002384
729.000000	22.389000	195.052276	-0.003141
730.000000	22.399000	195.226210	-0.002555
731.000000	22.409000	195.400229	-0.002799
732.000000	22.419000	195.574318	-0.002262
733.000000	22.429000	195.748492	-0.002945
734.000000	22.439000	195.922736	-0.002579
735.000000	22.449000	196.097065	-0.002848
736.000000	22.459000	196.271464	-0.002579
737.000000	22.469000	196.445948	-0.003507
738.000000	22.479000	196.620502	-0.002237
739.000000	22.489000	196.795142	-0.003092
740.000000	22.499000	196.969850	-0.001944
741.000000	22.509000	197.144645	-0.002311
742.000000	22.519000	197.319509	-0.002604
743.000000	22.529000	197.494458	-0.001017
744.000000	22.539000	197.669485	-0.003653
745.000000	22.549000	197.844582	-0.001798
746.000000	22.559000	198.019764	-0.002164
747.000000	22.569000	198.195015	-0.001822
748.000000	22.579000	198.370353	-0.001432
749.000000	22.589000	198.545759	-0.001822
750.000000	22.599000	198.721251	-0.001847
751.000000	22.609000	198.896813	-0.002091
752.000000	22.619000	199.072460	-0.002042
753.000000	22.629000	199.248176	-0.002384
754.000000	22.639000	199.423979	-0.002018
755.000000	22.649000	199.599850	-0.002164
756.000000	22.659000	199.775808	-0.002042
757.000000	22.669000	199.951834	-0.002237
758.000000	22.679000	200.127947	-0.001725
759.000000	22.689000	200.304128	-0.001578
760.000000	22.699000	200.480396	-0.002311
761.000000	22.709000	200.656732	-0.001383
762.000000	22.719000	200.833155	-0.001651
763.000000	22.729000	201.009647	-0.002311
764.000000	22.739000	201.186224	-0.003116
765.000000	22.749000	201.362871	-0.003629
766.000000	22.759000	201.539603	-0.003727
767.000000	22.769000	201.716405	-0.005313
768.000000	22.779000	201.893293	-0.004239
769.000000	22.789000	202.070258	-0.003580
770.000000	22.799000	202.247292	-0.003434
771.000000	22.809000	202.424413	-0.002066
772.000000	22.819000	202.601602	-0.002237
773.000000	22.829000	202.778877	-0.001749
774.000000	22.839000	202.956221	-0.002262
775.000000	22.849000	203.133652	-0.001896
776.000000	22.859000	203.311151	-0.001700
777.000000	22.869000	203.488737	-0.001871
778.000000	22.879000	203.666391	-0.002359
779.000000	22.889000	203.844131	-0.002677
780.000000	22.899000	204.021941	-0.002237
781.000000	22.909000	204.199836	-0.001700
782.000000	22.919000	204.377801	-0.001578
783.000000	22.929000	204.555851	-0.002335
784.000000	22.939000	204.733971	-0.002384
785.000000	22.949000	204.912176	-0.002628
786.000000	22.959000	205.090451	-0.002066
787.000000	22.969000	205.268811	-0.003263
788.000000	22.979000	205.447241	-0.002921
789.000000	22.989000	205.625757	-0.003482
790.000000	22.999000	205.804341	-0.005680
791.000000	23.009000	205.983012	-0.004190
792.000000	23.019000	206.161752	-0.005924
793.000000	23.029000	206.340577	-0.003214
794.000000	23.039000	206.519481	-0.003995
795.000000	23.049000	206.698453	-0.002701
796.000000	23.059000	206.877511	-0.002457
797.000000	23.069000	207.056638	-0.003360
798.000000	23.079000	207.235852	-0.001969
799.000000	23.089000	207.415134	-0.002799
800.000000	23.099000	207.594502	-0.002164
801.000000	23.109000	207.773948	-0.002750
802.000000	23.119000	207.953455	-0.002384
803.000000	23.129000	208.133055	-0.003287
804.000000	23.139000	208.312734	-0.002750
805.000000	23.149000	208.492490	-0.004190
806.000000	23.158999	208.672306	-0.003775
807.000000	23.169000	208.852217	-0.003849
808.000000	23.179000	209.032206	-0.003702
809.000000	23.189000	209.212272	-0.004020
810.000000	23.198999	209.392398	-0.004239
811.000000	23.209000	209.572619	-0.003116
812.000000	23.219000	209.752918	-0.003019
813.000000	23.229000	209.933294	-0.003312
814.000000	23.238999	210.113731	-0.002506
815.000000	23.249000	210.294262	-0.002799
816.000000	23.259000	210.474870	-0.002481
817.000000	23.269000	210.655557	-0.001798
818.000000	23.278999	210.836303	-0.002506
819.000000	23.289000	211.017145	-0.002262
820.000000	23.299000	211.198063	-0.002945
821.000000	23.309000	211.379060	-0.001798
822.000000	23.319000	211.560133	-0.002140
823.000000	23.329000	211.741268	-0.002872
824.000000	23.339000	211.922496	-0.002311
825.000000	23.349000	212.103803	-0.001505
826.000000	23.359000	212.285187	-0.002042
827.000000	23.369000	212.466631	-0.002189
828.000000	23.379000	212.648170	-0.002213
829.000000	23.389000	212.829786	-0.002213
830.000000	23.399000	213.011480	-0.003263
831.000000	23.408999	213.193235	-0.002189
832.000000	23.419000	213.375084	-0.002018
833.000000	23.429000	213.557010	-0.002286
834.000000	23.439000	213.739014	-0.002579
835.000000	23.448999	213.921079	-0.002701
836.000000	23.459000	214.103238	-0.001725
837.000000	23.469000	214.285474	-0.002311
838.000000	23.479000	214.467789	-0.001822
839.000000	23.488999	214.650163	-0.002359
840.000000	23.499000	214.832632	-0.001871
841.000000	23.509000	215.015179	-0.003043
842.000000	23.519000	215.197803	-0.001944
843.000000	23.528999	215.380488	-0.002189
844.000000	23.539000	215.563267	-0.002262
845.000000	23.549000	215.746124	-0.002189
846.000000	23.559000	215.929058	-0.001773
847.000000	23.569000	216.112070	-0.002286
848.000000	23.579000	216.295142	-0.002628
849.000000	23.589000	216.478309	-0.002408
850.000000	23.599000	216.661553	-0.001676
851.000000	23.609000	216.844875	-0.002042
852.000000	23.619000	217.028257	-0.001896
853.000000	23.629000	217.211734	-0.002335
854.000000	23.639000	217.395289	-0.001847
855.000000	23.649000	217.578921	-0.001847
856.000000	23.658999	217.762613	-0.001993
857.000000	23.669000	217.946400	-0.002018
858.000000	23.679000	218.130265	-0.002481
859.000000	23.689000	218.314207	-0.002677
860.000000	23.698999	218.498209	-0.001993
861.000000	23.709000	218.682306	-0.002066
862.000000	23.719000	218.866481	-0.002164
863.000000	23.729000	219.050733	-0.003824
864.000000	23.738999	219.235045	-0.003067
865.000000	23.749000	219.419453	-0.003995
866.000000	23.759000	219.603937	-0.004117
867.000000	23.769000	219.788500	-0.005802
868.000000	23.778999	219.973122	-0.004874
869.000000	23.789000	220.157839	-0.003214
870.000000	23.799000	220.342634	-0.002994
871.000000	23.809000	220.527507	-0.002774
872.000000	23.819000	220.712457	-0.002164
873.000000	23.829000	220.897466	-0.002994
874.000000	23.839000	221.082571	-0.002579
875.000000	23.849000	221.267754	-0.003775
876.000000	23.859000	221.453014	-0.003702
877.000000	23.869000	221.638334	-0.002189
878.000000	23.879000	221.823749	-0.003385
879.000000	23.889000	222.009241	-0.003189
880.000000	23.899000	222.194812	-0.002384
881.000000	23.908999	222.380441	-0.002774
882.000000	23.919000	222.566167	-0.002530
883.000000	23.929000	222.751969	-0.003287
884.000000	23.939000	222.937849	-0.002457
885.000000	23.948999	223.123789	-0.002286
886.000000	23.959000	223.309825	-0.002774
887.000000	23.969000	223.495937	-0.004874
888.000000	23.979000	223.682128	-0.002823
889.000000	23.988999	223.868378	-0.003849
890.000000	23.999000	224.054723	-0.002897
891.000000	24.009000	224.241146	-0.002604
892.000000	24.019000	224.427646	-0.001700
893.000000	24.028999	224.614206	-0.002506
894.000000	24.039000	224.800862	-0.002189
895.000000	24.049000	224.987595	-0.002311
896.000000	24.059000	225.174405	-0.002945
897.000000	24.069000	225.361293	-0.002897
898.000000	24.079000	225.548241	-0.003458
899.000000	24.089000	225.735284	-0.003067
900.000000	24.099000	225.922404	-0.003556
901.000000	24.109000	226.109602	-0.002335
902.000000	24.119000	226.296860	-0.002848
903.000000	24.129000	226.484213	-0.002897
904.000000	24.139000	226.671644	-0.002530
905.000000	24.149000	226.859152	-0.003849
906.000000	24.158999	227.046720	-0.002677
907.000000	24.169000	227.234383	-0.003727
908.000000	24.179000	227.422124	-0.003263
909.000000	24.189000	227.609942	-0.004044
910.000000	24.198999	227.797820	-0.004703
911.000000	24.209000	227.985793	-0.003531
912.000000	24.219000	228.173844	-0.003385
913.000000	24.229000	228.361972	-0.003092
914.000000	24.238999	228.550160	-0.002457
915.000000	24.249000	228.738444	-0.003067
916.000000	24.259000	228.926804	-0.002872
917.000000	24.269000	229.115243	-0.002433
918.000000	24.278999	229.303741	-0.002359
919.000000	24.289000	229.492334	-0.002457
920.000000	24.299000	229.681005	-0.002555
921.000000	24.309000	229.869754	-0.002774
922.000000	24.319000	230.058580	-0.002408
923.000000	24.329000	230.247465	-0.003385
924.000000	24.339000	230.436446	-0.004776
925.000000	24.349000	230.625505	-0.003116
926.000000	24.359000	230.814641	-0.003922
927.000000	24.369000	231.003837	-0.003263
928.000000	24.379000	231.193128	-0.003263
929.000000	24.389000	231.382496	-0.003238
930.000000	24.399000	231.571943	-0.003922
931.000000	24.408999	231.761448	-0.002823
932.000000	24.419000	231.951049	-0.002189
933.000000	24.429000	232.140728	-0.002408
934.000000	24.439000	232.330485	-0.002384
935.000000	24.448999	232.520300	-0.002335
936.000000	24.459000	232.710212	-0.002433
937.000000	24.469000	232.900200	-0.002335
938.000000	24.479000	233.090267	-0.002237
939.000000	24.488999	233.280393	-0.002237
940.000000	24.499000	233.470614	-0.003141
941.000000	24.509000	233.660913	-0.003312
942.000000	24.519000	233.851289	-0.003409
943.000000	24.528999	234.041725	-0.002579
944.000000	24.539000	234.232257	-0.002555
945.000000	24.549000	234.422866	-0.002359
946.000000	24.559000	234.613552	-0.003336
947.000000	24.568999	234.804298	-0.002921
948.000000	24.579000	234.995140	-0.002628
949.000000	24.589000	235.186059	-0.002701
950.000000	24.599000	235.377055	-0.002897
951.000000	24.609000	235.568130	-0.001969
952.000000	24.619000	235.759263	-0.002457
953.000000	24.629000	235.950492	-0.002628
954.000000	24.639000	236.141799	-0.002848
955.000000	24.649000	236.333183	-0.001676
956.000000	24.658999	236.524627	-0.002579
957.000000	24.669000	236.716166	-0.002530
958.000000	24.679000	236.907783	-0.002530
959.000000	24.689000	237.099477	-0.003238
960.000000	24.698999	237.291231	-0.003214
961.000000	24.709000	237.483080	-0.003727
962.000000	24.719000	237.675007	-0.003360
963.000000	24.729000	237.867011	-0.002799
964.000000	24.738999	238.059075	-0.002823
965.000000	24.749000	238.251234	-0.002921
966.000000	24.759000	238.443471	-0.002237
967.000000	24.769000	238.635786	-0.002140
968.000000	24.778999	238.828159	-0.002799
969.000000	24.789000	239.020629	-0.002359
970.000000	24.799000	239.213176	-0.002530
971.000000	24.809000	239.405801	-0.001749
972.000000	24.818999	239.598484	-0.002774
973.000000	24.829000	239.791264	-0.002628
974.000000	24.839000	239.984121	-0.002677
975.000000	24.849000	240.177056	-0.001627
976.000000	24.859000	240.370068	-0.001578
977.000000	24.869000	240.563139	-0.001847
978.000000	24.879000	240.756307	-0.002262
979.000000	24.889000	240.949551	-0.002091
980.000000	24.899000	241.142874	-0.002604
981.000000	24.908999	241.336255	-0.002384
982.000000	24.919000	241.529732	-0.001920
983.000000	24.929000	241.723287	-0.001896
984.000000	24.939000	241.916920	-0.001578
985.000000	24.948999	242.110611	-0.002213
986.000000	24.959000	242.304398	-0.002628
987.000000	24.969000	242.498263	-0.002555
988.000000	24.979000	242.692206	-0.002652
989.000000	24.988999	242.886207	-0.001847
990.000000	24.999000	243.080305	-0.002262
991.000000	25.009000	243.274480	-0.001749
992.000000	25.019000	243.468732	-0.001407
993.000000	25.028999	243.663044	-0.002311
994.000000	25.039000	243.857451	-0.002213
995.000000	25.049000	244.051937	-0.002457
996.000000	25.059000	244.246499	-0.002140
997.000000	25.068999	244.441121	-0.002872
998.000000	25.079000	244.635838	-0.002457
999.000000	25.089000	244.830634	-0.002628
