9.124172400000000493e+01 3.768213438184952156e-04
9.136069999999999425e+01 2.476184510968077075e-04
9.147975399999999979e+01 4.604108361989456624e-04
9.159888499999999567e+01 3.311985596656328440e-04
9.171809399999999357e+01 1.769815609561470847e-04
9.183737999999999602e+01 3.167599006112086640e-04
9.195674400000000048e+01 6.025335180900974474e-04
9.207618499999999528e+01 5.953024739335350222e-04
9.219570400000000632e+01 4.170667076007989263e-04
9.231529999999999347e+01 3.608262796326120597e-04
9.243497399999999686e+01 1.585811294882518048e-04
9.255472600000000227e+01 2.483312571677190501e-04
9.267455499999999802e+01 6.080767232117347855e-04
9.279446099999999831e+01 3.808175276202975870e-04
9.291444500000000062e+01 5.685536098526881681e-04
9.303450599999999326e+01 8.052850304496265293e-04
9.315464500000000214e+01 5.300117288703919301e-04
9.327486199999999883e+01 3.517337051149854038e-04
9.339515600000000006e+01 3.684510197241265203e-04
9.351552800000000332e+01 3.371636121570951126e-04
9.363597599999999943e+01 3.298716034953316431e-04
9.375650299999999504e+01 5.665748121166762352e-04
9.387710699999999520e+01 5.592733591025678824e-04
9.399778899999999737e+01 5.519671839122868712e-04
9.411854800000000409e+01 6.666563470865533546e-04
9.423938499999999863e+01 2.933407880846483282e-04
9.436029899999999770e+01 1.390205674472906605e-04
9.448129000000000133e+01 5.956956851744803390e-04
9.460236000000000445e+01 5.643660201847776337e-04
9.472350699999999790e+01 3.130316935596230005e-04
9.484473099999999590e+01 3.296927052990161582e-04
9.496603299999999592e+01 4.443489948622366542e-04
9.508741200000000049e+01 1.690006227900043428e-04
9.520886900000000708e+01 4.296475285415998248e-04
9.533040300000000400e+01 2.512897726577429346e-04
9.545201500000000294e+01 1.469272945977141004e-04
9.557370400000000643e+01 3.585601549022329228e-04
9.569547199999999521e+01 3.031882324898596374e-04
9.581731600000000526e+01 2.468117089827527068e-04
9.593923800000000313e+01 2.144304632994745684e-04
9.606123700000000554e+01 3.540445559807436221e-04
9.618331399999999576e+01 3.706539264858410392e-04
9.630546900000000221e+01 2.172585748147649182e-04
9.642770099999999900e+01 3.558585615082376051e-04
9.655001000000000033e+01 3.484538865662573440e-04
9.667239700000000369e+01 2.440444894481045603e-04
9.679486199999999485e+01 8.963037015377985431e-05
9.691740400000000477e+01 3.022115892240017677e-04
9.704002400000000250e+01 5.147880861180523238e-04
9.716272100000000478e+01 3.363599213766499396e-04
9.728549599999999486e+01 3.289270344590763430e-04
9.740834800000000371e+01 4.434894859060493737e-04
9.753127700000000289e+01 3.870472757175700412e-04
9.765428400000000408e+01 4.286003433529189145e-04
9.777736899999999309e+01 1.521486888120954228e-04
9.790053199999999833e+01 2.426923120950985439e-04
9.802377199999999391e+01 6.992312737426503201e-04
9.814708899999999403e+01 2.277655737547494390e-04
9.827048399999999617e+01 5.132951515906757599e-04
9.839395600000000286e+01 2.368200677911502967e-04
9.851750599999999736e+01 3.763402618154527458e-04
9.864113399999999388e+01 3.928557336635822572e-04
9.876483799999999746e+01 1.903666044169795464e-04
9.888862100000000055e+01 2.318726924534840299e-04
9.901248099999999397e+01 1.753741188545371657e-04
9.913641800000000615e+01 2.898708836201369272e-04
9.926043300000000613e+01 2.583629262095646015e-04
9.938452499999999645e+01 4.458503071635405018e-04
9.950869600000000048e+01 3.893329054006234441e-04
9.963294299999999737e+01 4.308109025429741716e-04
9.975726799999999628e+01 1.302841775091528181e-04
9.988167099999999721e+01 3.907527302991586730e-04
1.000061510000000027e+02 1.152166214537122917e-04
1.001307079999999985e+02 2.296758509728142814e-04
1.002553439999999938e+02 4.911302977750227339e-04
1.003800569999999936e+02 3.859425746381606355e-04
1.005048469999999980e+02 2.572208403636136106e-04
1.006297140000000070e+02 2.744949585328582478e-04
1.007546590000000037e+02 -2.351247184693983083e-07
1.008796820000000025e+02 5.050305906096285401e-04
1.010047820000000058e+02 4.252921583815182614e-04
1.011299609999999944e+02 2.235494708684691856e-04
1.012552160000000043e+02 1.188026896635774321e-04
1.013805480000000045e+02 3.905176090247819420e-05
1.015059590000000043e+02 1.542965768564392992e-04
1.016314459999999968e+02 3.185372991185595956e-04
1.017570120000000031e+02 6.047737660957387858e-04
1.018826549999999997e+02 5.980060855167112187e-04
1.020083759999999984e+02 5.912342035171093586e-04
1.021341730000000041e+02 3.644582278256656808e-04
1.022600489999999951e+02 3.086779968492830636e-04
1.023860020000000048e+02 3.998936183166918075e-04
1.025120320000000049e+02 2.951050922278932245e-04
1.026381410000000045e+02 9.331231085415482573e-05
1.027643259999999970e+02 4.035154357885754883e-04
1.028905890000000056e+02 4.457143593024214152e-04
1.030169300000000021e+02 3.899090813956939197e-04
1.031433480000000031e+02 6.609965593275864831e-05
1.032698429999999945e+02 3.522860829136163427e-04
1.033964160000000021e+02 1.744683084738993077e-04
1.035230669999999975e+02 1.436463326136097098e-04
1.036497949999999975e+02 3.078202091971113386e-04
1.037766009999999994e+02 3.009898843600393968e-04
1.039034840000000059e+02 4.401554119667599844e-04
1.040304450000000003e+02 3.113167381529067038e-04
1.041574829999999992e+02 4.994739167828456637e-04
1.042845990000000000e+02 2.736268939922108928e-04
1.044117920000000055e+02 2.417757236453685170e-04
1.045390629999999987e+02 6.392035187795285303e-05
1.046664119999999940e+02 2.530607786899630347e-04
1.047938379999999938e+02 1.197057945765463843e-06
1.049213409999999982e+02 3.363291896453604081e-04
1.050489220000000046e+02 2.324571199243804717e-04
1.051765800000000013e+02 2.985809026471945155e-04
1.053043160000000000e+02 4.377004839494339807e-04
1.054321300000000008e+02 8.881586383109986785e-05
1.055600199999999944e+02 2.529271500209245155e-04
1.056879890000000017e+02 3.680341809258083456e-04
1.058160349999999994e+02 1.661370642744852688e-04
1.059441580000000016e+02 2.322358000669544342e-04
1.060723590000000058e+02 4.453303344388488683e-04
1.062006379999999979e+02 4.144206673901708847e-04
1.063289950000000061e+02 2.365067989209181792e-04
1.064574290000000047e+02 4.485887828954582962e-04
1.065859399999999937e+02 2.666619313790915408e-06
1.067145280000000014e+02 1.670234848343528714e-04
1.068431939999999969e+02 6.977409120390042942e-04
1.069719379999999944e+02 3.254545306176151453e-04
1.071007589999999965e+02 4.901643893987250346e-04
1.072296580000000006e+02 4.838704395537947976e-04
1.073586339999999950e+02 3.305727299113647537e-04
1.074876869999999940e+02 4.952712604714333035e-04
1.076168190000000067e+02 4.399659335769228602e-04
1.077460269999999980e+02 2.386568957134511774e-04
1.078753140000000030e+02 4.033440003953997835e-04
1.080046789999999959e+02 6.170272964513097078e-04
1.081341199999999958e+02 4.637068815382572491e-04
1.082636389999999977e+02 6.043826579991647997e-04
1.083932350000000042e+02 3.605467466257167644e-05
1.085229089999999985e+02 5.177228826999391575e-04
1.086526599999999974e+02 1.453873309398053676e-04
1.087824889999999982e+02 2.610479705536317488e-04
1.089123960000000011e+02 3.767048015414181487e-04
1.090423799999999943e+02 3.703578727317045904e-04
1.091724410000000063e+02 3.150071841244890536e-04
1.093025800000000061e+02 2.846526868912338179e-04
1.094327959999999962e+02 4.982944298604790635e-04
1.095630900000000025e+02 4.919323642036833172e-04
1.096934640000000059e+02 4.365663922637698542e-04
1.098239130000000046e+02 2.351967581834340203e-04
1.099544389999999936e+02 5.218233643055976596e-04
1.100850429999999989e+02 7.594461618017206688e-04
1.102157250000000062e+02 7.040651506718036221e-04
1.103464840000000038e+02 4.046803797443866875e-04
1.104773200000000060e+02 3.252918490194681329e-04
1.106082349999999934e+02 3.678994608399717425e-04
1.107392260000000022e+02 5.805033616915126864e-04
1.108702949999999987e+02 6.721034539170142857e-04
1.110014419999999973e+02 1.776997375164761882e-04
1.111326660000000004e+02 2.682922613184367776e-04
1.112639680000000055e+02 1.158809764943572254e-04
1.113953489999999960e+02 4.514658342156998433e-04
1.115268059999999934e+02 4.450469809680803607e-04
1.116583399999999955e+02 7.162436792295962668e-05
1.117899519999999995e+02 6.511979462517991993e-04
1.119216409999999939e+02 3.037677647831382201e-04
1.120534080000000046e+02 3.453337746884372825e-04
1.121852530000000030e+02 3.638959759676963467e-04
1.123171739999999943e+02 3.324544662779943364e-04
1.124491739999999993e+02 4.970090991337126028e-04
1.125812509999999946e+02 6.615599721919306238e-04
1.127134049999999945e+02 3.621070854526475293e-04
1.128456369999999964e+02 2.336503900873245984e-04
1.129779479999999978e+02 3.741898372674229596e-04
1.131103350000000063e+02 2.457255734785589348e-04
1.132428000000000026e+02 3.614632650416871838e-04
1.133753420000000034e+02 2.084602644925300299e-04
1.135079620000000062e+02 4.224537312213466449e-04
1.136406589999999994e+02 5.624437105194446396e-04
1.137734329999999972e+02 9.243020238682442963e-05
1.139062849999999969e+02 2.824131615321774126e-04
1.140392149999999987e+02 4.223925879555038947e-04
1.141722220000000050e+02 1.483685269481112984e-04
1.143053069999999991e+02 4.843409332186934986e-04
1.144384689999999978e+02 3.073098520585569246e-04
1.145717089999999985e+02 2.762752381763934097e-04
1.147050279999999987e+02 5.392370462808957019e-04
1.148384230000000059e+02 2.151954122459869695e-04
1.149718950000000035e+02 1.611502907803603890e-04
1.151054450000000031e+02 4.481016365927071622e-04
1.152390719999999931e+02 3.190494949743358927e-04
1.153727769999999992e+02 3.869938206339375124e-04
1.155065589999999958e+02 5.269346588628212417e-04
1.156404189999999943e+02 2.768719643696784458e-04
1.157743569999999949e+02 6.128057371545085619e-04
1.159083720000000000e+02 4.357360225086205543e-04
1.160424639999999954e+02 5.516628204320140651e-04
1.161766340000000071e+02 6.435860856333804059e-04
1.163108820000000065e+02 3.935058181127213880e-04
1.164452079999999938e+02 7.044220178700358673e-04
1.165796109999999999e+02 4.293347301966309905e-04
1.167140909999999963e+02 6.192439550925083434e-04
1.168486479999999972e+02 4.421496925576674352e-04
1.169832830000000001e+02 4.110518973007991524e-04
1.171179960000000051e+02 4.539505693219049974e-04
1.172527860000000004e+02 4.238457539122925718e-04
1.173876539999999977e+02 5.147374057806533565e-04
1.175225989999999996e+02 5.336255702182955696e-04
1.176576220000000035e+02 3.805102019339111352e-04
1.177927219999999977e+02 2.773913462188093600e-04
1.179278999999999940e+02 5.392689577816802207e-04
1.180631549999999947e+02 5.821430819138327314e-04
1.181984879999999976e+02 3.080136733239588649e-04
1.183338980000000049e+02 3.258807773033657335e-04
1.184693860000000001e+02 4.417443485607470965e-04
1.186049509999999998e+02 5.086044323874099049e-04
1.187405940000000015e+02 2.834609834920457511e-04
1.188763139999999936e+02 4.473140471659641480e-04
1.190121160000000060e+02 3.441633969526222258e-04
1.191479910000000046e+02 3.130094404737949684e-04
1.192839440000000053e+02 2.828519512729414740e-04
1.194199739999999963e+02 4.966909746413694995e-04
1.195560820000000035e+02 4.165264652877709479e-04
1.196922679999999986e+02 3.133584232121457928e-04
1.198285309999999981e+02 4.041868937058024601e-04
1.199648719999999997e+02 4.471419474669693223e-04
1.201012900000000059e+02 5.632586953346352138e-04
1.202377850000000024e+02 4.113721224498038953e-04
1.203743580000000009e+02 5.024821856858200774e-04
1.205110090000000014e+02 5.215888850426822834e-04
1.206477370000000064e+02 3.936922636470470763e-04
1.207845429999999993e+02 2.407922783722593607e-04
1.209214259999999967e+02 5.038889723449741474e-04
1.210583869999999962e+02 5.709823024385351966e-04
1.211954250000000002e+02 2.230723117795990404e-04
1.213325410000000062e+02 2.911589572415094942e-04
1.214697340000000025e+02 4.312422819509227623e-04
1.216070050000000009e+02 3.523222427811827095e-04
1.217443530000000038e+02 3.703988828589453199e-04
1.218817789999999945e+02 5.114721590575555497e-04
1.220192820000000040e+02 4.154211450366684585e-05
1.221568630000000013e+02 5.726087060706258527e-04
1.222945210000000031e+02 3.716719768850872130e-04
1.224322570000000070e+02 8.047318838203957117e-04
1.225700740000000053e+02 1.397882974965832057e-04
1.227079650000000015e+02 6.218415198002407579e-04
1.228459330000000023e+02 4.938914213514012438e-04
1.229839790000000050e+02 6.829379590234082101e-04
1.231221029999999956e+02 2.139811328162623521e-04
1.232603040000000050e+02 5.740209858566185184e-04
1.233985820000000047e+02 3.970575181444775496e-04
1.235369380000000064e+02 4.640906865531833469e-04
1.236753719999999959e+02 1.411204910827365457e-04
1.238138830000000041e+02 5.251469748597911887e-04
1.239524720000000002e+02 5.191700947576932332e-04
1.240911380000000008e+02 3.671898939030982141e-04
1.242298810000000060e+02 4.102063722960054212e-04
1.243687029999999965e+02 3.062194436831040811e-04
1.245076009999999940e+02 2.022292374443605649e-04
1.246465780000000052e+02 3.432356241998076214e-04
1.247856309999999951e+02 7.282387333294140959e-04
1.249247629999999987e+02 2.092384354532110784e-04
1.250639709999999951e+02 2.272348599511669030e-04
1.252032580000000053e+02 4.412278774433126514e-04
1.253426209999999941e+02 5.082176173096179632e-04
1.254820629999999966e+02 3.802039501701137778e-04
1.256215820000000036e+02 4.471869622781118186e-04
1.257611780000000010e+02 5.631666536336130905e-04
1.259008520000000004e+02 1.421429811099611182e-04
1.260406069999999943e+02 5.511158153271886011e-04
1.261804360000000003e+02 5.940854581718854697e-04
1.263203419999999966e+02 2.460517802640854994e-04
1.264603259999999949e+02 3.630147384771321376e-04
1.266003879999999953e+02 4.299743328110255513e-04
1.267405270000000002e+02 5.459306063924213286e-04
1.268807429999999954e+02 6.376138917432393454e-04
1.270210370000000069e+02 4.109537380014736604e-04
1.271614090000000061e+02 3.312898813786740570e-04
1.273018579999999957e+02 6.416223693476740854e-04
1.274423840000000041e+02 5.129512019084723519e-04
1.275829889999999978e+02 1.238276284115403256e-03
1.277236699999999985e+02 2.037597758386966874e-03
1.278644290000000012e+02 3.495915529777495791e-03
1.280052660000000060e+02 4.002229598286989772e-03
1.281461799999999869e+02 3.995540011388284962e-03
1.282871719999999982e+02 1.912846721608543266e-03
1.284282410000000141e+02 1.320149776420601051e-03
1.285693880000000036e+02 7.524491283516254216e-04
1.287106119999999976e+02 3.797448248744489125e-04
1.288519139999999936e+02 8.850368185162376050e-04
1.289932939999999917e+02 7.323251092769920024e-04
1.291347499999999968e+02 1.091609792102378809e-03
1.292762850000000014e+02 7.188907245738974331e-04
1.294178970000000106e+02 5.901680016372151758e-04
1.295595859999999959e+02 1.434416232923331220e-04
1.297013560000000041e+02 4.547113996479141586e-04
1.298432009999999934e+02 4.479776155409630461e-04
1.299851229999999873e+02 4.902401760258109746e-04
1.301271220000000142e+02 2.384990811024564374e-04
1.302691989999999862e+02 5.497542832980702870e-04
1.304113539999999887e+02 2.990057826126478382e-04
1.305535859999999957e+02 2.432536265190245097e-04
1.306958950000000073e+02 3.584978150172001519e-04
1.308382829999999899e+02 3.517382531615089944e-04
1.309807470000000080e+02 3.939750833704489669e-04
1.311232889999999998e+02 1.432082106983560352e-04
1.312659089999999935e+02 3.314376351452280427e-04
1.314086059999999918e+02 3.246634041838994487e-04
1.315513809999999921e+02 5.378854703415362169e-04
1.316942329999999970e+02 5.551038810909718173e-04
1.318371630000000039e+02 4.753185889593729892e-04
1.319801699999999869e+02 3.705296414195742224e-04
1.321232550000000003e+02 3.887369909987396528e-04
1.322664169999999899e+02 4.299406851697056605e-04
1.324096570000000099e+02 2.281406764596354258e-04
1.325529740000000061e+02 3.683370123413656078e-04
1.326963690000000042e+02 3.125296453420612318e-04
1.328398410000000069e+02 3.057186229345558968e-04
1.329833910000000117e+02 2.249038976460163673e-04
1.331270189999999900e+02 1.700854694764429055e-04
1.332707240000000013e+02 5.292633858986674905e-04
1.334145100000000070e+02 2.294374570213561764e-04
1.335583699999999965e+02 -4.639198484565339002e-05
1.337023069999999905e+02 3.137749178791357160e-04
1.338463219999999865e+02 6.479381177228906016e-04
1.339904150000000129e+02 9.340453594975405612e-04
1.341345849999999871e+02 5.610834618054942168e-04
1.342788319999999942e+02 4.561178458216913565e-04
1.344231570000000033e+02 6.451484632566304410e-04
1.345675599999999861e+02 2.471753141103127157e-04
1.347120400000000018e+02 3.131984466722384682e-04
1.348565979999999911e+02 1.307217812652907265e-03
1.350012330000000134e+02 9.592334603418200926e-04
1.351459460000000092e+02 7.322453414494758646e-04
1.352907360000000097e+02 6.032535042653766263e-04
1.354356040000000121e+02 6.202579005000192049e-04
1.355805489999999907e+02 5.892585784429079949e-04
1.357255719999999997e+02 6.062554898045375206e-04
1.358706720000000132e+02 5.262486828744117415e-04
1.360158500000000004e+02 7.392381093630295092e-04
1.361611049999999921e+02 4.872238175598920260e-04
1.363064380000000142e+02 3.342057591754950003e-04
1.364518480000000125e+02 4.001839824993441708e-04
1.365973360000000127e+02 3.201584392419354330e-04
1.367429009999999892e+02 5.331291776927728470e-04
1.368885439999999960e+02 2.570961495623510628e-04
1.370342679999999973e+02 8.610592099821611726e-04
1.371800660000000107e+02 1.940186969787258305e-04
1.373259419999999977e+02 1.629744173940340241e-04
1.374718949999999893e+02 3.759264195175868531e-04
1.376179250000000138e+02 4.658747033493832032e-04
1.377640330000000120e+02 8.008192205999230175e-04
1.379102190000000121e+02 3.297599712692046020e-04
1.380564819999999884e+02 2.736970036467324847e-04
1.382028229999999951e+02 2.426302694430008695e-04
1.383492410000000064e+02 2.355598169475141800e-04
1.384957359999999937e+02 -1.551435383972629180e-05
1.386423100000000090e+02 6.124076605022707497e-04
1.387889600000000030e+02 2.873260048420172696e-04
1.389356879999999990e+02 3.292405826005055571e-04
1.390824939999999970e+02 3.461513937777356250e-04
1.392293769999999995e+02 4.620584866632105984e-04
1.393763380000000041e+02 4.789618129674276135e-04
1.395233770000000106e+02 3.988613726903862851e-04
1.396704919999999959e+02 4.887572624110946267e-04
1.398176860000000090e+02 3.106493372610402487e-04
1.399649569999999983e+02 3.035376938192319842e-04
1.401123049999999921e+02 2.234223320856688899e-04
1.402597309999999879e+02 5.823032037708475786e-04
1.404072339999999883e+02 3.561803571642712437e-04
1.405548149999999907e+02 2.020537439764366616e-04
1.407024739999999952e+02 4.879233642073441037e-04
1.408502129999999966e+02 4.567891212779866565e-04
1.409980270000000075e+02 5.466512566358807269e-04
1.411459179999999947e+02 3.205096737020211081e-04
1.412938859999999863e+02 3.872614656975874444e-04
1.414419320000000084e+02 3.091270218567188782e-04
1.415900560000000041e+02 4.259898728659682965e-04
1.417382570000000044e+02 3.958500534067431118e-04
1.418865350000000092e+02 9.767075634790434255e-04
1.420348909999999876e+02 7.035623684014617046e-04
1.421833249999999964e+02 3.804144681739960246e-04
1.423318360000000098e+02 8.882638974780556612e-04
1.424804249999999968e+02 4.681106216322331991e-04
1.426290909999999883e+02 2.189546753179360573e-04
1.427778350000000103e+02 2.137960238537551638e-04
1.429266560000000084e+02 4.286347019211005646e-04
1.430755550000000085e+02 3.744706748385629716e-04
1.432245310000000131e+02 5.130397728755073730e-05
1.433735849999999914e+02 3.151345745866564749e-04
1.435227160000000026e+02 2.859625014172868795e-04
1.436719249999999874e+02 6.957877230980350197e-04
1.438212120000000027e+02 3.726102396288989704e-04
1.439705749999999966e+02 4.894301203726982540e-04
1.441200169999999900e+02 4.112472612852057126e-04
1.442695359999999880e+02 3.820617317292386702e-04
1.444191319999999905e+02 3.028735317047971057e-04
1.445688100000000134e+02 6.156824878048366631e-04
1.447185609999999940e+02 9.748891216203856881e-05
1.448683900000000051e+02 3.612926313693564642e-04
1.450182969999999898e+02 5.750936454267920267e-04
1.451682769999999891e+02 3.988921277413878634e-04
1.453183420000000012e+02 1.746876621362388263e-04
1.454684780000000046e+02 9.548073415106860581e-05
1.456186979999999949e+02 1.642708929275628338e-04
1.457689890000000048e+02 4.270585893240350095e-04
1.459193640000000016e+02 5.438433724821717516e-04
1.460698089999999922e+02 4.656257279416957471e-04
1.462203399999999931e+02 5.584051008000663098e-04
1.463709399999999903e+02 3.091820806412328088e-04
1.465216259999999977e+02 3.279560778812458475e-04
1.466723880000000122e+02 5.427274393341929501e-04
1.468232219999999870e+02 2.444963037257110025e-04
1.469741400000000056e+02 3.852622548788920114e-04
1.471251279999999895e+02 2.580257783334611015e-04
1.472762009999999862e+02 6.187863538682854443e-04
1.474273440000000051e+02 2.965445017044960208e-04
1.475785720000000083e+02 4.729970162096271309e-05
1.477298700000000053e+02 6.030524738388166796e-04
1.478812529999999867e+02 3.048022981369266724e-04
1.480327059999999904e+02 1.775496947364231656e-04
1.481842450000000042e+02 6.612941087347659706e-04
1.483358529999999860e+02 2.160361297159057309e-04
1.484875460000000089e+02 3.817752027772996137e-04
1.486393089999999972e+02 5.965118481400818020e-04
1.487911569999999983e+02 3.711439877949189881e-04
1.489430759999999907e+02 1.706478682337081356e-04
1.490950789999999984e+02 4.581487097238258976e-04
1.492471529999999973e+02 4.766469825787577816e-04
1.493993110000000115e+02 6.421422164850181229e-04
1.495515389999999911e+02 6.366349179340539260e-04
1.497038530000000094e+02 8.261245080784967217e-04
1.498562359999999956e+02 2.836116019436751541e-04
1.500087039999999945e+02 1.560956206822219569e-04
1.501612430000000131e+02 1.995770707855817590e-04
1.503138659999999902e+02 3.890554819402721083e-04
1.504665669999999977e+02 6.525310712140526982e-04
1.506193379999999991e+02 2.810041280306076628e-04
1.507721940000000131e+02 1.534741097205308529e-04
1.509251199999999926e+02 1.719415589532295122e-04
1.510781310000000133e+02 5.814059330592953080e-04
1.512312129999999968e+02 2.828677385301763729e-04
1.513843789999999956e+02 2.773265050523859203e-04
1.515376149999999882e+02 2.477827391173699489e-04
1.516909359999999936e+02 4.862358980557221358e-04
1.518443269999999927e+02 8.466865245368487749e-04
1.519978030000000047e+02 9.141340758913435970e-04
1.521513500000000079e+02 9.085790586106526432e-04
1.523049809999999979e+02 3.420210023812911520e-04
1.524586820000000102e+02 8.004604136947030772e-04
1.526124680000000069e+02 5.988967498814842935e-04
1.527663249999999948e+02 3.983305174330796896e-04
1.529202659999999980e+02 7.837612460360034259e-04
1.530742769999999950e+02 1.168189442181701877e-03
1.532283730000000048e+02 9.186145632007683545e-04
1.533825400000000059e+02 6.930371155846490284e-04
1.535367909999999938e+02 8.834566290198592230e-04
1.536911130000000014e+02 1.365873573819882539e-03
1.538455189999999959e+02 2.800287479671235286e-03
1.539999960000000101e+02 3.332698816887401296e-03
1.541545570000000112e+02 3.058107115154896916e-03
1.543091959999999858e+02 2.320512591541484468e-03
1.544639050000000111e+02 7.759155354708447078e-04
1.546186989999999923e+02 7.223154042735749694e-04
1.547735629999999958e+02 4.727127406190788925e-04
1.549285120000000120e+02 8.331070018379508300e-04
1.550835309999999936e+02 5.834987305995984006e-04
1.552386349999999879e+02 4.308873842346139303e-04
1.553938090000000045e+02 5.962735054124030385e-04
1.555490690000000029e+02 6.636565152856011788e-04
1.557043979999999976e+02 2.920370288795339463e-04
1.558598120000000051e+02 6.524144673468349831e-04
1.560152960000000064e+02 2.567893733569104353e-04
1.561708649999999921e+02 2.751612042403551008e-04
1.563265049999999974e+02 5.135304664886128183e-04
1.564822289999999896e+02 6.549188126168507557e-04
1.566380230000000040e+02 1.123318817395380651e-04
1.567939020000000028e+02 2.527419026760018830e-04
1.569498519999999928e+02 2.961493774804436043e-04
1.571058859999999981e+02 1.925538399596753115e-04
1.572619909999999948e+02 4.309557563068849677e-04
1.574181800000000067e+02 2.543546603288845465e-04
1.575744390000000124e+02 6.887510540798764611e-04
1.577307839999999999e+02 4.391443637836306424e-04
1.578871980000000121e+02 6.525351990773904090e-04
1.580436980000000062e+02 5.249229503239124855e-04
1.582002669999999966e+02 2.263082271604411624e-04
1.583569219999999973e+02 6.606904199497311498e-04
1.585136540000000025e+02 2.640698514409121011e-04
1.586704560000000015e+02 5.024467726610855377e-04
1.588273430000000133e+02 6.188206456950345099e-04
1.589842999999999904e+02 1.981920084579765905e-04
1.591413420000000087e+02 7.545603230346935439e-04
1.592984539999999924e+02 8.469261273404036453e-04
1.594556509999999889e+02 3.042888834598893354e-04
1.596129180000000076e+02 8.356491293083662553e-04
1.597702710000000081e+02 3.900062911096056385e-04
1.599276930000000050e+02 4.823609785008515084e-04
1.600851999999999862e+02 2.327126177058740173e-04
1.602427769999999896e+02 3.730617466398877726e-04
1.604004400000000032e+02 5.384077915266628680e-04
1.605581720000000132e+02 4.837513620034445110e-04
1.607159890000000075e+02 2.830918842940028952e-04
1.608738759999999957e+02 5.704298963135534441e-04
1.610318489999999940e+02 6.377648242858652327e-04
1.611898909999999887e+02 4.860972778481837558e-04
1.613480189999999936e+02 4.554266473632634588e-04
1.615062159999999949e+02 3.037535424683497848e-04
1.616644980000000089e+02 2.980773893872117096e-04
1.618228510000000142e+02 2.433986901740516475e-04
1.619812880000000064e+02 3.597169786356825246e-04
1.621397959999999898e+02 4.030327209652913192e-04
1.622983879999999886e+02 2.993454509696899914e-04
1.624570579999999893e+02 3.666553838149656146e-04
1.626157980000000123e+02 3.129628063892323691e-04
1.627746229999999912e+02 4.292671807772767694e-04
1.629335189999999898e+02 2.525690090332982120e-04
1.630924990000000037e+02 4.418678249641094791e-04
1.632515490000000113e+02 2.651641306239129695e-04
1.634106840000000034e+02 3.814573880974931924e-04
1.635698889999999892e+02 3.757481353000656607e-04
1.637291789999999878e+02 3.700358343164137568e-04
1.638885390000000086e+02 1.933210230617530970e-04
1.640479850000000113e+02 4.806031277598547444e-04
1.642075000000000102e+02 5.488827580479630451e-04
1.643670999999999935e+02 3.967941785586666143e-04
1.645267699999999991e+02 4.414812360007241954e-04
1.646865259999999864e+02 4.121659704449743612e-04
1.648463509999999985e+02 3.838488410886571113e-04
1.650062609999999950e+02 2.575294157461348321e-04
1.651662420000000111e+02 4.482080725798403740e-04
1.653263070000000141e+02 5.908844604389432284e-04
1.654864430000000084e+02 3.425589304742747464e-04
1.656466629999999896e+02 4.352311315350035456e-04
1.658069529999999929e+02 1.869014417835625642e-04
1.659673290000000065e+02 4.025694290343134209e-04
1.661277739999999881e+02 5.202355524844984400e-04
1.662883050000000082e+02 5.158993529368743891e-04
1.664489130000000046e+02 2.915610734958649615e-04
1.666095909999999947e+02 5.312209032426864824e-04
1.667703539999999975e+02 4.538784370033022587e-04
1.669311869999999942e+02 4.985340799517489103e-04
1.670921050000000037e+02 2.251874269139897931e-04
1.672530930000000069e+02 3.678388830640616503e-04
1.674141669999999920e+02 3.144880162163261623e-04
1.675753100000000018e+02 6.271352855680232402e-04
1.677365379999999959e+02 3.547802589335151608e-04
1.678978360000000123e+02 7.164233414868373916e-04
1.680592190000000130e+02 8.100641280539544724e-04
1.682206720000000075e+02 6.097030238089026170e-04
1.683822110000000123e+02 5.083395965660426723e-04
1.685438190000000134e+02 7.239743055226159456e-04
1.687055119999999988e+02 5.486067184929841693e-04
1.688672760000000039e+02 8.122372136395803605e-04
1.690291239999999959e+02 1.491865439811573650e-03
1.691910420000000101e+02 9.744917751713974129e-04
1.693530460000000062e+02 1.263115787533413683e-03
1.695151189999999986e+02 4.287379360948632978e-04
1.696772780000000012e+02 3.753577616585047037e-04
1.698395060000000001e+02 3.959757234215793842e-04
1.700018200000000093e+02 5.135913621868460352e-04
1.701642029999999863e+02 6.312051371515467642e-04
1.703266720000000021e+02 8.218165891184384467e-04
1.704892100000000141e+02 4.024261772847635829e-04
1.706518340000000080e+02 1.540334424532812416e-04
1.708145350000000064e+02 5.163862772841268920e-05
1.709773059999999987e+02 2.422419221913751030e-04
1.711401620000000037e+02 2.628429206681317403e-04
1.713030880000000025e+02 6.344202833271934266e-05
1.714660990000000140e+02 3.270388400111011321e-04
1.716291799999999910e+02 4.696337608773146124e-04
1.717923470000000066e+02 9.822635874571927924e-05
1.719555829999999901e+02 4.848170928135580172e-04
1.721189039999999864e+02 4.314055308951909211e-04
1.722822950000000048e+02 4.759920781646540086e-04
1.724457710000000077e+02 1.058537463919690687e-04
1.726093180000000018e+02 1.510518946423125173e-04
1.727729490000000112e+02 5.862480902090418848e-04
1.729366499999999860e+02 3.874426585394273028e-04
1.731004369999999994e+02 6.036352276937312095e-04
1.732642930000000092e+02 3.798261928579237958e-04
1.734282340000000033e+02 4.490151820922696308e-04
1.735922459999999887e+02 4.452025208440373982e-04
1.737563419999999894e+02 1.483879069121911117e-04
1.739205090000000098e+02 2.425716424977661097e-04
1.740847599999999886e+02 4.097534253997283608e-04
1.742490809999999897e+02 4.299335810653453268e-04
1.744134880000000010e+02 4.021117375548813452e-04
1.745779650000000061e+02 3.492882668080727671e-04
1.747425259999999980e+02 6.134628433776508679e-04
1.749071649999999920e+02 3.656356067410160499e-04
1.750718740000000082e+02 5.328067428680360006e-04
1.752366690000000062e+02 3.339758798189756766e-04
1.754015330000000006e+02 5.251434127798042034e-04
1.755664820000000077e+02 1.553089698107852244e-04
1.757315010000000086e+02 4.472899605421630270e-06
1.758966049999999939e+02 5.386348534702112452e-04
1.760617790000000014e+02 2.167951800986554853e-04
1.762270389999999907e+02 3.599535075510194295e-04
1.763923680000000047e+02 6.311023101327166028e-05
1.765577820000000031e+02 4.492649785456769972e-04
1.767232659999999953e+02 2.504180988417377190e-04
1.768888359999999977e+02 2.225692199617174767e-04
1.770544749999999965e+02 2.427187370915860935e-04
1.772201990000000080e+02 -1.761337217083928117e-04
1.773859940000000108e+02 2.590121690090502237e-04
1.775518730000000005e+02 2.551561070428798577e-04
1.777178220000000124e+02 6.662984178403642604e-04
1.778838570000000061e+02 3.454387294617683826e-04
1.780499609999999961e+02 3.905774370930613143e-04
1.782161509999999964e+02 7.527141455482732257e-04
1.783824099999999930e+02 7.728492500133740846e-04
1.785487549999999999e+02 2.319823553023939405e-04
1.787151690000000031e+02 4.241138566013026362e-04
1.788816689999999880e+02 3.222433587241310725e-04
1.790482460000000060e+02 4.163710708869794615e-04
1.792148929999999893e+02 2.654971558134839238e-04
1.793816250000000139e+02 3.346212648101401857e-04
1.795484270000000038e+02 5.997437465704526151e-04
1.797153150000000039e+02 5.718642291546839965e-04
1.798822710000000029e+02 4.209831309950376162e-04
1.800493140000000096e+02 3.931000104130769361e-04
1.802164260000000127e+02 1.452152858410050518e-04
1.803836230000000000e+02 5.803285853390864092e-04
1.805508900000000096e+02 3.814402576008223264e-04
1.807182430000000011e+02 -1.352963552706992257e-04
1.808856649999999888e+02 1.541520582870806308e-04
1.810531719999999893e+02 5.655986687075928269e-04
1.812207490000000121e+02 2.930437941915312711e-04
1.813884119999999882e+02 4.124870953248236738e-04
1.815561439999999891e+02 4.569289327349220680e-04
1.817239620000000002e+02 8.443689457943730128e-04
1.818918490000000077e+02 2.308074951306306156e-04
1.820598209999999995e+02 5.202442413296211104e-04
1.822278640000000109e+02 2.716794813786583282e-04
1.823959910000000093e+02 7.311293950380807105e-05
1.825641889999999989e+02 6.795448914790052242e-04
1.827324710000000039e+02 5.059750615303141349e-04
1.829008240000000001e+02 4.774037254316705137e-04
1.830692610000000116e+02 3.518306074091386362e-04
1.832377689999999859e+02 2.502559832366548095e-04
1.834063620000000014e+02 4.916795559269026769e-04
1.835750319999999931e+02 3.171014951869205738e-04
1.837437720000000070e+02 5.575219495103648148e-04
1.839125970000000052e+02 4.069406006965419365e-04
1.840814919999999972e+02 6.723577669461458604e-04
1.842504720000000020e+02 5.467731300584823938e-04
1.844195220000000006e+02 6.651870082342455602e-04
1.845886580000000095e+02 3.685990620593616635e-04
1.847578629999999862e+02 8.040096521612848882e-04
1.849271530000000041e+02 3.614184391259396729e-04
1.850965129999999874e+02 4.068257411540220341e-04
1.852659590000000094e+02 6.962312188314564911e-04
1.854354739999999993e+02 6.676352327856982429e-04
1.856050749999999994e+02 9.820374223892926538e-04
1.857747449999999958e+02 1.173438148269693353e-03
1.859445000000000050e+02 1.975837071012826514e-03
1.861143250000000080e+02 9.462345088193866967e-04
1.862842359999999928e+02 1.284630122275300275e-03
1.864542160000000024e+02 1.086024272008019511e-03
1.866242819999999938e+02 5.694165973900921444e-04
1.867944170000000099e+02 6.638074590489706928e-04
1.869646380000000079e+02 7.571964963572027545e-04
1.871349280000000022e+02 3.875840699422411885e-04
1.873053040000000067e+02 7.019698191766323304e-04
1.874757490000000075e+02 6.493541046878300096e-04
1.876462799999999902e+02 1.817365658483810595e-04
1.878168890000000033e+02 3.001173723653213299e-04
1.879875659999999868e+02 3.944967363724481918e-04
1.881583300000000065e+02 5.368742548155476871e-04
1.883291629999999941e+02 2.652503095354543121e-04
1.885000809999999944e+02 6.026245611180932422e-04
1.886710689999999886e+02 2.819973277641591065e-04
1.888421419999999955e+02 1.563682912729572418e-04
1.890132849999999962e+02 2.747377698451823353e-04
1.891845140000000072e+02 2.473395790609873770e-04
1.893558119999999860e+02 5.852229686911278967e-04
1.895271960000000036e+02 3.871047936299590450e-04
1.896986479999999915e+02 5.299853813710115550e-04
1.898701869999999872e+02 1.118643862266702595e-04
1.900417950000000076e+02 6.707421356904645030e-04
1.902134890000000098e+02 5.696183204629502641e-04
1.903852520000000084e+02 8.104932498435720670e-04
1.905571009999999887e+02 8.813666145328856970e-04
1.907290189999999939e+02 7.562387238303344347e-04
1.909010230000000092e+02 6.551092684364746193e-04
1.910730959999999925e+02 8.719785576507512381e-04
1.912452549999999860e+02 9.658462821737187664e-04
1.914174830000000043e+02 6.947127513048220650e-04
1.915897970000000043e+02 6.665776557446169296e-04
1.917621800000000007e+02 1.176441304792547830e-03
1.919346490000000074e+02 5.633033891491696183e-04
1.921071949999999902e+02 4.381640725612481356e-04
1.922798109999999951e+02 5.570234823873770284e-04
1.924525120000000129e+02 4.068813457162821496e-04
1.926252829999999960e+02 1.597379354592388446e-04
1.927981399999999894e+02 5.225929605108866477e-04
1.929710650000000101e+02 3.004467483647548258e-04
1.931440770000000100e+02 5.652989533332297353e-04
1.933171580000000063e+02 3.421499029098405698e-04
1.934903250000000128e+02 4.599928779514255318e-05
1.936635599999999897e+02 7.508474354826660032e-04
1.938368820000000028e+02 5.286940002847950997e-04
1.940102730000000122e+02 7.695393096950602519e-04
1.941837500000000034e+02 5.223830544140169825e-04
1.943572959999999910e+02 8.612255437411098311e-04
1.945309269999999913e+02 3.200664865709785308e-04
1.947046280000000138e+02 8.549061558148979886e-04
1.948784149999999897e+02 4.117442603675093658e-04
1.950522709999999904e+02 7.015811095282564226e-04
1.952262130000000013e+02 1.040416393997694450e-03
1.954002240000000086e+02 6.462504230752686265e-04
1.955743209999999976e+02 7.160828874615342114e-04
1.957484870000000114e+02 6.889140964559355759e-04
1.959227390000000071e+02 8.327437407590283823e-04
1.960970599999999990e+02 8.045721296702572052e-04
1.962714670000000012e+02 6.303989538901772459e-04
1.964459520000000055e+02 5.782243589714682313e-04
1.966205050000000085e+02 6.970485268549801326e-04
1.967951449999999909e+02 6.208711118530988848e-04
1.969698539999999980e+02 5.669244145935307391e-05
1.971446479999999895e+02 3.705122245683836702e-04
1.973195120000000031e+02 3.913307340914650334e-04
1.974944619999999986e+02 6.331476789232378614e-04
1.976694799999999930e+02 3.119633865572317617e-04
1.978445849999999950e+02 3.339722815890327243e-04
1.980197589999999934e+02 8.922143657668466128e-04
1.981950190000000021e+02 5.474550959722634166e-04
1.983703480000000070e+02 4.476947398509893922e-04
1.985457619999999963e+02 4.689330455011835410e-04
1.987212460000000078e+02 4.421702490808213743e-04
1.988968160000000012e+02 3.174060986880623911e-04
1.990724549999999908e+02 3.386408619686125587e-04
1.992481799999999907e+02 3.358742712767654316e-04
1.994239739999999870e+02 5.041065942582276293e-04
1.995998539999999934e+02 3.063375632672924592e-04
1.997758029999999962e+02 5.225674459496665574e-04
1.999518380000000093e+02 5.197959746596432290e-04
2.001279419999999902e+02 2.000234170429296150e-04
2.003041320000000098e+02 1.482495054538182687e-04
2.004803909999999973e+02 3.654745075380165151e-04
2.006567359999999951e+02 5.086981556498176068e-04
2.008331499999999892e+02 3.839207174349277608e-04
2.010096499999999935e+02 4.551419252476406009e-04
2.011862279999999998e+02 3.783619050388769764e-04
2.013628740000000050e+02 8.645808142472875346e-04
2.015396069999999895e+02 7.637983537394361748e-04
2.017164089999999987e+02 9.810148069048937013e-04
2.018932959999999923e+02 1.271229921841819481e-03
2.020702530000000081e+02 8.534439347081887320e-04
2.022472960000000057e+02 7.766565936021611579e-04
2.024244070000000022e+02 7.258681819133081577e-04
2.026016050000000064e+02 2.590784005081925171e-04
2.027788720000000069e+02 4.022875327763861383e-04
2.029562249999999892e+02 6.924953110721828809e-04
2.031336469999999963e+02 5.917020030412885150e-04
2.033111550000000136e+02 3.449073410379967621e-04
2.034887310000000014e+02 6.601116084518797097e-04
2.036663939999999968e+02 5.103145061495003437e-04
2.038441259999999886e+02 5.805163175204301924e-04
2.040219439999999906e+02 -5.628322508103732105e-05
2.041998309999999890e+02 3.559161459908043645e-04
2.043778039999999976e+02 4.991141630902489260e-04
2.045558460000000025e+02 3.013110938630025101e-04
2.047339739999999892e+02 2.985066706633592980e-04
2.049121710000000007e+02 5.157011611370247587e-04
2.050904539999999940e+02 6.098942976382934998e-04
2.052688060000000121e+02 6.560863478128710130e-04
2.054472440000000120e+02 8.732770440150515803e-04
2.056257600000000139e+02 1.090466512195755648e-03
2.058043450000000121e+02 1.306654894049769089e-03
2.059830149999999946e+02 2.109841937675250266e-03
2.061617549999999994e+02 1.545027879230175677e-03
2.063405809999999860e+02 8.342124668127039178e-04
2.065194749999999999e+02 6.123959838124060605e-04
2.066984559999999931e+02 5.847640650569003919e-04
2.068775060000000110e+02 7.783539660441395058e-04
2.070566420000000107e+02 3.849427094300657878e-04
2.072358470000000068e+02 6.553052404284563474e-05
2.074151369999999872e+02 4.781171945147928530e-04
2.075944969999999898e+02 6.707029227531131942e-04
2.077739430000000027e+02 8.882874933901201836e-04
2.079534580000000119e+02 4.218711352539808532e-04
2.081330590000000029e+02 6.634536195165286181e-04
2.083127289999999903e+02 7.340351750059299560e-04
2.084924849999999878e+02 1.122615572894018234e-03
2.086723100000000102e+02 1.144195042008959440e-03
2.088522209999999859e+02 2.338773353522588527e-03
2.090322009999999864e+02 1.310350736263070750e-03
2.092122669999999971e+02 1.356926961402239772e-03
2.093924020000000041e+02 1.256502257768262300e-03
2.095726229999999930e+02 1.230076396532971909e-03
2.097529130000000066e+02 1.251649606524535101e-03
2.099332890000000020e+02 1.249221658914785160e-03
2.101137429999999995e+02 3.437926613875651486e-04
2.102942649999999958e+02 8.293627485476792911e-04
2.104748739999999998e+02 7.779316646459998475e-04
2.106555520000000001e+02 7.024996519711737553e-04
2.108363150000000132e+02 5.780664951555151325e-04
2.110171479999999917e+02 4.296323961062298432e-04
2.111980670000000089e+02 4.271971394556312160e-04
2.113790630000000021e+02 3.997608463480433871e-04
2.115601200000000119e+02 8.613237321511518730e-04
2.117412710000000118e+02 3.948853526691042991e-04
2.119225000000000136e+02 4.654459232695866379e-04
2.121038059999999916e+02 7.560054574130799839e-04
2.122851729999999861e+02 5.345641704672694913e-04
2.124666339999999991e+02 6.291216182363026021e-04
2.126481730000000141e+02 7.976780160878659725e-04
2.128297900000000027e+02 2.832333640219595250e-04
2.130114670000000103e+02 4.757879043272299387e-04
2.131932380000000080e+02 5.953411793473442582e-04
2.133750870000000077e+02 2.758934044499887278e-04
2.135570140000000094e+02 3.954445796351630047e-04
2.137390010000000018e+02 3.189949471915146367e-04
2.139210820000000126e+02 4.635440494627098397e-04
2.141032409999999970e+02 5.100921018164353499e-04
2.142854780000000119e+02 3.366391042526905870e-04
2.144677749999999889e+02 4.561852990601232474e-04
2.146501660000000129e+02 1.357302285823991329e-04
2.148326360000000079e+02 5.002740947267251496e-04
2.150151820000000100e+02 7.658169378745418102e-04
2.151978070000000116e+02 3.973587176444081997e-04
2.153804910000000064e+02 5.658997032459318899e-04
2.155632699999999886e+02 4.654394101018194743e-04
2.157461270000000013e+02 1.461553936664679396e-04
2.159290619999999876e+02 5.350821122948659896e-04
2.161120559999999955e+02 1.420081622507793264e-04
2.162951459999999884e+02 4.329331241972268676e-04
2.164783119999999883e+02 2.358572248028469260e-04
2.166615569999999877e+02 2.577804300673440302e-04
2.168448610000000087e+02 3.777029666593564525e-04
2.170282609999999863e+02 8.262441524190325404e-05
2.172117379999999969e+02 3.495449911501904853e-04
2.173952920000000120e+02 3.224646943842185897e-04
2.175789069999999867e+02 7.603837062788986476e-04
2.177626170000000059e+02 5.873016414975442464e-04
2.179464040000000011e+02 1.702187040419308496e-04
2.181302680000000009e+02 5.341348939120581099e-04
2.183141929999999888e+02 1.660503924428373933e-04
2.184982129999999927e+02 3.349648142975821495e-04
2.186823100000000011e+02 2.588783634780679943e-04
2.188664840000000140e+02 3.057910399842943315e-04
2.190507189999999866e+02 4.017030251511729188e-04
2.192350490000000036e+02 2.526139336420168361e-04
2.194194559999999967e+02 4.955239694586018213e-04
2.196039409999999918e+02 6.884331212674954081e-04
2.197885029999999915e+02 1.345341400402130187e-03
2.199731260000000077e+02 1.099248988197415976e-03
2.201578430000000139e+02 1.610155510650100163e-03
2.203426379999999938e+02 5.330611490950931891e-04
2.205275100000000066e+02 1.238965914865826834e-03
2.207124430000000075e+02 2.358699892972122803e-04
2.208974699999999984e+02 6.737729983859955122e-04
2.210825749999999914e+02 8.916751234670878754e-04
2.212677569999999889e+02 3.515763758739206754e-04
2.214530000000000030e+02 4.724769369414052057e-04
2.216383370000000070e+02 9.333764326662874304e-04
2.218237520000000131e+02 8.092750443834786965e-04
2.220092449999999928e+02 7.101727720929789777e-04
2.221947969999999941e+02 8.790698311299948060e-04
2.223804450000000088e+02 8.029658021575442669e-04
2.225661699999999996e+02 5.078609005108346893e-04
2.227519729999999925e+02 5.547551148564341342e-04
2.229378350000000069e+02 1.376486605295488977e-04
2.231237930000000063e+02 4.775411181931977968e-04
2.233098280000000102e+02 4.264327031825873799e-04
2.234959409999999878e+02 1.181323404164286205e-03
2.236821140000000128e+02 3.242134251400679602e-04
2.238683809999999994e+02 6.401023807732480336e-04
2.240547270000000140e+02 5.649904410653047455e-04
2.242411500000000046e+02 9.778776286831023651e-04
2.244276499999999999e+02 8.537639436266410229e-04
2.246142100000000141e+02 5.826495785642628756e-04
2.248008649999999875e+02 1.895341368258513133e-04
2.249875979999999913e+02 4.075867455364520558e-04
2.251744089999999971e+02 3.328394862242160844e-04
2.253612789999999961e+02 7.950916750799176883e-04
2.255482440000000111e+02 6.713429753924674351e-04
2.257352869999999996e+02 4.985935461643250036e-04
2.259224079999999901e+02 1.788433873954897464e-04
2.261095880000000022e+02 4.460926767945917618e-04
2.262968639999999994e+02 6.393410682974567504e-04
2.264842170000000010e+02 3.935887396127145518e-04
2.266716480000000047e+02 4.408356813872797058e-04
2.268591380000000015e+02 3.660820713297825713e-04
2.270467229999999859e+02 4.863275727291339152e-04
2.272343869999999981e+02 7.035723352347064957e-04
2.274221269999999890e+02 1.092816386905758226e-03
2.276099279999999965e+02 1.482059868038575678e-03
2.277978229999999940e+02 9.183024699813273654e-04
2.279857969999999909e+02 1.331544333030300863e-03
2.281738479999999925e+02 6.467854758916670921e-04
2.283619579999999871e+02 6.200260669209711273e-04
2.285501639999999952e+02 4.472657600540375783e-04
2.287384470000000078e+02 1.775047329994972403e-04
2.289268079999999941e+02 7.857429764042642715e-04
2.291152460000000133e+02 3.689804996214240745e-04
2.293037439999999947e+02 4.652174616534359396e-04
2.294923379999999895e+02 6.344535257892104478e-04
2.296810089999999889e+02 1.196888697373781020e-04
2.298697569999999928e+02 8.499234934979385189e-04
2.300585649999999873e+02 3.111575560733509426e-04
2.302474689999999953e+02 5.783907207525258286e-04
2.304364500000000078e+02 9.666231652440940205e-04
2.306255089999999939e+02 6.478548801949694357e-04
2.308146270000000015e+02 6.220860433137821331e-04
2.310038399999999967e+02 1.303316317889444045e-03
2.311931309999999939e+02 8.135458629244124180e-04
2.313824999999999932e+02 9.097746784186884353e-04
2.315719280000000140e+02 7.370029420809017353e-04
2.317614519999999914e+02 9.302303078468780783e-04
2.319510530000000017e+02 6.594569534252472769e-04
2.321407320000000141e+02 4.626828694629237090e-04
2.323304699999999912e+02 4.859082336685380341e-04
2.325203040000000101e+02 3.371326999779146851e-04
2.327102150000000051e+02 1.153564460996845883e-04
2.329002040000000022e+02 2.355794626807617342e-04
2.330902519999999924e+02 3.318019274297764800e-04
2.332803959999999961e+02 5.500234942825537590e-04
2.334706180000000018e+02 2.792443315946384645e-04
2.336609170000000120e+02 7.664644487191161299e-04
2.338512929999999983e+02 4.466838456559868789e-04
2.340417290000000037e+02 6.649026814077094302e-04
2.342322599999999966e+02 7.611206286162804525e-04
2.344228689999999915e+02 4.903378462841587225e-04
2.346135559999999884e+02 5.865543344113443008e-04
2.348043020000000070e+02 5.107702707064672425e-04
2.349951430000000130e+02 -1.010146815415612163e-04
2.351860619999999926e+02 5.321996366697177242e-04
2.353770590000000027e+02 5.054132253403039463e-04
2.355681150000000059e+02 7.726262621788274748e-04
2.357592669999999941e+02 6.238384011211140119e-04
2.359504959999999869e+02 8.420498198757934375e-04
2.361418030000000101e+02 5.472605090897800315e-04
2.363331689999999981e+02 1.794706464717044439e-04
2.365246300000000019e+02 4.946798953104771619e-04
2.367161700000000053e+02 -1.171115947445286205e-04
2.369077859999999873e+02 5.160962043659444824e-04
2.370994619999999884e+02 4.653034422912692833e-04
2.372912340000000029e+02 7.075097823203568706e-04
2.374830839999999910e+02 2.667153928087518311e-04
2.376750110000000120e+02 1.909202831095394145e-04
2.378669969999999978e+02 8.491246215782650248e-04
2.380590789999999970e+02 7.983280621507531354e-04
2.382512380000000007e+02 5.275307825356343946e-04
2.384434750000000065e+02 4.527327733798227087e-04
2.386357710000000054e+02 2.069342123919488442e-04
2.388281629999999893e+02 4.731347535078377770e-04
2.390206330000000037e+02 3.743345650830335724e-04
2.392131799999999942e+02 6.165336564706227086e-04
2.394058039999999892e+02 7.367320276706047734e-04
2.395984880000000032e+02 3.689298376854384214e-04
2.397912680000000023e+02 6.351267498040351215e-04
2.399841250000000059e+02 5.603229417350247396e-04
2.401770600000000115e+02 2.655184041253214923e-04
2.403700530000000128e+02 2.147133240366417596e-04
2.405631429999999966e+02 5.309073366986389719e-04
2.407563100000000134e+02 4.311006291730290138e-04
2.409495550000000037e+02 2.092931921067266209e-04
2.411428589999999872e+02 4.034852032083617894e-04
2.413362590000000125e+02 5.716763164137592546e-04
2.415297360000000140e+02 3.998667094315500959e-04
2.417232909999999890e+02 7.056372908648372681e-06
2.419169050000000141e+02 1.762454845536837482e-04
2.421106149999999957e+02 7.643369830248234430e-05
2.423044020000000103e+02 5.876211918636735799e-04
2.424982669999999985e+02 5.128079558841721610e-04
2.426921910000000082e+02 3.889941680726082766e-04
2.428862110000000030e+02 3.381794823648072521e-04
2.430803080000000023e+02 1.653640764693992647e-04
2.432744830000000036e+02 2.855479410332984131e-04
2.434687169999999981e+02 1.367312537651352777e-04
2.436630480000000034e+02 3.309136592476489376e-04
2.438574549999999874e+02 4.260953538956416655e-04
2.440519400000000019e+02 5.222763190029413704e-04
2.442465029999999899e+02 3.744565545695484939e-04
2.444411240000000021e+02 -1.836375234282126151e-05
2.446358419999999967e+02 3.948150334954860820e-04
2.448306369999999959e+02 2.469930991461865254e-04
2.450255099999999970e+02 4.891704352561940770e-04
2.452204419999999914e+02 7.553472195341393112e-04
2.454154690000000016e+02 7.785231152689330025e-04
2.456105750000000114e+02 1.850698272109947869e-03
2.458057579999999973e+02 2.092872708763356560e-03
2.460009990000000073e+02 2.408046602937787863e-03
2.461963369999999998e+02 9.662195898628965236e-04
2.463917519999999968e+02 9.643918566003981336e-04
2.465872449999999958e+02 9.865633937972068460e-04
2.467827969999999880e+02 3.017343791619532534e-04
2.469784449999999936e+02 7.389044666304622148e-04
2.471741700000000037e+02 3.470738339113643755e-04
2.473699729999999875e+02 2.962424716515738628e-04
2.475658349999999928e+02 5.624105575597207821e-04
2.477617930000000115e+02 7.075777455716302910e-04
2.479578290000000038e+02 3.147442040428472280e-04
2.481539420000000007e+02 5.819099423264573450e-04
2.483501139999999907e+02 4.090751287780048165e-04
2.485463819999999942e+02 5.042394173333151174e-04
2.487427279999999996e+02 8.740297634793271937e-05
