8.887847899999999868e+01 4.659539507767341063e-04
8.899590499999999338e+01 4.835867950414513353e-04
8.911340800000000684e+01 1.832148084255150189e-04
8.923098899999999389e+01 3.458379281902164079e-04
8.934864799999999718e+01 5.834561543355534438e-04
8.946638299999999333e+01 1.064069612338948596e-03
8.958419700000000319e+01 7.146781139842680458e-04
8.970208800000000338e+01 5.122817847489358201e-04
8.982005599999999390e+01 3.578806246329500548e-04
8.993810200000000066e+01 5.464745708975999455e-04
9.005622499999999775e+01 6.610636862815974513e-04
9.017442699999999434e+01 4.826478453075220068e-04
9.029270499999999799e+01 5.722272361915019256e-04
9.041106100000000367e+01 1.258017334561179271e-04
9.052949499999999716e+01 5.573713371013720719e-04
9.064800599999999520e+01 8.693610986597322121e-05
9.076659399999999778e+01 5.184960517499196883e-04
9.088526000000000238e+01 8.530511000145023920e-04
9.100400399999999479e+01 6.506012546597227802e-04
9.112282500000000596e+01 5.691465784242897771e-04
9.124172400000000493e+01 4.396870085694925753e-04
9.136069999999999425e+01 2.862226078340435534e-04
9.147975399999999979e+01 6.207533134792294835e-04
9.159888499999999567e+01 4.902791882437631740e-04
9.171809399999999357e+01 7.028001693889325205e-04
9.183737999999999602e+01 5.243163196534499082e-04
9.195674400000000048e+01 1.273827576298602535e-03
9.207618499999999528e+01 8.513340020631018912e-04
9.219570400000000632e+01 6.728355342082376414e-04
9.231529999999999347e+01 5.683322354727215683e-04
9.243497399999999686e+01 6.578240431178404568e-04
9.255472600000000227e+01 4.793109571435971716e-04
9.267455499999999802e+01 2.767930402886994642e-04
9.279446099999999831e+01 8.552702925531500966e-04
9.291444500000000062e+01 4.077426511982350926e-04
9.303450599999999326e+01 4.982101789626682681e-04
9.315464500000000214e+01 5.167281310773739339e-05
9.327486199999999883e+01 5.561305536334439428e-04
9.339515600000000006e+01 4.515834632784964872e-04
9.351552700000000584e+01 2.480315420428950632e-04
9.363597599999999943e+01 1.437474727187931182e-03
9.375650299999999504e+01 1.355913018713603840e-03
9.387710699999999520e+01 9.093464793586223532e-04
9.399778899999999737e+01 1.023775046384278135e-03
9.411854800000000409e+01 5.281987825292797784e-04
9.423938499999999863e+01 6.916176250549195548e-04
9.436029899999999770e+01 5.370316366999049185e-04
9.448129099999999880e+01 5.054407547255270958e-04
9.460236000000000445e+01 4.488450418704955855e-04
9.472350600000000043e+01 5.632444981348112487e-04
9.484473099999999590e+01 6.536389980410532360e-04
9.496603299999999592e+01 3.280286670666425486e-04
9.508741200000000049e+01 5.404135052115774385e-04
9.520886900000000708e+01 4.107934497371490065e-04
9.533040300000000400e+01 7.451685633820667384e-04
9.545201500000000294e+01 7.615387834076225992e-04
9.557370500000000391e+01 5.339041098138134003e-04
9.569547099999999773e+01 7.222646680780627285e-04
9.581731600000000526e+01 2.016202699842376683e-04
9.593923800000000313e+01 4.869710410097590619e-04
9.606123700000000554e+01 5.033169811546264749e-04
9.618331499999999323e+01 4.716579649414230982e-04
9.630546900000000221e+01 7.079941805862742174e-04
9.642770099999999900e+01 3.343255026117620057e-04
9.655001000000000033e+01 2.286519937565968316e-04
9.667239700000000369e+01 2.699735912820673198e-04
9.679486199999999485e+01 2.872902951881759273e-04
9.691740400000000477e+01 3.460216821363042150e-05
9.704002400000000250e+01 4.909091476197214449e-04
9.716272100000000478e+01 4.342112961451590619e-04
9.728549599999999486e+01 8.550855105123392197e-05
9.740834800000000371e+01 4.678009750766548222e-04
9.753127700000000289e+01 6.070885682214217233e-04
9.765428400000000408e+01 4.283712677468258859e-04
9.777737000000000478e+01 3.476490109141578203e-04
9.790053199999999833e+01 3.643258261292478886e-04
9.802377199999999391e+01 2.115238380048720113e-04
9.814708899999999403e+01 7.417176000177449352e-04
9.827048299999999870e+01 5.639071121678650503e-04
9.839395600000000286e+01 5.080922640691883096e-04
9.851750499999999988e+01 6.232732213007812286e-04
9.864113299999999640e+01 5.184498182835770019e-04
9.876483799999999746e+01 1.456221654036211205e-04
9.888862100000000055e+01 1.877902074678894015e-04
9.901247999999999649e+01 2.049540548624290831e-04
9.913641800000000615e+01 5.161135420081695846e-04
9.926043300000000613e+01 5.092687792911587338e-04
9.938452599999999393e+01 2.824197115183744999e-04
9.950869600000000048e+01 1.535663938828368824e-04
9.963294299999999737e+01 5.377088263845463192e-04
9.975726799999999628e+01 2.128469538304816541e-04
9.988167099999999721e+01 4.259807762206418644e-04
1.000061510000000027e+02 3.701103487480494197e-04
1.001307089999999960e+02 4.852356162196834466e-04
1.002553439999999938e+02 4.293566338285639480e-04
1.003800559999999962e+02 5.204734015746932327e-04
1.005048460000000006e+02 5.625858642650471107e-04
1.006297140000000070e+02 9.169402189962601313e-05
1.007546590000000037e+02 2.797979296714526998e-04
1.008796820000000025e+02 6.638975323875048393e-04
1.010047830000000033e+02 6.809928300477814320e-04
1.011299599999999970e+02 1.130839330383296912e-04
1.012552160000000043e+02 5.211706757800786509e-04
1.013805480000000045e+02 5.142532238520997230e-04
1.015059590000000043e+02 4.343314116753227774e-04
1.016314459999999968e+02 3.534054048288156474e-04
1.017570120000000031e+02 6.884750377335116522e-04
1.018826540000000023e+02 6.575404759684775995e-04
1.020083750000000009e+02 4.306015539546469845e-04
1.021341740000000016e+02 6.186583268850400982e-04
1.022600489999999951e+02 5.387109051457048860e-04
1.023860020000000048e+02 5.077591783505938303e-04
1.025120330000000024e+02 7.448031464997086765e-04
1.026381410000000045e+02 3.958428647860704266e-04
1.027643259999999970e+02 7.798783332096811093e-04
1.028905890000000056e+02 4.309094965775158055e-04
1.030169290000000046e+02 3.019364100825989994e-04
1.031433470000000057e+02 4.409590185319072278e-04
1.032698429999999945e+02 3.849773219254414881e-04
1.033964160000000021e+02 5.739913754562214927e-04
1.035230669999999975e+02 2.980011239312281221e-04
1.036497949999999975e+02 3.160066225434826626e-04
1.037766019999999969e+02 8.900776090693760662e-05
1.039034850000000034e+02 1.550047046006645252e-04
1.040304450000000003e+02 1.969973984316400820e-04
1.041574839999999966e+02 5.323205543269200583e-04
1.042845990000000000e+02 3.060721394224918956e-04
1.044117920000000055e+02 2.508198903807667274e-04
1.045390629999999987e+02 1.715638072017442589e-04
1.046664109999999965e+02 4.823039390410297292e-04
1.047938369999999964e+02 5.500402367430191897e-04
1.049213400000000007e+02 6.167727494633176016e-04
1.050489210000000071e+02 7.325014280463179941e-04
1.051765800000000013e+02 6.042262724920213768e-04
1.053043150000000026e+02 2.319473811116410863e-04
1.054321300000000008e+02 6.646645572827496011e-04
1.055600210000000061e+02 2.433779976277732765e-04
1.056879890000000017e+02 2.610876529911070575e-04
1.058160349999999994e+02 -1.320652578285647083e-05
1.059441589999999991e+02 2.244954613058822851e-04
1.060723600000000033e+02 2.181936634129298322e-04
1.062006379999999979e+02 3.828880805382874758e-04
1.063289939999999945e+02 3.275786635263473918e-04
1.064574279999999931e+02 3.212654123771097221e-04
1.065859389999999962e+02 4.129483762461811334e-04
1.067145270000000039e+02 2.846275551335614856e-04
1.068431929999999994e+02 3.753028998836451316e-04
1.069719369999999969e+02 3.449744104964316133e-04
1.071007599999999940e+02 -3.357962183685864188e-06
1.072296580000000006e+02 3.323059784657179244e-04
1.073586339999999950e+02 4.479660849778248528e-04
1.074876880000000057e+02 8.076223573526336227e-04
1.076168190000000067e+02 1.021274844745752915e-03
1.077460279999999955e+02 8.439234980015743355e-04
1.078753140000000030e+02 4.465683662757051302e-04
1.080046779999999984e+02 3.672094004125384809e-04
1.081341189999999983e+02 3.118466495676801981e-04
1.082636380000000003e+02 3.544800645855260626e-04
1.083932340000000067e+02 3.971096946216797104e-04
1.085229080000000010e+02 6.587354905205362182e-04
1.086526599999999974e+02 1.893574522820956965e-04
1.087824899999999957e+02 1.829755799063583280e-04
1.089123960000000011e+02 2.735899717045357088e-04
1.090423799999999943e+02 1.702005293654166446e-04
1.091724420000000038e+02 5.048072528889991500e-04
1.093025810000000035e+02 3.284101914308914377e-04
1.094327969999999937e+02 4.920093449910928340e-04
1.095630910000000000e+02 4.856046644139966340e-04
1.096934629999999942e+02 3.091961496996037048e-04
1.098239120000000071e+02 6.927838500035187266e-04
1.099544379999999961e+02 3.933677653257441204e-04
1.100850420000000014e+02 1.919478465106710594e-04
1.102157239999999945e+02 3.565240935583021548e-04
1.103464840000000038e+02 6.430965064686345115e-04
1.104773210000000034e+02 4.166651343972759512e-04
1.106082349999999934e+02 5.814975061464613786e-04
1.107392269999999996e+02 7.216690890626390777e-04
1.108702959999999962e+02 2.528372459061145952e-04
1.110014429999999948e+02 1.490019321824373119e-04
1.111326669999999979e+02 3.631631923860568524e-04
1.112639690000000030e+02 4.543209820225230060e-04
1.113953479999999985e+02 4.974753455862872785e-04
1.115268049999999960e+02 2.966262385828985840e-04
1.116583389999999980e+02 6.807737055068061559e-04
1.117899510000000021e+02 5.289177018635610357e-04
1.119216399999999965e+02 9.380582721476137670e-04
1.120534090000000020e+02 5.901952828756109118e-04
1.121852530000000030e+02 4.863289565198072179e-04
1.123171750000000060e+02 1.144591595968504072e-04
1.124491739999999993e+02 4.995859366011918754e-04
1.125812509999999946e+02 5.177092430383792299e-04
1.127134060000000062e+02 7.808290789084130351e-04
1.128456379999999939e+02 6.039454887057454056e-04
1.129779470000000003e+02 4.270584724303744598e-04
1.131103339999999946e+02 2.991679855878504046e-04
1.132427990000000051e+02 2.427402817817237921e-05
1.133753410000000059e+02 8.003766446957926231e-04
1.135079609999999946e+02 6.147579064625990561e-05
1.136406580000000019e+02 3.485715105240238740e-04
1.137734339999999946e+02 4.646637153401843648e-04
1.139062859999999944e+02 7.277525385780930604e-04
1.140392159999999961e+02 6.488378912488483585e-04
1.141722230000000025e+02 2.519198178469002000e-04
1.143053079999999966e+02 3.679982738778002360e-04
1.144384699999999953e+02 4.840733038359969556e-04
1.145717099999999959e+02 2.581448632270407113e-04
1.147050270000000012e+02 7.162129965453812967e-04
1.148384219999999942e+02 4.662776592965689124e-04
1.149718940000000060e+02 4.113388959750539399e-04
1.151054440000000056e+02 3.323966620863861438e-04
1.152390709999999956e+02 3.994510021250157611e-04
1.153727760000000018e+02 3.935018715964916890e-04
1.155065579999999983e+02 5.345493149952651631e-04
1.156404179999999968e+02 3.325932878268855405e-04
1.157743559999999974e+02 4.246337900913528009e-04
1.159083710000000025e+02 9.316708662831167491e-04
1.160424629999999979e+02 9.497045164021792642e-04
1.161766329999999954e+02 9.437346959540880882e-04
1.163108840000000015e+02 2.057612714554913833e-04
1.164452090000000055e+02 5.278455436754378796e-05
1.165796109999999999e+02 4.618044112068946105e-04
1.167140909999999963e+02 1.628207974790920297e-04
1.168486489999999947e+02 5.238337131841359039e-04
1.169832839999999976e+02 2.978432028164770470e-04
1.171179970000000026e+02 6.088492218816647997e-04
1.172527869999999979e+02 9.105366486664460621e-05
1.173876549999999952e+02 3.535115997468545393e-04
1.175225999999999971e+02 3.479663705035192581e-04
1.176576220000000035e+02 6.114179771366397807e-04
1.177927229999999952e+02 3.858663374611886673e-04
1.179278999999999940e+02 2.333115747547064370e-04
1.180631560000000064e+02 5.775356573965197138e-05
1.181984879999999976e+02 3.931924336935668438e-04
1.183338990000000024e+02 5.346280553389093360e-04
1.184693869999999976e+02 1.630605128607074891e-04
1.186049519999999973e+02 2.304898062589610247e-04
1.187405949999999990e+02 2.979158944411562822e-04
1.188763150000000053e+02 4.633388184998063312e-04
1.190121129999999994e+02 4.337585373423991086e-04
1.191479879999999980e+02 2.081750920614466871e-04
1.192839409999999987e+02 3.245884415644358437e-04
1.194199720000000013e+02 5.139985858513673039e-04
1.195560799999999944e+02 3.374055660147535531e-04
1.196922650000000061e+02 2.588093820545950274e-04
1.198285319999999956e+02 4.732098285083244892e-04
1.199648719999999997e+02 5.896072752085636422e-04
1.201012900000000059e+02 7.060015166927436497e-04
1.202377859999999998e+02 4.073925529608662423e-04
1.203743589999999983e+02 5.967804251054437820e-04
1.205110099999999989e+02 3.961650920339633217e-04
1.206477380000000039e+02 4.854659483893809455e-05
1.207845429999999993e+02 3.359249335203682435e-04
1.209214269999999942e+02 2.813000258932267517e-04
1.210583869999999962e+02 4.226719952350535547e-04
1.211954250000000002e+02 4.170407593608225182e-04
1.213325410000000062e+02 4.354063182705329195e-04
1.214697340000000025e+02 9.667687130566985504e-04
1.216070050000000009e+02 9.131279026268067540e-04
1.217443540000000013e+02 4.434838869808561089e-04
1.218817789999999945e+02 8.278367483038747907e-04
1.220192830000000015e+02 4.561863633183210927e-04
1.221568639999999988e+02 8.415328142092229173e-04
1.222945220000000006e+02 6.648761009765799708e-04
1.224322580000000045e+02 7.572161825278784543e-04
1.225700709999999987e+02 4.095530999556331805e-04
1.227079619999999949e+02 5.748868121673296298e-04
1.228459309999999931e+02 6.172173191629670881e-04
1.229839769999999959e+02 1.725446620350601888e-04
1.231221000000000032e+02 2.888688407836083848e-04
1.232603040000000050e+02 4.781896910385574975e-04
1.233985830000000021e+02 3.015074593549897132e-04
1.235369390000000038e+02 1.738220635478767220e-04
1.236753729999999933e+02 3.881334625247061763e-04
1.238138840000000016e+02 4.074416973779901308e-04
1.239524720000000002e+02 5.237467681077300451e-04
1.240911380000000008e+02 1.510013475204737693e-04
1.242298820000000035e+02 1.701929325418514646e-04
1.243687029999999965e+02 4.813812940151602181e-04
1.245076020000000057e+02 5.975663900761383866e-04
1.246465780000000052e+02 4.457482625890474455e-04
1.247856320000000068e+02 3.419268696896260798e-04
1.249247629999999987e+02 2.141022532421354638e-04
1.250639720000000068e+02 5.992743713823141249e-04
1.252032580000000053e+02 2.514432659744239747e-04
1.253426220000000058e+02 1.476088951542033935e-04
1.254820629999999966e+02 5.817713007859135615e-04
1.256215820000000036e+02 5.509304410052928702e-04
1.257611789999999985e+02 3.990863158123431759e-04
1.259008529999999979e+02 4.902389670713232402e-04
1.260406040000000019e+02 4.603883947822337563e-04
1.261804329999999936e+02 6.255345570808147106e-04
1.263203390000000041e+02 5.706774958313251198e-04
1.264603230000000025e+02 4.428171691695059579e-04
1.266003850000000028e+02 4.859535770953566508e-04
1.267405239999999935e+02 2.600867614731389686e-04
1.268807440000000071e+02 3.522165548458075675e-04
1.270210380000000043e+02 5.173432502631890480e-04
1.271614090000000061e+02 4.864667221325010005e-04
1.273018579999999957e+02 2.365869285894839531e-04
1.274423850000000016e+02 7.677038696341353247e-04
1.275829889999999978e+02 2.104817587130718322e-03
1.277236709999999960e+02 3.734928039214970453e-03
1.278644299999999987e+02 5.365035267751153483e-03
1.280052670000000035e+02 3.869139230875005483e-03
1.281461810000000128e+02 1.642239970450788070e-03
1.282871729999999957e+02 1.806337444614241998e-03
1.284282420000000116e+02 5.804316952296244801e-04
1.285693890000000010e+02 8.915226804326785784e-04
1.287106129999999951e+02 8.856104420876627012e-04
1.288519149999999911e+02 5.866949383303166760e-04
1.289932939999999917e+02 8.497762110249006823e-04
1.291347509999999943e+02 8.928542183071546887e-04
1.292762850000000014e+02 5.939290020413388708e-04
1.294178970000000106e+02 8.810005203631929120e-04
1.295595869999999934e+02 5.080687732727184013e-04
1.297013540000000091e+02 2.581338026341720333e-04
1.298431980000000010e+02 4.481956084475577189e-04
1.299851199999999949e+02 4.172541488486132717e-04
1.301271199999999908e+02 2.653094238373389542e-04
1.302691969999999912e+02 3.323614752779942456e-04
1.304113509999999962e+02 2.774103031705802899e-04
1.305535869999999932e+02 5.145569819379374257e-05
1.306958960000000047e+02 1.434980371259799575e-04
1.308382829999999899e+02 5.525371106458367571e-04
1.309807480000000055e+02 3.515729187533621000e-04
1.311232899999999972e+02 3.206269316458642583e-04
1.312659099999999910e+02 5.837045992039564118e-04
1.314086069999999893e+02 5.287790693171033271e-04
1.315513819999999896e+02 7.178503004600460778e-04
1.316942339999999945e+02 6.629183341580438711e-04
1.318371630000000039e+02 5.109831704110971359e-04
1.319801710000000128e+02 2.120447261686870220e-04
1.321232550000000003e+02 4.501031260065921878e-04
1.322664179999999874e+02 4.691582453490348269e-04
1.324096580000000074e+02 3.412101672465306379e-04
1.325529750000000035e+02 3.592588916990833818e-04
1.326963700000000017e+02 7.923043771814321061e-04
1.328398420000000044e+02 6.153466652188354334e-04
1.329833920000000091e+02 4.873857142860347352e-04
1.331270189999999900e+02 5.794215659082908171e-04
1.332707240000000013e+02 2.314541785603417209e-04
1.334145069999999862e+02 3.964835522421899031e-04
1.335583670000000041e+02 4.155097284790913899e-04
1.337023039999999980e+02 5.795327072710496769e-04
1.338463189999999940e+02 3.055524470928039187e-04
1.339904119999999921e+02 2.015689479443541487e-04
1.341345849999999871e+02 1.955821267751825000e-04
1.342788329999999917e+02 1.895921912115840387e-04
1.344231580000000008e+02 3.305990582030404745e-04
1.345675610000000120e+02 3.736026862242928896e-04
1.347120409999999993e+02 6.356031168006015183e-04
1.348565979999999911e+02 2.876003499319651838e-04
1.350012340000000108e+02 3.555943025678647354e-04
1.351459460000000092e+02 3.005850992840795703e-04
1.352907360000000097e+02 1.475726570300903845e-04
1.354356040000000121e+02 3.855569758058974630e-04
1.355805489999999907e+02 3.065380971367607371e-04
1.357255719999999997e+02 4.225159794974185472e-04
1.358706730000000107e+02 6.124906228878730478e-04
1.360158500000000004e+02 4.834621103586424044e-04
1.361611059999999895e+02 5.024303173339485055e-04
1.363064380000000142e+02 4.473953683895677200e-04
1.364518490000000099e+02 5.633571389497254306e-04
1.365973370000000102e+02 1.913157120649383244e-04
1.367429019999999866e+02 1.852710877352069935e-04
1.368885449999999935e+02 2.282232244352707697e-04
1.370342660000000024e+02 1.731721221651305251e-04
1.371800639999999873e+02 3.871178224500466253e-04
1.373259390000000053e+02 2.590603252900164702e-04
1.374718919999999969e+02 4.229995891597837510e-04
1.376179229999999905e+02 9.789356140593469952e-04
1.377640309999999886e+02 -1.011315584860347262e-04
1.379102200000000096e+02 6.247979054226013296e-04
1.380564829999999859e+02 3.987242964620719456e-04
1.382028229999999951e+02 5.156474900565961514e-04
1.383492410000000064e+02 5.101731269158186165e-04
1.384957369999999912e+02 9.444518212664686913e-04
1.386423100000000090e+02 7.687280340440021988e-04
1.387889610000000005e+02 4.220017330202005014e-04
1.389356889999999964e+02 3.682729504232836945e-04
1.390824949999999944e+02 3.155416540250297920e-04
1.392293779999999970e+02 6.518078760536609451e-04
1.393763390000000015e+02 -3.592841571904443337e-05
1.395233770000000106e+02 4.473328109351353866e-04
1.396704929999999933e+02 3.445915237879791301e-04
1.398176860000000090e+02 3.158477550677068861e-04
1.399649569999999983e+02 9.211014725460987297e-04
1.401123059999999896e+02 5.753526762231537563e-04
1.402597309999999879e+02 3.506014305553160904e-04
1.404072349999999858e+02 2.478476388579190816e-04
1.405548159999999882e+02 4.140913655874076810e-04
1.407024739999999952e+02 6.533326107437814612e-04
1.408502100000000041e+02 2.335713420988181493e-04
1.409980239999999867e+02 9.128075596525190606e-04
1.411459150000000022e+02 2.240412956331038451e-04
1.412938829999999939e+02 4.632725500405749687e-04
1.414419289999999876e+02 4.345012906467092886e-04
1.415900560000000041e+02 9.907274207668389631e-04
1.417382570000000044e+02 4.009511659985214374e-04
1.418865360000000067e+02 8.841723974288670691e-04
1.420348920000000135e+02 9.033911472860977308e-04
1.421833220000000040e+02 7.766075122548812132e-04
1.423318370000000073e+02 4.548211378247713453e-04
1.424804220000000043e+02 7.430325074191028532e-04
1.426290920000000142e+02 2.742411376145414449e-04
1.427778319999999894e+02 9.524475118344226474e-04
1.429266570000000058e+02 5.576511466554093244e-04
1.430755519999999876e+02 5.528525255008385347e-04
1.432245320000000106e+02 5.230511649473735397e-04
1.433735819999999990e+02 1.772475484183508310e-04
1.435227170000000001e+02 7.094411924904351577e-04
1.436719290000000058e+02 1.916323549894043653e-04
1.438212120000000027e+02 1.378212292845932586e-04
1.439705800000000124e+02 6.950073641808888775e-04
1.441200179999999875e+02 2.991912431016268033e-04
1.442695400000000063e+02 4.163724148516932851e-04
1.444191329999999880e+02 5.825512983979787979e-04
1.445688100000000134e+02 8.947274747735935955e-04
1.447185580000000016e+02 5.729013629454278445e-04
1.448683910000000026e+02 4.700725117183692653e-04
1.450182939999999974e+02 1.242414045157522531e-04
1.451682820000000049e+02 5.584075579142411955e-04
1.453183400000000063e+02 2.605714553371727207e-04
1.454684819999999945e+02 1.577326455894333124e-04
1.456186950000000024e+02 4.218915476379130752e-04
1.457689929999999947e+02 6.119722792781133458e-04
1.459193610000000092e+02 5.589571146299436750e-04
1.460698140000000080e+02 4.069391150102706634e-04
1.462203370000000007e+02 3.039187807081828070e-04
1.463709450000000061e+02 2.988956114345908688e-04
1.465216230000000053e+02 1.718701074785839410e-04
1.466723859999999888e+02 1.668417685510735146e-04
1.468232189999999946e+02 3.578110949411478052e-04
1.469741370000000131e+02 8.647775863597176749e-04
1.471251249999999970e+02 4.697417430958735450e-04
1.472761979999999937e+02 4.157030648605252766e-04
1.474273479999999950e+02 4.346618184745201785e-04
1.475785689999999875e+02 3.326182040534948238e-04
1.477298739999999952e+02 4.005717880135712360e-04
1.478812499999999943e+02 4.523003938626101589e-06
1.480327110000000062e+02 4.144713848921771811e-04
1.481842420000000118e+02 4.341743116331384100e-05
1.483358570000000043e+02 2.093606758155528401e-04
1.484875429999999881e+02 5.953015524327710892e-04
1.486393140000000130e+02 1.752395940784840997e-04
1.487911550000000034e+02 2.671753010417836534e-04
1.489430800000000090e+02 6.281082063861846698e-04
1.490950760000000059e+02 4.040387436955645596e-04
1.492471569999999872e+02 2.029664460334416887e-04
1.493993079999999907e+02 6.378918136889025203e-04
1.495515440000000069e+02 1.198143463728594191e-04
1.497038499999999885e+02 1.017734544374402934e-03
1.498562400000000139e+02 7.936519407570463008e-04
1.500087010000000021e+02 9.345669691046701658e-04
1.501612470000000030e+02 5.874791624807902332e-04
1.503138629999999978e+02 7.293890211744953091e-04
1.504665640000000053e+02 3.332960448966955889e-04
1.506193350000000066e+02 5.242007339364819583e-04
1.507721909999999923e+02 5.431025880047644049e-04
1.509251170000000002e+02 3.430021073906313472e-04
1.510781279999999924e+02 8.988987918049948060e-04
1.512312169999999867e+02 6.497928747160961610e-04
1.513843760000000032e+02 4.006846229447815887e-04
1.515376190000000065e+02 2.735735695545693513e-04
1.516909330000000011e+02 7.324601481293368035e-04
1.518443320000000085e+02 7.023438917325996751e-04
1.519978000000000122e+02 6.242253340060536712e-04
1.521513539999999978e+02 5.211039079553985570e-04
1.523049780000000055e+02 5.409801472223280117e-04
1.524586860000000001e+02 9.018535848703593781e-04
1.526124649999999860e+02 1.043724654483370491e-03
1.527663290000000131e+02 1.575592889124876814e-03
1.529202630000000056e+02 1.350458789083968433e-03
1.530742820000000108e+02 5.153218540715565413e-04
1.532283710000000099e+02 2.411825843767292400e-04
1.533825439999999958e+02 9.694734138702737654e-04
1.535367880000000014e+02 9.892963474037105853e-04
1.536911169999999913e+02 6.259116979060577735e-03
1.538455160000000035e+02 5.546935715054386595e-03
1.540000000000000000e+02 5.664752149171625034e-03
1.541545539999999903e+02 2.144566687625807083e-03
1.543091929999999934e+02 1.115378924203418859e-03
1.544639019999999903e+02 6.471892651179729852e-04
1.546186959999999999e+02 8.619973041559566944e-04
1.547735600000000034e+02 1.346803447530882727e-03
1.549285089999999911e+02 1.195607289029239784e-03
1.550835280000000012e+02 8.984092348645381608e-04
1.552386319999999955e+02 6.752088788232672549e-04
1.553938139999999919e+02 3.290064104717320848e-04
1.555490660000000105e+02 3.978020464571385348e-04
1.557044019999999875e+02 7.595954076468768197e-04
1.558598090000000127e+02 6.093868460926555285e-04
1.560153009999999938e+02 4.091759826618658440e-04
1.561708619999999996e+02 4.049632506489182250e-04
1.563265089999999873e+02 9.867481896785005192e-04
1.564822259999999972e+02 1.007531233045024562e-03
1.566380279999999914e+02 5.143119745349789083e-04
1.567938990000000103e+02 6.810908474427757563e-04
1.569498560000000111e+02 3.838673913931023654e-04
1.571058830000000057e+02 2.826420396803716682e-04
1.572619950000000131e+02 4.974143860910706320e-04
1.574181769999999858e+02 9.571848368387129383e-04
1.575744439999999997e+02 6.849529857097839351e-04
1.577307810000000075e+02 5.827192389177978608e-04
1.578872029999999995e+02 5.544831902492418536e-04
1.580436950000000138e+02 3.792452459176276838e-04
1.582002720000000124e+02 6.430049997094441049e-04
1.583569190000000049e+02 8.587628578382031433e-04
1.585136510000000101e+02 5.865184140903920325e-04
1.586704530000000091e+02 3.862720746795229865e-04
1.588273399999999924e+02 6.260234333920846640e-04
1.589842969999999980e+02 5.977728964415881651e-04
1.591413389999999879e+02 4.465200576145220406e-04
1.592984590000000082e+02 2.472651064771907645e-04
1.594556479999999965e+02 5.610082867577039466e-04
1.596129229999999950e+02 3.367491380807455248e-04
1.597702679999999873e+02 4.294880937407298104e-04
1.599276969999999949e+02 2.302247746050448303e-04
1.600851969999999937e+02 2.019595327254015884e-04
1.602427820000000054e+02 4.906919889691879234e-04
1.604004370000000108e+02 3.154225495499165220e-04
1.605581760000000031e+02 2.621508353349765938e-04
1.607159859999999867e+02 7.458771983760788434e-04
1.608738810000000115e+02 4.736012595406096336e-04
1.610318460000000016e+02 3.713234250420837865e-04
1.611898960000000045e+02 5.381760580045575563e-04
1.613480160000000012e+02 8.031898623927498197e-04
1.615062200000000132e+02 9.692015491460357658e-04
1.616644949999999881e+02 6.242114459936276127e-04
1.618228550000000041e+02 3.272191999963724486e-04
1.619812850000000140e+02 6.642251893033625405e-04
1.621398000000000081e+02 4.902290357655073212e-04
1.622983849999999961e+02 5.102311175318966375e-04
1.624570549999999969e+02 6.282310564534403750e-04
1.626157949999999914e+02 6.482292306792289231e-04
1.627746199999999988e+02 9.132252620601708035e-04
1.629335149999999999e+02 5.432195287453582110e-04
1.630924960000000112e+02 9.542116273757600148e-04
1.632515530000000012e+02 3.152018100507710148e-04
1.634106810000000110e+02 8.241902028200869326e-04
1.635698940000000050e+02 6.317645274455719641e-05
1.637291759999999954e+02 5.231609631832121691e-04
1.638885439999999960e+02 4.461433055670815939e-04
1.640479819999999904e+02 6.371238832551954015e-04
1.642075040000000001e+02 2.421023433084030889e-04
1.643670970000000011e+02 3.600790134559159802e-04
1.645267749999999864e+02 6.740535407585837233e-04
1.646865229999999940e+02 5.960263033654956358e-04
1.648463559999999859e+02 2.989969231275621791e-04
1.650062580000000025e+02 8.079658034038121259e-04
1.651662460000000010e+02 4.139325156252776031e-04
1.653263039999999933e+02 6.048974631509876874e-04
1.654864469999999983e+02 6.248602678318520513e-04
1.656466599999999971e+02 7.678213078169610680e-04
1.658069580000000087e+02 6.167802049572240850e-04
1.659673260000000141e+02 4.667373374017320421e-04
1.661277790000000039e+02 2.666923270013945094e-04
1.662883019999999874e+02 7.756455519053019956e-04
1.664489100000000121e+02 8.445966339643627523e-04
1.666095880000000022e+02 4.505459513276690968e-04
1.667703510000000051e+02 8.854931258461293080e-04
1.669311840000000018e+02 8.084385356688344581e-04
1.670921020000000112e+02 8.283818026466934631e-04
1.672530899999999860e+02 7.273233049287983459e-04
1.674141639999999995e+02 6.502626391561166803e-04
1.675753139999999917e+02 1.332000574280445097e-04
1.677365350000000035e+02 5.191356857942772650e-04
1.678978409999999997e+02 6.380691713156643515e-04
1.680592159999999922e+02 7.310009173512358686e-04
1.682206769999999949e+02 6.049304953320219780e-04
1.683822079999999914e+02 3.808583086170526811e-04
1.685438240000000008e+02 4.017839790572378007e-04
1.687055090000000064e+02 2.757079100116069034e-04
1.688672799999999938e+02 7.836296729111912746e-04
1.690291210000000035e+02 2.915496711150199986e-04
1.691910469999999975e+02 2.144988655929354684e-04
1.693530430000000138e+02 1.854845958767798592e-04
1.695151239999999859e+02 4.744682198559889083e-04
1.696772750000000087e+02 9.104501092313786476e-04
1.698395109999999875e+02 6.624298923021331928e-04
1.700018159999999909e+02 5.114079655491234749e-04
1.701642080000000021e+02 2.393838829313679056e-04
1.703266680000000122e+02 7.473581152699032646e-04
1.704892150000000015e+02 7.433301917436937849e-04
1.706518309999999872e+02 1.533005583937208961e-04
1.708145320000000140e+02 3.452688187391105001e-04
1.709773030000000063e+02 4.382353444806828379e-04
1.711401590000000112e+02 3.371997639176182310e-04
1.713030850000000100e+02 5.771624487507359940e-04
1.714660959999999932e+02 2.561230272792175411e-04
1.716291850000000068e+02 3.000816729634436537e-04
1.717923429999999883e+02 4.670386088239072194e-04
1.719555870000000084e+02 2.439934135996786688e-04
1.721189009999999939e+02 5.569464837716329997e-04
1.722822999999999922e+02 2.108974476389504672e-04
1.724457679999999868e+02 8.418467016825044620e-04
1.726093219999999917e+02 -4.120617535863279127e-05
1.727729459999999904e+02 5.647392129964120405e-04
1.729366550000000018e+02 4.386824950468202946e-04
1.731004340000000070e+02 5.566240424934101871e-04
1.732642979999999966e+02 -1.064365163646358459e-04
1.734282310000000109e+02 3.045012149535540787e-04
1.735922500000000070e+02 6.664368151870533451e-04
1.737563389999999970e+02 5.893706808167348873e-04
1.739205129999999997e+02 -2.469755985822050422e-05
1.740847569999999962e+02 2.392324648630059745e-04
1.742490860000000055e+02 6.021603832795960169e-04
1.744134850000000085e+02 9.640865670923680309e-04
1.745779689999999960e+02 5.940106446005039009e-04
1.747425230000000056e+02 6.139329875048209467e-04
1.749071619999999996e+02 7.285322410450242696e-05
1.750718709999999874e+02 7.517717261003655253e-04
1.752366649999999879e+02 1.626881217915920278e-04
1.754015290000000107e+02 4.266027828789997929e-04
1.755664789999999869e+02 4.475153128817176054e-04
1.757315059999999960e+02 6.874259348202348650e-04
1.758966020000000015e+02 8.293348469349883260e-04
1.760617839999999887e+02 6.792416279650516191e-04
1.762270350000000008e+02 6.011466991713504751e-04
1.763923719999999946e+02 5.490496392929590866e-04
1.765577790000000107e+02 2.759508448107485506e-04
1.767232710000000111e+02 1.258499440239023784e-04
1.768888330000000053e+02 5.847473086332379347e-04
1.770544800000000123e+02 5.326425669379371893e-04
1.772201959999999872e+02 4.065361154188731202e-04
1.773859980000000007e+02 1.134964170533034984e-03
1.775518700000000081e+02 1.278043246305639053e-03
1.777178269999999998e+02 1.788120825270106190e-03
1.778838540000000137e+02 1.565197171569048407e-03
1.780499660000000119e+02 2.051272021059853332e-03
1.782161480000000040e+02 1.071345637885133843e-03
1.783824150000000088e+02 8.484177579022769266e-04
1.785487520000000075e+02 7.234886452538955579e-04
1.787151739999999904e+02 4.765580357973771882e-04
1.788816659999999956e+02 7.666261936753335443e-04
1.790482430000000136e+02 1.007692854745152614e-03
1.792148899999999969e+02 3.707582831494475768e-04
1.793816219999999930e+02 1.478222147456053400e-04
1.795484240000000113e+02 4.128849136762376137e-04
1.797153110000000140e+02 8.009461157987332039e-04
1.798822680000000105e+02 9.200060852557043114e-04
1.800493109999999888e+02 4.530645402950309215e-04
1.802164310000000000e+02 1.821216394022795362e-04
1.803836200000000076e+02 2.761775234535112852e-04
1.805508949999999970e+02 1.272318930870986343e-04
1.807182400000000086e+02 3.192850300551609323e-04
1.808856700000000046e+02 4.383366702150860109e-04
1.810531689999999969e+02 8.263870953189941674e-04
1.812207539999999995e+02 2.124360060052575810e-04
1.813884089999999958e+02 3.074836840259961065e-04
1.815561490000000049e+02 1.585298652385974845e-04
1.817239580000000103e+02 4.965748313951814930e-04
1.818918539999999950e+02 6.406182655246137145e-04
1.820598180000000070e+02 2.466605022075358655e-04
1.822278680000000008e+02 4.877012244728134906e-04
1.823959879999999885e+02 3.627407140725667691e-04
1.825641929999999888e+02 5.307787068641824004e-04
1.827324680000000114e+02 3.568154669902729673e-04
1.829008279999999900e+02 1.828507303082273303e-04
1.830692579999999907e+02 3.508847609606563413e-04
1.832377740000000017e+02 2.999172771954404515e-04
1.834063580000000115e+02 5.159485959837150845e-04
1.835750290000000007e+02 5.859783827448379048e-04
1.837437689999999861e+02 4.370069544499435420e-04
1.839125940000000128e+02 4.303402934691114012e-05
1.840814890000000048e+02 3.330598715783547603e-04
1.842504690000000096e+02 4.280842170016607977e-04
1.844195269999999880e+02 4.011071888833828321e-04
1.845886549999999886e+02 2.021289280995795974e-04
1.847578680000000020e+02 3.211491705076389980e-04
1.849271500000000117e+02 1.721681978596812171e-04
1.850965180000000032e+02 1.691857107940790590e-04
1.852659559999999885e+02 1.167201991062952280e-03
1.854354789999999866e+02 1.872167745236882723e-04
1.856050710000000095e+02 9.662303429284063716e-04
1.857747490000000141e+02 6.211498545912364118e-04
1.859444970000000126e+02 2.269560725350157002e-04
1.861143299999999954e+02 7.367606912170966216e-04
1.862842330000000004e+02 4.405639928601315022e-04
1.864542209999999898e+02 2.423656952414681570e-04
1.866242790000000014e+02 4.581660805837587183e-04
1.867944219999999973e+02 2.839648666643512266e-04
1.869646349999999870e+02 2.567623357058981988e-04
1.871349329999999895e+02 3.995582054857462016e-04
1.873053009999999858e+02 8.853527582265488787e-04
1.874757539999999949e+02 4.181457117056529369e-04
1.876462769999999978e+02 5.369373481457111793e-04
1.878168850000000134e+02 5.087273853240709869e-04
1.879875629999999944e+02 4.325161054633856143e-04
1.881583259999999882e+02 5.763032263410015118e-04
1.883291590000000042e+02 7.190890301795715284e-04
1.885000780000000020e+02 3.287321594159977461e-05
1.886710740000000044e+02 8.596559529606777848e-04
1.888421390000000031e+02 6.854373917555533482e-04
1.890132900000000120e+02 9.752172124738870199e-04
1.891845109999999863e+02 3.369957161531756968e-04
1.893558170000000018e+02 3.577726205707650389e-04
1.895271920000000136e+02 3.545482267641522633e-04
1.896986530000000073e+02 4.003222148809980254e-04
1.898701839999999947e+02 3.480948859587980424e-04
1.900417999999999950e+02 9.308659577748995507e-04
1.902134859999999890e+02 4.396357125519552260e-04
1.903852569999999957e+02 5.344038680673123941e-04
1.905570969999999988e+02 3.111707253584674541e-04
1.907290240000000097e+02 3.319359457582369156e-04
1.909010189999999909e+02 5.736998867486482485e-04
1.910731010000000083e+02 3.254621908476734889e-04
1.912452509999999961e+02 7.372232155373405378e-04
1.914174879999999916e+02 7.339826033356221247e-04
1.915897929999999860e+02 8.287407117245448700e-04
1.917621849999999881e+02 8.504971832220822262e-04
1.919346449999999891e+02 7.492523753102606817e-04
1.921071919999999977e+02 1.360059305070535941e-04
1.922798080000000027e+02 6.937581874796444874e-04
1.924525089999999921e+02 3.485088451905373266e-04
1.926252800000000036e+02 4.922581858623838354e-04
1.927981359999999995e+02 3.420059272725322393e-04
1.929710699999999974e+02 2.167522011248871044e-04
1.931440739999999892e+02 5.794971579381961568e-04
1.933171629999999936e+02 2.352405154898064982e-04
1.934903209999999945e+02 4.269825748172144560e-04
1.936635650000000055e+02 7.657230160680807314e-04
1.938368790000000104e+02 7.134621402799014040e-04
1.940102779999999996e+02 4.411996652300237106e-04
1.941837460000000135e+02 3.159358919559433938e-04
1.943573010000000068e+02 4.598658547665436264e-04
1.945309239999999988e+02 6.280300959735008641e-04
1.947046330000000012e+02 6.731929325551708632e-04
1.948784119999999973e+02 6.703546258371886717e-04
1.950522760000000062e+02 1.009514930826771548e-03
1.952262100000000089e+02 3.716740925167023131e-04
1.954002289999999959e+02 4.428318659141985015e-04
1.955743180000000052e+02 1.709884960120421592e-04
1.957484919999999988e+02 9.251437378174513565e-04
1.959227359999999862e+02 4.832978363232083227e-04
1.960970649999999864e+02 6.754505465365301907e-04
1.962714640000000088e+02 6.966021134501996972e-04
1.964459479999999871e+02 4.987522920714349472e-04
1.966205019999999877e+02 7.649013273930177666e-04
1.967951419999999985e+02 4.930489580893133430e-04
1.969698500000000081e+02 3.681954781516612579e-04
1.971446449999999970e+02 4.873405772558703350e-04
1.973195090000000107e+02 4.548454939327884958e-05
1.974944580000000087e+02 5.796271332382528811e-04
1.976694850000000088e+02 6.737684431207572548e-04
1.978445820000000026e+02 4.759086097036094700e-04
1.980197640000000092e+02 4.000473879940268269e-04
1.981950150000000122e+02 1.281850393176442535e-04
1.983703529999999944e+02 -1.186787303168773851e-04
1.985457590000000039e+02 8.064563894146527506e-04
1.987212509999999952e+02 6.815901045208964254e-04
1.988968130000000087e+02 3.857226763274873051e-04
1.990724600000000066e+02 2.608538598416437586e-04
1.992481760000000008e+02 6.729839163890003178e-04
1.994239790000000028e+02 8.891125519782173189e-04
1.995998500000000035e+02 7.402400769334865731e-04
1.997758080000000120e+02 1.030366180930616851e-03
1.999518339999999910e+02 5.634911742937996106e-04
2.001279470000000060e+02 5.606147466988423752e-04
2.003041279999999915e+02 8.997372084699380981e-04
2.004803960000000131e+02 1.042858249282893829e-03
2.006567320000000052e+02 9.919781794619025005e-04
2.008331550000000050e+02 3.780966886827715834e-04
2.010096470000000011e+02 9.122140709368407700e-04
2.011862240000000099e+02 2.032330064898475210e-03
2.013628710000000126e+02 3.348444915560457209e-03
2.015396029999999996e+02 3.442558377930004642e-03
2.017164050000000088e+02 4.440670696999899497e-03
2.018932929999999999e+02 4.120781611444508316e-03
2.020702579999999955e+02 3.507891268259498777e-03
2.022472919999999874e+02 1.892999798107689773e-03
2.024244129999999871e+02 1.622106906997741347e-03
2.026016020000000140e+02 1.497212905253844694e-03
2.027788769999999943e+02 1.640317498884661957e-03
2.029562209999999993e+02 9.054209655486783253e-04
2.031336520000000121e+02 1.366755222508463791e-03
2.033111509999999953e+02 7.293671936334838925e-04
2.034887369999999862e+02 8.729779942814185241e-04
2.036663910000000044e+02 5.045878800737002481e-04
2.038441310000000044e+02 5.021966088426565219e-04
2.040219409999999982e+02 1.338043958484412196e-04
2.041998360000000048e+02 4.974110392846596302e-04
2.043778010000000052e+02 8.120167409577064722e-04
2.045558509999999899e+02 1.322621299061187443e-03
2.047339709999999968e+02 5.142249154014963321e-04
2.049121759999999881e+02 7.078273881722394259e-04
2.050904510000000016e+02 6.564289191798105237e-04
2.052688109999999995e+02 8.490293066178158325e-04
2.054472409999999911e+02 1.237628752292649348e-03
2.056257569999999930e+02 1.088227040944157124e-03
2.058043409999999938e+02 1.159824414740012570e-03
2.059830120000000022e+02 1.498420618058782412e-03
2.061617520000000070e+02 1.155015893068140394e-03
2.063405769999999961e+02 6.636100245079324918e-04
2.065194810000000132e+02 6.612030931007160115e-04
2.066984530000000007e+02 7.567952468378471393e-04
2.068775109999999984e+02 5.103862435516528465e-04
2.070566379999999924e+02 8.009763119560460746e-04
2.072358519999999942e+02 2.615652098833542473e-04
2.074151339999999948e+02 5.031531929550097162e-04
2.075945020000000056e+02 8.917400190033393991e-04
2.077739479999999901e+02 4.253257956584210369e-04
2.079534549999999911e+02 5.939107516341668100e-04
2.081330550000000130e+02 3.224944564102697050e-04
2.083127340000000061e+02 5.107709833936449617e-05
2.084924900000000036e+02 7.086587043289703947e-04
2.086723059999999919e+02 6.812395030930004603e-04
2.088522169999999960e+02 6.548190237498682353e-04
2.090322060000000022e+02 6.523974950134875384e-04
2.092122720000000129e+02 7.719749303376175235e-04
2.093923979999999858e+02 3.545515584361722374e-04
2.095726190000000031e+02 7.671269084275643196e-04
2.097529179999999940e+02 8.137012090257083165e-04
2.099332939999999894e+02 1.152274473684363008e-03
2.101137310000000014e+02 6.128469176636821376e-04
2.102942620000000034e+02 7.814180969895989474e-04
2.104748700000000099e+02 7.789882403760265816e-04
2.106555569999999875e+02 6.055573209154465090e-04
2.108363029999999867e+02 7.991256076830495275e-04
2.110171449999999993e+02 4.546926028897312240e-04
2.111980629999999906e+02 1.225857561068348367e-05
2.113790600000000097e+02 4.498234854846273455e-04
2.115601330000000075e+02 8.383873728728417690e-04
2.117412679999999909e+02 7.129504261279614313e-04
2.119224959999999953e+02 1.003512228183438097e-03
2.121038029999999992e+02 6.603414757651883665e-04
2.122851870000000076e+02 2.184908576179474737e-04
2.124666310000000067e+02 4.116396273048659234e-04
2.126481699999999933e+02 3.617874277292034259e-04
2.128297860000000128e+02 5.309344425407120250e-04
2.130114800000000059e+02 4.800806615366279111e-04
2.131932349999999872e+02 6.492262581639393713e-04
2.133750839999999869e+02 8.183708957314337002e-04
2.135570099999999911e+02 -1.448525231390095439e-05
2.137390139999999974e+02 3.746578038251718173e-04
2.139210789999999918e+02 3.488002375956399071e-04
2.141032380000000046e+02 7.369417123062908456e-04
2.142854739999999936e+02 7.840824014041132550e-04
2.144677890000000104e+02 2.942222844835787462e-04
2.146501629999999921e+02 2.923615655999676740e-04
2.148326319999999896e+02 5.584998774537756070e-04
2.150151789999999892e+02 6.306373934919908084e-04
2.151978029999999933e+02 3.357741239173771741e-04
2.153804880000000139e+02 5.049102319741585396e-04
2.155632669999999962e+02 5.030453809711234962e-04
2.157461240000000089e+02 9.401797341524952781e-04
2.159290579999999977e+02 4.503133017210384902e-04
2.161120699999999886e+02 4.724460734739888926e-04
2.162951419999999985e+02 6.655782330610986348e-04
2.164783089999999959e+02 4.447094233856272848e-04
2.166615529999999978e+02 4.178398280973271827e-04
2.168448750000000018e+02 2.939694369934345384e-04
2.170282569999999964e+02 4.390984337237010138e-04
2.172117340000000070e+02 3.882264611913864918e-04
2.173952889999999911e+02 3.373536928434792918e-04
2.175789210000000082e+02 1.644801388827431396e-04
2.177626129999999876e+02 4.066059727561666202e-04
2.179464000000000112e+02 8.687308373670086983e-04
2.181302650000000085e+02 5.988549061622583033e-04
2.183142070000000103e+02 6.449781893446793028e-04
2.184982090000000028e+02 6.681008603612593718e-04
2.186823060000000112e+02 8.862225621152585147e-04
2.188664809999999932e+02 8.843434680536651615e-04
2.190507330000000081e+02 9.794635883792425415e-04
2.192350450000000137e+02 9.775830965389794690e-04
2.194194530000000043e+02 1.146701625233371557e-03
2.196039370000000019e+02 1.144819378517698783e-03
2.197884999999999991e+02 1.264936325783669064e-03
2.199731219999999894e+02 1.117052671086562945e-03
2.201578389999999956e+02 5.291680471268757520e-04
2.203426340000000039e+02 6.732826273515956760e-04
2.205275070000000142e+02 6.963964117607227998e-04
2.207124570000000006e+02 6.695094105570213120e-04
2.208974660000000085e+02 3.996218073902430565e-04
2.210825710000000015e+02 6.657332247581198344e-04
2.212677539999999965e+02 7.861481389690548735e-04
2.214530139999999960e+02 4.679248712896816667e-04
2.216383339999999862e+02 3.197012074316366807e-04
2.218237489999999923e+02 3.924769162906942537e-04
2.220092410000000029e+02 5.622521167204562811e-04
2.221948120000000131e+02 5.610267955149666769e-04
2.223804409999999905e+02 6.078010913367613323e-04
2.225661670000000072e+02 6.805747466697026089e-04
2.227519690000000026e+02 4.593479001763263068e-04
2.229378489999999999e+02 6.531205386506764524e-04
2.231237889999999879e+02 8.958927809463548050e-04
2.233098249999999894e+02 6.506643893561580086e-04
2.234959369999999979e+02 1.577435495939643380e-03
2.236821280000000058e+02 1.307206080887877118e-03
2.238683780000000070e+02 1.257976276260416946e-03
2.240547229999999956e+02 6.457458443500597913e-04
2.242411459999999863e+02 -8.748510259257093365e-05
2.244276460000000100e+02 5.462834420355024406e-04
2.246142059999999958e+02 6.670515904849040221e-04
2.248008619999999951e+02 7.981910504843041983e-05
2.249875949999999989e+02 5.425861111826612345e-04
2.251744050000000072e+02 7.123526088875964564e-04
2.253612929999999892e+02 1.223118591560258279e-03
2.255482409999999902e+02 4.168841780542479562e-04
2.257352840000000072e+02 1.049649137265340308e-03
2.259224040000000002e+02 7.314135880471373365e-04
2.261096019999999953e+02 7.541775237966606401e-04
2.262968600000000094e+02 7.049410633675119199e-04
2.264842130000000111e+02 7.277039756554661487e-04
2.266716439999999864e+02 6.534663729111469567e-04
2.268591519999999946e+02 6.032282617375319626e-04
2.270467199999999934e+02 1.114989754385245068e-03
2.272343830000000082e+02 1.039750619750060825e-03
2.274221239999999966e+02 1.502510970082603309e-03
2.276099419999999895e+02 1.135270811985849941e-03
2.277978200000000015e+02 1.354030257710424822e-03
2.279857930000000010e+02 9.127890761521022071e-04
2.281738440000000026e+02 1.448547379561506256e-03
2.283619720000000086e+02 4.463051745416145907e-04
2.285501600000000053e+02 6.900625733430510627e-04
2.287384439999999870e+02 4.438193382586125540e-04
2.289268040000000042e+02 2.965756013478560446e-04
2.291152429999999924e+02 3.443313428018483432e-04
2.293037410000000023e+02 7.090866946801463542e-04
2.294923339999999996e+02 4.388414192755472594e-04
2.296810049999999990e+02 6.575956288386746763e-04
2.298697540000000004e+02 9.733493233695285091e-04
2.300585800000000063e+02 4.841025094710866639e-04
2.302474650000000054e+02 1.658553059969508853e-04
2.304364459999999895e+02 3.846074686369400442e-04
2.306255050000000040e+02 3.093591162446554391e-04
2.308146409999999946e+02 3.331102554230754454e-04
2.310038370000000043e+02 8.198609984228233134e-04
2.311931280000000015e+02 3.546111141396740682e-04
2.313824960000000033e+02 5.483607214272290600e-04
2.315719430000000045e+02 1.085109807079532879e-03
2.317614480000000015e+02 8.858509759120374721e-06
2.319510490000000118e+02 7.646065785528327347e-04
2.321407279999999957e+02 5.193541323142717098e-04
2.323304850000000101e+02 9.331011710434371003e-04
2.325202999999999918e+02 2.728478267998863662e-04
2.327102120000000127e+02 6.375938420674824667e-04
2.329002000000000123e+02 4.413393555087609496e-04
2.330902670000000114e+02 9.280843473147879592e-04
2.332803930000000037e+02 9.758289495451210075e-04
2.334706140000000119e+02 9.745729244925567742e-04
2.336609129999999936e+02 5.823163844077190211e-04
2.338512890000000084e+02 7.280593358935855998e-04
2.340417250000000138e+02 8.978018912007802114e-04
2.342322570000000042e+02 1.145438126220999723e-04
2.344228659999999991e+02 6.528522561412384174e-05
2.346135519999999985e+02 4.790261301768521172e-04
2.348042979999999886e+02 5.747666385609085694e-04
2.349951399999999921e+02 7.935065130590898165e-04
2.351860590000000002e+02 8.424587912797532312e-05
2.353770550000000128e+02 1.809847367675651705e-04
2.355681299999999965e+02 4.237230727719039900e-04
2.357592630000000042e+02 4.954610258035262995e-04
2.359504919999999970e+02 6.651983449492736636e-04
2.361417989999999918e+02 2.729351490627473630e-04
2.363331829999999911e+02 5.646714447469255820e-04
2.365246270000000095e+02 9.784073442524316138e-04
2.367161659999999870e+02 8.551426164750407536e-04
2.369077829999999949e+02 2.438773736653761844e-04
2.370994770000000074e+02 4.626116224264158346e-04
2.372912310000000105e+02 8.763454750087836627e-04
2.374830800000000011e+02 9.970787003082542954e-04
2.376750069999999937e+02 5.068114105754514820e-04
2.378670109999999909e+02 6.285436124133530643e-04
2.380590750000000071e+02 4.072754180725824866e-04
2.382512340000000108e+02 1.620065964489148013e-04
2.384434709999999882e+02 5.267372597929736956e-04
2.386357859999999960e+02 2.814674081047590596e-04
2.388281589999999994e+02 5.481971734438281438e-04
2.390206290000000138e+02 3.029262982940439993e-04
2.392131760000000043e+02 4.726549147149646662e-04
2.394058009999999967e+02 3.253830161036116607e-04
2.395984840000000133e+02 -9.188926548045765925e-05
2.397912640000000124e+02 5.908378124466200521e-04
2.399841209999999876e+02 4.915643819444024277e-04
2.401770559999999932e+02 4.422904364099109983e-04
2.403700680000000034e+02 4.410159824461239706e-04
2.405631390000000067e+02 5.367411389066427830e-04
2.407563069999999925e+02 3.164656548783089567e-04
2.409495510000000138e+02 3.881896690236569963e-04
2.411428740000000062e+02 -5.308683846624612668e-05
2.413362549999999942e+02 3.856362710711345250e-04
2.415297319999999957e+02 8.233587467226400475e-04
2.417232869999999991e+02 3.580807073418720192e-04
2.419169200000000046e+02 1.858021529288305090e-04
2.421106110000000058e+02 2.585232155430728426e-04
2.423043979999999920e+02 2.082436442714401172e-04
2.424982630000000086e+02 -1.303644203246641809e-05
2.426922059999999988e+02 6.696829566313538878e-04
2.428862070000000131e+02 3.504019723224576508e-04
2.430803050000000098e+02 5.451203475247087295e-04
2.432744800000000112e+02 3.728382142976640972e-04
2.434687319999999886e+02 2.005555726413239467e-04
2.436630440000000135e+02 3.702725348063115357e-04
2.438574509999999975e+02 5.889888696884021651e-04
2.440519370000000094e+02 5.137046829352413715e-04
2.442464990000000000e+02 3.664199943557627033e-04
2.444411210000000096e+02 5.111349095976121856e-04
2.446358380000000068e+02 5.098491975565643593e-04
2.448306340000000034e+02 8.265629638802651866e-04
