5.550000000000000000e+02 1.101642857142851994e+01
5.549800000000000182e+02 1.926978571428567477e+01
5.549600000000000364e+02 1.455614285714283085e+01
5.549400000000000546e+02 2.224249999999999261e+01
5.549199999999999591e+02 1.628857142857057738e+00
5.548999999999999773e+02 7.015214285714222342e+00
5.548799999999999955e+02 2.376757142857138660e+01
5.548600000000000136e+02 2.292092857142854712e+01
5.548400000000000318e+02 1.954028571428570160e+01
5.548200000000000500e+02 5.936428571428535861e-01
5.547999999999999545e+02 1.367999999999993577e+01
5.547799999999999727e+02 1.406635714285708616e+01
5.547599999999999909e+02 1.581971428571425520e+01
5.547400000000000091e+02 2.272071428571408092e+00
5.547200000000000273e+02 1.159242857142857019e+01
5.547000000000000455e+02 1.001178571428572184e+01
5.546799999999999500e+02 7.198142857142812545e+00
5.546599999999999682e+02 9.784499999999979991e+00
5.546399999999999864e+02 8.937857142857126291e+00
5.546200000000000045e+02 8.457214285714286461e+00
5.546000000000000227e+02 1.077657142857145800e+01
5.545800000000000409e+02 1.452992857142859862e+01
5.545599999999999454e+02 2.983285714285685231e+00
5.545399999999999636e+02 4.102380952379292012e-01
5.545199999999999818e+02 8.337190476190144750e+00
5.545000000000000000e+02 4.398142857142389062e+00
5.544800000000000182e+02 3.325095238094618821e+00
5.544600000000000364e+02 1.945304761904685620e+01
5.544400000000000546e+02 -1.320000000000902673e+00
5.544199999999999591e+02 2.844095238095242451e+01
5.543999999999999773e+02 3.076790476190465995e+01
5.543799999999999955e+02 3.062885714285688721e+01
5.543600000000000136e+02 3.072280952380911856e+01
5.543400000000000318e+02 1.528276190476135810e+01
5.543200000000000500e+02 9.076714285713606500e+00
5.542999999999999545e+02 4.153766666666693652e+01
5.542799999999999727e+02 3.056461904761916060e+01
5.542599999999999909e+02 2.702557142857139638e+01
5.542400000000000091e+02 1.846227809523769281e+01
5.542200000000000273e+02 1.409898476190397787e+01
5.542000000000000455e+02 1.573569142857024872e+01
5.541799999999999500e+02 2.483939809523845099e+01
5.541599999999999682e+02 5.409104761904742986e+00
5.541399999999999864e+02 1.604581142857101383e+01
5.541200000000000045e+02 1.234951809523730049e+01
5.541000000000000227e+02 3.425222476190359089e+01
5.540800000000000409e+02 2.085593142856987470e+01
5.540599999999999454e+02 2.392638095238069695e+00
5.540399999999999636e+02 9.529344761904354755e+00
5.540199999999999818e+02 -4.066948571429350068e+00
5.540000000000000000e+02 -3.197241904763060916e+00
5.539800000000000182e+02 2.006464761903217209e+00
5.539600000000000364e+02 9.761714285695006765e-01
5.539400000000000546e+02 5.558963809518758126e+00
5.539199999999999591e+02 5.274756190475002882e+00
5.538999999999999773e+02 2.029154857142677315e+01
5.538799999999999955e+02 2.374034095237855979e+01
5.538600000000000136e+02 8.323133333330346773e+00
5.538400000000000318e+02 1.170592571428214512e+01
5.538200000000000500e+02 1.568871809523393779e+01
5.537999999999999545e+02 1.810551047619014753e+01
5.537799999999999727e+02 1.008830285714194019e+01
5.537599999999999909e+02 1.340409523809373127e+01
5.537400000000000091e+02 2.175388761904552837e+01
5.537200000000000273e+02 3.346967999999731092e+01
5.537000000000000455e+02 1.561947238094909096e+01
5.536799999999999500e+02 9.968264761905331284e+00
5.536599999999999682e+02 2.138505714285712145e+01
5.536399999999999864e+02 1.946568761904754297e+01
5.536200000000000045e+02 1.177931809523794016e+01
5.536000000000000227e+02 4.092948571428365767e+00
5.535800000000000409e+02 2.147357904761877023e+01
5.535599999999999454e+02 1.412120952380965377e+01
5.535399999999999636e+02 1.233484000000006375e+01
5.535199999999999818e+02 1.648247047619048544e+01
5.535000000000000000e+02 1.229610095238089684e+01
5.534800000000000182e+02 1.274373142857131569e+01
5.534600000000000364e+02 1.169136190476173454e+01
5.534400000000000546e+02 2.057199238095214611e+01
5.534199999999999591e+02 9.818622857143019189e+00
5.533999999999999773e+02 -6.466746666666566057e+00
5.533799999999999955e+02 3.613883809523848356e+00
5.533600000000000136e+02 5.060514285714262428e+00
5.533400000000000318e+02 1.762240000000013396e+01
5.533200000000000500e+02 1.015128571428601134e+01
5.532999999999999545e+02 6.580171428571084391e+00
5.532799999999999727e+02 -5.524942857143038566e+00
5.532599999999999909e+02 1.100394285714283171e+01
5.532400000000000091e+02 1.506582857142871035e+01
5.532200000000000273e+02 6.893714285714565904e+00
5.532000000000000455e+02 2.065560000000044738e+01
5.531799999999999500e+02 9.584485714285520430e+00
5.531599999999999682e+02 1.927937142857140884e+01
5.531399999999999864e+02 5.675257142857276449e+00
5.531200000000000045e+02 8.603142857143140532e+00
5.531000000000000227e+02 8.332028571429020758e+00
5.530800000000000409e+02 9.426914285714886432e+00
5.530599999999999454e+02 9.988799999999969259e+00
5.530399999999999636e+02 1.994780190476203074e+01
5.530199999999999818e+02 1.120680380952408939e+01
5.530000000000000000e+02 1.089880571428615497e+01
5.529800000000000182e+02 6.456807619048220204e+00
5.529600000000000364e+02 1.714880952381028578e+01
5.529400000000000546e+02 1.804081142857233999e+01
5.529199999999999591e+02 1.183281333333322038e+01
5.528999999999999773e+02 1.112481523809528028e+01
5.528799999999999955e+02 1.611681714285734301e+01
5.528600000000000136e+02 1.237581904761940166e+01
5.528400000000000318e+02 4.834820952381477355e+00
5.528200000000000500e+02 1.699282285714353691e+01
5.527999999999999545e+02 1.465182476190442173e+01
5.527799999999999727e+02 1.407682666666647719e+01
5.527599999999999909e+02 1.390282857142854311e+01
5.527400000000000091e+02 -1.399449523810005758e+00
5.527200000000000273e+02 5.798272380951445371e+00
5.527000000000000455e+02 5.495994285712896499e+00
5.526799999999999500e+02 1.885971619047661818e+01
5.526599999999999682e+02 2.991438095238066808e+00
5.526399999999999864e+02 1.232215999999952771e+01
5.526200000000000045e+02 8.452881904760971565e+00
5.526000000000000227e+02 1.408460380952243440e+01
5.525800000000000409e+02 8.282325714283885532e+00
5.525599999999999454e+02 1.074604761904760153e+01
5.525399999999999636e+02 1.504376952380904697e+01
5.525199999999999818e+02 9.308491428570505377e+00
5.525000000000000000e+02 1.550621333333195651e+01
5.524800000000000182e+02 1.370935238093409225e+00
5.524600000000000364e+02 6.686571428548688800e-01
5.524400000000000546e+02 1.125163428571136848e+01
5.524199999999999591e+02 1.440161142857073173e+01
5.523999999999999773e+02 9.418588571427527256e+00
5.523799999999999955e+02 1.286856571428432972e+01
5.523600000000000136e+02 3.388454285714113468e+01
5.523400000000000318e+02 2.463451999999794850e+01
5.523200000000000500e+02 2.345149714285474118e+01
5.522999999999999545e+02 2.596847428571410887e+01
5.522799999999999727e+02 7.418451428570904227e+00
5.522599999999999909e+02 1.076842857142769816e+01
5.522400000000000091e+02 1.091840571428450346e+01
5.522200000000000273e+02 1.533438285714131410e+01
5.522000000000000455e+02 1.058435999999811372e+01
5.521799999999999500e+02 1.130133714285747004e+01
5.521599999999999682e+02 8.513142857142739217e-01
5.521399999999999864e+02 5.264283809523789159e+00
5.521200000000000045e+02 1.277725333333329871e+01
5.521000000000000227e+02 1.059022285714281253e+01
5.520800000000000409e+02 1.637019238095231799e+01
5.520599999999999454e+02 2.111616190476190980e+01
5.520399999999999636e+02 2.002913142857143214e+01
5.520199999999999818e+02 2.207510095238095005e+01
5.520000000000000000e+02 1.582207047619045426e+01
5.519800000000000182e+02 1.840103999999997342e+01
5.519600000000000364e+02 1.461400952380949292e+01
5.519400000000000546e+02 2.139397904761899838e+01
5.519199999999999591e+02 1.723994857142858450e+01
5.518999999999999773e+02 1.725291809523810116e+01
5.518799999999999955e+02 8.665887619047616397e+00
5.518600000000000136e+02 2.607885714285712453e+01
5.518400000000000318e+02 3.105740000000012913e+01
5.518200000000000500e+02 8.635942857143128037e+00
5.517999999999999545e+02 1.938148571428541800e+01
5.517799999999999727e+02 2.142702857142841566e+01
5.517599999999999909e+02 8.805571428571411730e+00
5.517400000000000091e+02 -4.882885714285592371e+00
5.517200000000000273e+02 3.626571428574081324e-01
5.517000000000000455e+02 6.574200000000395505e+00
5.516799999999999500e+02 2.335274285714270093e+01
5.516599999999999682e+02 1.749828571428569290e+01
5.516399999999999864e+02 2.770982857142868738e+01
5.516200000000000045e+02 4.921371428571688966e+00
5.516000000000000227e+02 2.173391428571468253e+01
5.515800000000000409e+02 1.151245714285767008e+01
5.515599999999999454e+02 1.342399999999997817e+01
5.515399999999999636e+02 1.340606857142843467e+01
5.515199999999999818e+02 1.685513714285690412e+01
5.515000000000000000e+02 2.217120571428534959e+01
5.514800000000000182e+02 1.648727428571380926e+01
5.514600000000000364e+02 2.750234285714226701e+01
5.514400000000000546e+02 2.971841142857073237e+01
5.514199999999999591e+02 1.526748000000003458e+01
5.513999999999999773e+02 2.001654857142850119e+01
5.513799999999999955e+02 1.733261714285696087e+01
5.513600000000000136e+02 1.581468571428541736e+01
5.513400000000000318e+02 1.296375428571387545e+01
5.513200000000000500e+02 9.945822857142331941e+00
5.512999999999999545e+02 1.009489142857163557e+01
5.512799999999999727e+02 9.110960000000098091e+00
5.512599999999999909e+02 1.349302857142854606e+01
5.512400000000000091e+02 1.080199047618991415e+01
5.512200000000000273e+02 1.380995238095128030e+01
5.512000000000000455e+02 1.485191428571263828e+01
5.511799999999999500e+02 8.598761904767115993e-01
5.511599999999999682e+02 6.201838095238073834e+00
5.511399999999999864e+02 1.574279999999944124e+01
5.511200000000000045e+02 8.317761904760807568e+00
5.511000000000000227e+02 1.292672380952216571e+01
5.510800000000000409e+02 2.236768571428353880e+01
5.510599999999999454e+02 2.070964761904759399e+01
5.510399999999999636e+02 2.345160952380896902e+01
5.510199999999999818e+02 1.809257142857033074e+01
5.510000000000000000e+02 1.193453333333169297e+01
5.509800000000000182e+02 1.777649523809305521e+01
5.509600000000000364e+02 2.778445714285442136e+01
5.509400000000000546e+02 3.054503238095197304e+01
5.509199999999999591e+02 2.220560761904750535e+01
5.508999999999999773e+02 1.106618285714269945e+01
5.508799999999999955e+02 -8.062419047621034451e-01
5.508600000000000136e+02 1.885433333333308070e+01
5.508400000000000318e+02 6.047908571428280311e+00
5.508200000000000500e+02 1.340848380952347441e+01
5.507999999999999545e+02 4.536059047619012574e+00
5.507799999999999727e+02 5.062634285714203486e+00
5.507599999999999909e+02 5.720952380939792192e-02
5.507400000000000091e+02 6.417784761904592017e+00
5.507200000000000273e+02 1.137835999999978043e+01
5.507000000000000455e+02 2.343893523809497736e+01
5.506799999999999500e+02 1.786551047619051502e+01
5.506599999999999682e+02 8.693085714285700760e+00
5.506399999999999864e+02 1.472515047619067019e+01
5.506200000000000045e+02 6.324215238095632685e+00
5.506000000000000227e+02 2.118928000000059342e+01
5.505800000000000409e+02 2.562134476190556143e+01
5.505599999999999454e+02 1.582040952380899768e+01
5.505399999999999636e+02 2.485474285713969778e+00
5.505199999999999818e+02 8.850539047618930510e+00
5.505000000000000000e+02 1.049603809523894427e+00
5.504800000000000182e+02 7.881668571428861014e+00
5.504600000000000364e+02 6.880733333333829194e+00
5.504400000000000546e+02 1.167879809523878976e+01
5.504199999999999591e+02 9.277862857142231690e+00
5.503999999999999773e+02 5.142927619047192422e+00
5.503799999999999955e+02 1.237499238095215759e+01
5.503600000000000136e+02 2.084105714285712452e+01
5.503400000000000318e+02 1.645462666666670515e+01
5.503200000000000500e+02 1.320219619047630033e+01
5.502999999999999545e+02 1.571676571428557878e+01
5.502799999999999727e+02 8.643352380951654368e-01
5.502599999999999909e+02 5.578904761904745158e+00
5.502400000000000091e+02 1.119247428571433289e+01
5.502200000000000273e+02 1.940704380952391972e+01
5.502000000000000455e+02 2.821613333333488072e+00
5.501799999999999500e+02 1.060218285714277897e+01
5.501599999999999682e+02 2.981675238095235869e+01
5.501399999999999864e+02 1.199732190476194660e+01
5.501200000000000045e+02 2.094489142857153041e+01
5.501000000000000227e+02 1.435946095238111297e+01
5.500800000000000409e+02 3.873030476190692184e+00
5.500599999999999454e+02 9.054599999999979332e+00
5.500399999999999636e+02 1.553558666666664578e+01
5.500199999999999818e+02 8.784573333333291600e+00
5.500000000000000000e+02 1.853255999999995396e+01
5.499800000000000182e+02 7.847546666666602277e+00
5.499600000000000364e+02 1.156253333333325628e+01
5.499400000000000546e+02 9.810519999999918639e+00
5.499199999999999591e+02 3.592506666666650972e+00
5.498999999999999773e+02 3.404933333333133305e-01
5.498799999999999955e+02 3.389479999999963411e+00
5.498600000000000136e+02 1.300446666666661599e+01
5.498400000000000318e+02 1.391945333333327994e+01
5.498200000000000500e+02 1.166743999999992809e+01
5.497999999999999545e+02 -2.784573333333327128e+00
5.497799999999999727e+02 1.464413333333325795e+00
5.497599999999999909e+02 5.745399999999982299e+00
5.497400000000000091e+02 8.269497142856941707e+00
5.497200000000000273e+02 4.426594285713910892e+00
5.497000000000000455e+02 1.665069142857088025e+01
5.496799999999999500e+02 1.997378857142873443e+01
5.496599999999999682e+02 1.793088571428569367e+01
5.496399999999999864e+02 1.185498285714266586e+01
5.496200000000000045e+02 7.212079999999623681e+00
5.496000000000000227e+02 1.313617714285658877e+01
5.495800000000000409e+02 2.329327428571355085e+01
5.495599999999999454e+02 1.561637142857141924e+01
5.495399999999999636e+02 3.573468571428378482e+00
5.495199999999999818e+02 1.686456571428534090e+01
5.495000000000000000e+02 1.772166285714231293e+01
5.494800000000000182e+02 1.514475999999926614e+01
5.494600000000000364e+02 1.603585714285623709e+01
5.494400000000000546e+02 1.930547619047722208e+01
5.494199999999999591e+02 2.357509523809547147e+01
5.493999999999999773e+02 1.364571428571463940e+01
5.493799999999999955e+02 1.174833333333381091e+01
5.493600000000000136e+02 1.628495238095299413e+01
5.493400000000000318e+02 1.115557142857215922e+01
5.493200000000000500e+02 1.425190476191325217e+00
5.492999999999999545e+02 9.161809523809566258e+00
5.492799999999999727e+02 9.831428571428745045e+00
5.492599999999999909e+02 1.836804761904791405e+01
5.492400000000000091e+02 1.183866666666708767e+01
5.492200000000000273e+02 1.404128571428625349e+01
5.492000000000000455e+02 2.214490476190542267e+01
5.491799999999999500e+02 9.214523809523669229e+00
5.491599999999999682e+02 3.351142857142846765e+00
5.491399999999999864e+02 8.119238095252256926e-02
5.491200000000000045e+02 2.543241904762197692e+00
5.491000000000000227e+02 -3.360708571428119740e+00
5.490800000000000409e+02 2.169340952381560328e+00
5.490599999999999454e+02 1.059839047619006891e+01
5.490399999999999636e+02 9.443999999975005721e-02
5.490199999999999818e+02 1.189048952380942126e+01
5.490000000000000000e+02 1.108653904761910525e+01
5.489800000000000182e+02 1.914958857142877946e+01
5.489600000000000364e+02 9.078638095238460437e+00
5.489400000000000546e+02 1.047468761904814016e+01
5.489199999999999591e+02 5.537737142856656192e+00
5.488999999999999773e+02 1.769978666666632705e+01
5.488799999999999955e+02 4.229836190476007118e+00
5.488600000000000136e+02 6.291885714285690767e+00
5.488400000000000318e+02 6.549925714285699030e+00
5.488200000000000500e+02 5.973965714285711215e+00
5.487999999999999545e+02 1.199005714285668489e+00
5.487799999999999727e+02 5.890045714285683687e+00
5.487599999999999909e+02 1.664708571428569428e+01
5.487400000000000091e+02 1.900512571428571107e+01
5.487200000000000273e+02 3.929165714285716149e+00
5.487000000000000455e+02 9.054205714285728845e+00
5.486799999999999500e+02 1.651124571428569254e+01
5.486599999999999682e+02 4.269285714285700806e+00
5.486399999999999864e+02 1.727325714285711911e+00
5.486200000000000045e+02 2.484365714285722504e+00
5.486000000000000227e+02 1.130940571428573094e+01
5.485800000000000409e+02 1.123344571428574312e+01
5.485599999999999454e+02 1.129148571428569880e+01
5.485399999999999636e+02 7.554838095237904838e+00
5.485199999999999818e+02 7.085190476190113884e+00
5.485000000000000000e+02 8.215542857142317246e+00
5.484800000000000182e+02 1.571289523809452504e+01
5.484600000000000364e+02 5.509247619046732325e+00
5.484400000000000546e+02 1.030659999999893728e+01
5.484199999999999591e+02 9.169952380952452131e+00
5.483999999999999773e+02 1.890030476190466402e+01
5.483799999999999955e+02 1.389765714285686471e+01
5.483600000000000136e+02 3.128009523809069492e+00
5.483400000000000318e+02 7.858361904761274275e+00
5.483200000000000500e+02 8.355714285713482070e+00
5.482999999999999545e+02 3.786066666667004199e+00
5.482799999999999727e+02 -2.950580952380796873e+00
5.482599999999999909e+02 6.179771428571413594e+00
5.482400000000000091e+02 1.514948380952353091e+01
5.482200000000000273e+02 1.438619619047564413e+01
5.482000000000000455e+02 9.222908571427751667e+00
5.481799999999999500e+02 2.926620952381206564e+00
5.481599999999999682e+02 2.496333333333318194e+00
5.481399999999999864e+02 3.567045714285427493e+00
5.481200000000000045e+02 1.153675809523753770e+01
5.481000000000000227e+02 7.606470476189649332e+00
5.480800000000000409e+02 6.110182857141765567e+00
5.480599999999999454e+02 6.246895238095220293e+00
5.480399999999999636e+02 9.050607619047333685e+00
5.480199999999999818e+02 1.055331999999944514e+01
5.480000000000000000e+02 1.422403238095156297e+01
5.479800000000000182e+02 6.126744761903673009e+00
5.479600000000000364e+02 1.269745714285578941e+01
5.479400000000000546e+02 1.830930476190509637e+01
5.479199999999999591e+02 8.455152380952455360e+00
5.478999999999999773e+02 5.968000000000110106e+00
5.478799999999999955e+02 1.801384761904777321e+01
5.478600000000000136e+02 6.592695238095430454e+00
5.478400000000000318e+02 1.872542857143095318e+00
5.478200000000000500e+02 7.884390476190745289e+00
5.477999999999999545e+02 1.459723809523810445e+01
5.477799999999999727e+02 1.291008571428576346e+01
5.477599999999999909e+02 2.988933333333420705e+00
5.477400000000000091e+02 -1.832219047618920627e+00
5.477200000000000273e+02 3.547628571428745659e+00
5.477000000000000455e+02 1.626476190476402905e+00
5.476799999999999500e+02 1.127232380952375479e+01
5.476599999999999682e+02 1.035117142857141914e+01
5.476399999999999864e+02 9.034104761904735881e+00
5.476200000000000045e+02 1.528303809523806223e+01
5.476000000000000227e+02 1.206597142857138039e+01
5.475800000000000409e+02 1.041490476190470105e+01
5.475599999999999454e+02 1.173083809523811283e+01
5.475399999999999636e+02 7.137714285714338303e-01
5.475199999999999818e+02 7.262704761904757333e+00
5.475000000000000000e+02 1.151263809523807424e+01
5.474800000000000182e+02 7.728571428571392232e+00
5.474600000000000364e+02 5.644504761904720169e+00
5.474400000000000546e+02 9.660438095238042422e+00
5.474199999999999591e+02 1.509371428571448348e+00
5.473999999999999773e+02 1.132530476190476776e+01
5.473799999999999955e+02 6.274238095238089841e+00
5.473600000000000136e+02 3.090171428571416357e+00
5.473400000000000318e+02 3.053999999999952308e+00
5.473200000000000500e+02 7.116828571428492012e+00
5.472999999999999545e+02 7.746657142857195311e+00
5.472799999999999727e+02 6.576485714285730921e+00
5.472599999999999909e+02 9.139314285714270625e+00
5.472400000000000091e+02 5.136142857142807827e+00
5.472200000000000273e+02 8.698971428571347531e+00
5.472000000000000455e+02 5.628799999999877457e+00
5.471799999999999500e+02 2.092628571428583939e+00
5.471599999999999682e+02 5.422457142857126655e+00
5.471399999999999864e+02 1.091828571428566619e+01
5.471200000000000045e+02 1.518211428571419930e+01
5.471000000000000227e+02 7.744942857142731896e+00
5.470800000000000409e+02 1.814177142857126768e+01
5.470599999999999454e+02 1.320459999999997791e+01
5.470399999999999636e+02 2.145975428571425425e+01
5.470199999999999818e+02 9.548908571428519565e+00
5.470000000000000000e+02 3.804062857142788801e+00
5.469800000000000182e+02 5.793217142857052693e+00
5.469600000000000364e+02 6.915371428571326362e+00
5.469400000000000546e+02 3.404525714285590254e+00
5.469199999999999591e+02 2.667999999998471594e-02
5.468999999999999773e+02 1.548834285714256964e+00
5.468799999999999955e+02 -8.290114285714764719e-01
5.468600000000000136e+02 6.393142857142798618e+00
5.468400000000000318e+02 6.981297142857059157e+00
5.468200000000000500e+02 6.503451428571331405e+00
5.467999999999999545e+02 1.225960571428572621e+01
5.467799999999999727e+02 1.094775999999998817e+01
5.467599999999999909e+02 5.803914285714263599e+00
5.467400000000000091e+02 9.822571428571308161e+00
5.467200000000000273e+02 1.080822857142835147e+01
5.467000000000000455e+02 3.268857142853960340e-01
5.466799999999999500e+02 -1.220457142857064525e+00
5.466599999999999682e+02 9.865199999999980207e+00
5.466399999999999864e+02 1.818385714285703614e+01
5.466200000000000045e+02 9.669514285714072344e+00
5.466000000000000227e+02 7.522171428571120089e+00
5.465800000000000409e+02 2.807828571428160558e+00
5.465599999999999454e+02 1.112648571428569966e+01
5.465399999999999636e+02 1.407914285714274172e+01
5.465199999999999818e+02 6.864799999999789293e+00
5.465000000000000000e+02 1.388345714285683385e+01
5.464800000000000182e+02 1.723611428571387449e+01
5.464600000000000364e+02 1.488877142857091940e+01
5.464400000000000546e+02 1.228202476190435988e+01
5.464199999999999591e+02 6.975278095237989362e+00
5.463999999999999773e+02 7.469531428571279719e+00
5.463799999999999955e+02 2.929784761904564050e+00
5.463600000000000136e+02 1.145603809523785799e+01
5.463400000000000318e+02 9.416291428571142319e+00
5.463200000000000500e+02 4.043544761904428242e+00
5.462999999999999545e+02 7.603798095238062160e+00
5.462799999999999727e+02 1.056405142857134649e+01
5.462599999999999909e+02 1.891304761904635257e+00
5.462400000000000091e+02 -4.824419047620764900e-01
5.462200000000000273e+02 8.611811428571208182e+00
5.462000000000000455e+02 4.705064761904495185e+00
5.461799999999999500e+02 8.898318095238131775e+00
5.461599999999999682e+02 5.058571428571418949e+00
5.461399999999999864e+02 9.264952380952266253e+00
5.461200000000000045e+02 1.023733333333311180e+01
5.461000000000000227e+02 1.271071428571395501e+01
5.460800000000000409e+02 8.983095238094797708e+00
5.460599999999999454e+02 -1.877523809523559351e+00
5.460399999999999636e+02 1.109485714285728619e+01
5.460199999999999818e+02 1.210123809523813776e+01
5.460000000000000000e+02 4.273619047618971933e+00
5.459800000000000182e+02 8.799999999998249223e-01
5.459600000000000364e+02 9.086380952380672227e+00
5.459400000000000546e+02 9.091761904761519020e+00
5.459199999999999591e+02 1.043114285714315059e+01
5.458999999999999773e+02 1.823752380952399932e+01
5.458799999999999955e+02 2.020990476190484486e+01
5.458600000000000136e+02 9.083285714285693757e+00
5.458400000000000318e+02 5.537395238095228933e+00
5.458200000000000500e+02 1.489250476190476746e+01
5.457999999999999545e+02 3.713614285714228913e+00
5.457799999999999727e+02 1.210172380952377580e+01
5.457599999999999909e+02 1.495683333333330722e+01
5.457400000000000091e+02 2.224494285714283848e+01
5.457200000000000273e+02 6.666052380952379508e+00
5.457000000000000455e+02 1.248816190476191679e+01
5.456799999999999500e+02 5.476271428571386934e+00
5.456599999999999682e+02 4.964380952380921030e+00
5.456399999999999864e+02 1.952490476190455126e+00
5.456200000000000045e+02 -3.934000000000068553e-01
5.456000000000000227e+02 9.661709523809527411e+00
5.455800000000000409e+02 3.182819047619062758e+00
5.455599999999999454e+02 9.537928571428537339e+00
5.455399999999999636e+02 1.395903809523807126e+01
5.455199999999999818e+02 1.581414761904760979e+01
5.455000000000000000e+02 1.820225714285714247e+01
5.454800000000000182e+02 1.990366666666680828e+00
5.454600000000000364e+02 5.911476190476221859e+00
5.454400000000000546e+02 7.599585714285751692e+00
5.454199999999999591e+02 1.515469523809522201e+01
5.453999999999999773e+02 1.757580476190475594e+01
5.453799999999999955e+02 1.133091428571429304e+01
5.453600000000000136e+02 9.052023809523831233e+00
5.453400000000000318e+02 1.077413333333336709e+01
5.453200000000000500e+02 1.169524285714290102e+01
5.452999999999999545e+02 8.883352380952374006e+00
5.452799999999999727e+02 1.280446190476190793e+01
5.452599999999999909e+02 1.379257142857144913e+01
5.452400000000000091e+02 1.698068095238097897e+01
5.452200000000000273e+02 1.833579047619051750e+01
5.452000000000000455e+02 1.205690000000004858e+01
5.451799999999999500e+02 1.114500952380952015e+01
5.451599999999999682e+02 1.170011904761906152e+01
5.451399999999999864e+02 9.521228571428594023e+00
5.451200000000000045e+02 1.580933809523812528e+01
5.451000000000000227e+02 5.097447619047663636e+00
5.450800000000000409e+02 6.019557142857202336e+00
5.450599999999999454e+02 1.180766666666667675e+01
5.450399999999999636e+02 2.328776190476204988e+00
5.450199999999999818e+02 1.098388571428574068e+01
5.450000000000000000e+02 8.437995238095275852e+00
