9.124172400000000493e+01 2.767750653517300416e-04
9.136069999999999425e+01 4.425765677840741777e-04
9.147975399999999979e+01 3.883746621104948275e-04
9.159888499999999567e+01 4.811693920246588700e-04
9.171809399999999357e+01 1.579607138328994326e-04
9.183737999999999602e+01 3.727486712288828087e-04
9.195674400000000048e+01 1.124533220518943426e-03
9.207618499999999528e+01 3.133144053967477222e-04
9.219570400000000632e+01 4.060921821686276634e-04
9.231529999999999347e+01 3.758665945282515901e-04
9.243497399999999686e+01 8.596375987819527414e-04
9.255472600000000227e+01 6.584051949297302711e-04
9.267455499999999802e+01 7.511694266652511887e-04
9.279446099999999831e+01 9.409302939885145003e-04
9.291444500000000062e+01 8.876877532058556099e-04
9.303450599999999326e+01 2.517441848010938850e-03
9.315464500000000214e+01 2.048192534710099010e-03
9.327486199999999883e+01 2.042939813303336696e-03
9.339515600000000006e+01 9.636837274843179126e-04
9.351552800000000332e+01 7.384242335593755105e-04
9.363597599999999943e+01 4.161614189158420810e-04
9.375650299999999504e+01 6.548951524727197361e-04
9.387710699999999520e+01 3.326255216173409218e-04
9.399778899999999737e+01 2.353352482656037928e-03
9.411854800000000409e+01 1.103076079282478295e-03
9.423938499999999863e+01 2.489796267802996208e-03
9.436029899999999770e+01 4.825130919112567696e-04
9.448129000000000133e+01 4.282265516072606033e-04
9.460236000000000445e+01 5.689365595036750822e-04
9.472350699999999790e+01 3.446432029878330854e-04
9.484473099999999590e+01 3.143464820597333467e-04
9.496603299999999592e+01 6.750463530257105535e-04
9.508741200000000049e+01 -1.325714042056842790e-05
9.520886900000000708e+01 1.764359580272286884e-04
9.533040300000000400e+01 2.441256920627690556e-04
9.545201500000000294e+01 -5.318798200761379324e-05
9.557370400000000643e+01 2.824949795097470712e-04
9.569547199999999521e+01 5.461744892275195717e-04
9.581731600000000526e+01 5.408506782266994661e-04
9.593923800000000313e+01 4.135234591199571721e-04
9.606123700000000554e+01 5.541928756009569836e-04
9.618331399999999576e+01 7.448588839760353179e-04
9.630546900000000221e+01 5.195214842451893050e-04
9.642770099999999900e+01 5.631807201020868313e-04
9.655001000000000033e+01 2.648365915467270314e-04
9.667239700000000369e+01 6.254890548854446196e-04
9.679486199999999485e+01 3.031381101182397189e-04
9.691740400000000477e+01 4.437838009387763509e-04
9.704002400000000250e+01 7.074260836533916540e-04
9.716272100000000478e+01 3.600650019557486217e-04
9.728549599999999486e+01 6.227005121521834129e-04
9.740834800000000371e+01 7.883326579363604363e-04
9.753127700000000289e+01 1.729614393082808468e-04
9.765428400000000408e+01 2.165868125742777782e-04
9.777736899999999309e+01 3.082087777343529671e-04
9.790053199999999833e+01 5.958273347885043730e-04
9.802377199999999391e+01 4.934425274303990208e-04
9.814708899999999403e+01 5.610543556600366445e-04
9.827048399999999617e+01 2.626627757837509194e-04
9.839395600000000286e+01 1.326783149520772281e-05
9.851750599999999736e+01 3.498694791007426336e-04
9.864113399999999388e+01 9.054677186003542121e-04
9.876483799999999746e+01 2.900626373813744614e-04
9.888862100000000055e+01 5.286541043628056533e-04
9.901248099999999397e+01 4.502422069319802350e-04
9.913641800000000615e+01 3.468269450888966307e-04
9.926043300000000613e+01 4.874082751398908439e-04
9.938452499999999645e+01 2.629862407786290150e-04
9.950869600000000048e+01 3.545607546177774114e-04
9.963294299999999737e+01 2.031319477383344840e-04
9.975726799999999628e+01 2.706997327529686581e-04
9.988167099999999721e+01 6.312641096616802144e-04
1.000061510000000027e+02 4.548251221581341500e-04
1.001307079999999985e+02 4.013827702423313284e-04
1.002553439999999938e+02 8.839369665269401766e-04
1.003800569999999936e+02 8.053390172149481850e-04
1.005048469999999980e+02 3.355445295803202548e-04
1.006297140000000070e+02 5.247464665346182090e-04
1.007546590000000037e+02 5.189447816439335219e-04
1.008796820000000025e+02 5.621394749082651854e-04
1.010047820000000058e+02 1.173305927615231510e-04
1.011299609999999944e+02 2.575180423358878166e-04
1.012552160000000043e+02 3.737019629330884558e-04
1.013805480000000045e+02 3.678823081192158367e-04
1.015059590000000043e+02 5.820589850264491771e-04
1.016314459999999968e+02 5.762321329565197985e-04
1.017570120000000031e+02 1.278401612607696532e-03
1.018826549999999997e+02 1.272567516847799424e-03
1.020083759999999984e+02 7.787297992429189492e-04
1.021341730000000041e+02 2.261888552660874623e-03
1.022600489999999951e+02 1.597043637799937243e-03
1.023860020000000048e+02 1.298195147527925891e-03
1.025120320000000049e+02 1.145343081844841290e-03
1.026381410000000045e+02 7.974873478828626433e-04
1.027643259999999970e+02 5.726280849437212668e-04
1.028905890000000056e+02 1.103765200159595537e-03
1.030169300000000021e+02 2.389869353048657344e-05
1.031433480000000031e+02 1.640286114903037953e-04
1.032698429999999945e+02 3.041549540390483392e-04
1.033964160000000021e+02 6.892776747428083599e-04
1.035230669999999975e+02 8.303967736015853071e-04
1.036497949999999975e+02 6.285122970492887200e-04
1.037766009999999994e+02 1.086624198652008481e-03
1.039034840000000059e+02 2.267325248436541027e-04
1.040304450000000003e+02 4.158372291903165291e-04
1.041574829999999992e+02 7.269383581259055566e-04
1.042845990000000000e+02 3.550358652165109229e-04
1.044117920000000055e+02 2.031297968960428871e-04
1.045390629999999987e+02 2.702201067305916478e-04
1.046664119999999940e+02 7.033067947201563329e-04
1.047938379999999938e+02 6.493899072986474529e-04
1.049213409999999982e+02 6.184694444660650443e-04
1.050489220000000046e+02 1.003545359788498691e-03
1.051765800000000013e+02 5.826176996998598014e-04
1.053043160000000000e+02 3.326864177662369748e-04
1.054321300000000008e+02 6.677515139876296496e-04
1.055600199999999944e+02 1.125813081231860028e-03
1.056879890000000017e+02 3.388709801971962095e-04
1.058160349999999994e+02 8.209253037514590082e-04
1.059441580000000016e+02 9.129760518946481058e-04
1.060723590000000058e+02 2.480231781928536952e-04
1.062006379999999979e+02 5.840666826460757903e-04
1.063289950000000061e+02 9.681065652543141033e-04
1.064574290000000047e+02 6.201428724514788590e-04
1.065859399999999937e+02 7.611756042375707881e-04
1.067145280000000014e+02 5.351089281337875585e-04
1.068431939999999969e+02 1.065915187268899784e-03
1.069719379999999944e+02 2.133717691629732904e-03
1.071007589999999965e+02 8.825164893544179545e-04
1.072296580000000006e+02 1.511311532304822607e-03
1.073586339999999950e+02 9.681028686190805074e-04
1.074876869999999940e+02 8.638904982971903727e-04
1.076168190000000067e+02 8.576743250628877414e-04
1.077460269999999980e+02 1.608454493330570452e-03
1.078753140000000030e+02 2.261230858685840672e-03
1.080046789999999959e+02 1.572003469266832409e-03
1.081341199999999958e+02 2.346772421349807916e-03
1.082636389999999977e+02 2.486537618658502934e-03
1.083932350000000042e+02 1.919299109331050251e-03
1.085229089999999985e+02 9.120568452293188917e-04
1.086526599999999974e+02 7.598108744914389839e-04
1.087824889999999982e+02 6.555611489792792512e-04
1.089123960000000011e+02 1.064307668692840263e-03
1.090423799999999943e+02 1.497050481770254102e-03
1.091724410000000063e+02 7.097895882115187217e-04
1.093025800000000061e+02 1.045524939878504384e-03
1.094327959999999962e+02 1.137256584909342432e-03
1.095630900000000025e+02 4.709844751659007962e-04
1.096934640000000059e+02 9.287085143719155979e-04
1.098239130000000046e+02 1.093428943218046658e-03
1.099544389999999936e+02 2.015145665428030256e-03
1.100850429999999989e+02 1.275858632863733147e-03
1.102157250000000062e+02 6.595678455251566263e-04
1.103464840000000038e+02 1.727273351550432734e-03
1.104773200000000060e+02 6.959751509395609159e-04
1.106082349999999934e+02 4.696731474162778482e-04
1.107392260000000022e+02 3.903674853949785223e-04
1.108702949999999987e+02 8.230580685993993742e-04
1.110014419999999973e+02 6.947448970295411023e-04
1.111326660000000004e+02 3.714280188235347807e-04
1.112639680000000055e+02 7.071073858432481984e-04
1.113953489999999960e+02 9.197829499505514456e-04
1.115268059999999934e+02 5.474548555598379891e-04
1.116583399999999955e+02 5.411230545329767834e-04
1.117899519999999995e+02 9.007874987318354593e-04
1.119216409999999939e+02 8.944823629454708158e-05
1.120534080000000046e+02 5.711052190829784582e-04
1.121852530000000030e+02 5.157584470971304270e-04
1.123171739999999943e+02 2.414080166132665656e-04
1.124491739999999993e+02 6.740537832169912411e-04
1.125812509999999946e+02 6.676958431845684411e-04
1.127134049999999945e+02 4.663341965159971576e-04
1.128456369999999964e+02 9.239687950731460472e-04
1.129779479999999978e+02 1.115995907178843165e-04
1.131103350000000063e+02 1.052267278646057576e-04
1.132428000000000026e+02 3.678060263804898422e-04
1.133753420000000034e+02 1.932525738398667772e-05
1.135079620000000062e+02 3.548406745022118260e-04
1.136406589999999994e+02 2.013523266311298236e-04
1.137734329999999972e+02 6.348602137707408041e-04
1.139062849999999969e+02 1.393642870250802468e-04
1.140392149999999987e+02 6.948645463941468398e-04
1.141722220000000050e+02 8.103610407739062806e-04
1.143053069999999991e+02 4.618537212683943190e-04
1.144384689999999978e+02 6.503426367735752091e-04
1.145717089999999985e+02 6.438277383934839712e-04
1.147050279999999987e+02 8.573089772321556418e-04
1.148384230000000059e+02 4.607864999774846822e-04
1.149718950000000035e+02 1.088260257733507895e-03
1.151054450000000031e+02 1.301730201604258536e-03
1.152390719999999931e+02 1.173196380485702671e-03
1.153727769999999992e+02 6.786587454818741004e-04
1.155065589999999958e+02 8.431173454887383109e-04
1.156404189999999943e+02 8.605721316103311265e-04
1.157743569999999949e+02 4.150231038466513714e-04
1.159083720000000000e+02 4.814703110936650529e-04
1.160424639999999954e+02 9.869137533513715893e-04
1.161766340000000071e+02 1.273353381723805414e-03
1.163108820000000065e+02 9.497891962109679745e-04
1.164452079999999938e+02 6.012211968128584189e-04
1.165796109999999999e+02 1.306494324254418513e-04
1.167140909999999963e+02 6.370739030487179884e-04
1.168486479999999972e+02 5.574946086826875445e-04
1.169832830000000001e+02 1.014911500431384551e-03
1.171179960000000051e+02 1.057324578294809719e-03
1.172527860000000004e+02 3.427338911689277283e-04
1.173876539999999977e+02 6.041393901577737750e-04
1.175225989999999996e+02 4.265411241573132360e-04
1.176576220000000035e+02 3.469390442715799931e-04
1.177927219999999977e+02 4.383331993965400297e-04
1.179278999999999940e+02 9.927235406362281030e-04
1.180631549999999947e+02 1.303110116886609235e-03
1.181984879999999976e+02 1.199492879251718228e-03
1.183338980000000049e+02 8.508718766275197125e-04
1.184693860000000001e+02 3.072470601180499368e-04
1.186049509999999998e+02 3.006184786192725791e-04
1.187405940000000015e+02 9.039860832352232534e-04
1.188763139999999936e+02 7.023499228618677696e-04
1.190121160000000060e+02 5.247097530193785622e-04
1.191479910000000046e+02 4.690660137714433749e-04
1.192839440000000053e+02 8.044184606382362088e-04
1.194199739999999963e+02 8.217671425157220370e-04
1.195560820000000035e+02 3.761120105079357283e-04
1.196922679999999986e+02 7.114530646148771627e-04
1.198285309999999981e+02 1.192790353732512028e-03
1.199648719999999997e+02 6.001303791762810196e-04
1.201012900000000059e+02 1.619474955088305839e-03
1.202377850000000024e+02 3.918157744018267372e-04
1.203743580000000009e+02 1.166152788329849477e-03
1.205110090000000014e+02 6.714859968723744556e-04
1.206477370000000064e+02 7.138154488163942282e-04
1.207845429999999993e+02 4.381410953749171298e-04
1.209214259999999967e+02 1.359462985334935472e-03
1.210583869999999962e+02 6.447810699094554815e-04
1.211954250000000002e+02 6.620953978854707961e-04
1.213325410000000062e+02 7.044059204759883612e-04
1.214697340000000025e+02 9.667126864680013632e-04
1.216070050000000009e+02 6.180156470745167691e-04
1.217443530000000038e+02 1.246314851082527906e-03
1.218817789999999945e+02 2.410610249705040595e-03
1.220192820000000040e+02 1.695901891729048767e-03
1.221568630000000013e+02 1.274189728367559633e-03
1.222945210000000031e+02 9.744738084075657211e-04
1.224322570000000070e+02 8.947540830620734874e-04
1.225700740000000053e+02 7.910304059701033126e-04
1.227079650000000015e+02 1.076303118640609081e-03
1.228459330000000023e+02 5.085720747126103343e-04
1.229839790000000050e+02 1.111837225399113721e-03
1.231221029999999956e+02 8.120985707001197873e-04
1.232603040000000050e+02 5.373561594026201281e-04
1.233985820000000047e+02 1.262609991506616867e-03
1.235369380000000064e+02 8.168600182251151923e-04
1.236753719999999959e+02 4.191062395581166521e-04
1.238138830000000041e+02 1.389348704292612396e-03
1.239524720000000002e+02 1.211587363641611044e-03
1.240911380000000008e+02 1.308222663921046122e-04
1.242298810000000060e+02 8.800534125440939368e-04
1.243687029999999965e+02 7.272807045235923137e-04
1.245076009999999940e+02 7.445042886915797554e-04
1.246465780000000052e+02 8.357240186870748197e-04
1.247856309999999951e+02 4.379400408710599525e-04
1.249247629999999987e+02 7.241522088825527899e-04
1.250639709999999951e+02 5.463606690825351109e-04
1.252032580000000053e+02 8.085652751100257107e-04
1.253426209999999941e+02 6.557661733260062263e-04
1.254820629999999966e+02 7.459632173694944607e-04
1.256215820000000036e+02 6.171565048144781948e-04
1.257611780000000010e+02 6.593460356609582348e-04
1.259008520000000004e+02 8.725317611219399541e-04
1.260406069999999943e+02 7.437135348364431586e-04
1.261804360000000003e+02 2.238916983134217782e-04
1.263203419999999966e+02 7.300661051918972116e-04
1.264603259999999949e+02 3.082367066848737402e-04
1.266003879999999953e+02 1.057403502792353053e-03
1.267405270000000002e+02 1.099566542301327280e-03
1.268807429999999954e+02 2.411680593708605096e-03
1.270210370000000069e+02 3.356733798691503758e-03
1.271614090000000061e+02 2.445783141427897156e-03
1.273018579999999957e+02 1.779828671433765367e-03
1.274423840000000041e+02 2.749870388709107182e-03
1.275829889999999978e+02 3.621908194221963237e-03
1.277236699999999985e+02 1.279394223652027471e-02
1.278644290000000012e+02 3.217197241657208245e-02
1.280052660000000060e+02 5.460199873437737716e-02
1.281461799999999869e+02 5.408202123945215350e-02
1.282871719999999982e+02 3.679003988228041894e-02
1.284282410000000141e+02 2.040105471237816173e-02
1.285693880000000036e+02 7.674065680229396127e-03
1.287106119999999976e+02 5.079072835350107243e-03
1.288519139999999936e+02 6.244076128224312558e-03
1.289932939999999917e+02 6.457075558852010295e-03
1.291347499999999968e+02 4.643071226265164074e-03
1.292762850000000014e+02 6.272062981915830886e-03
1.294178970000000106e+02 4.458050924835971554e-03
1.295595859999999959e+02 1.302035055025588901e-03
1.297013560000000041e+02 1.515015174420755815e-03
1.298432009999999934e+02 1.726991580117360169e-03
1.299851229999999873e+02 1.524964173083439255e-03
1.301271220000000142e+02 6.639329533189913465e-04
1.302691989999999862e+02 1.071897871308039648e-03
1.304113539999999887e+02 6.498589270505805184e-04
1.305535859999999957e+02 6.668161700625961467e-04
1.306958950000000073e+02 8.067696003440857910e-04
1.308382829999999899e+02 1.067719118863090337e-03
1.309807470000000080e+02 8.406648741675483254e-04
1.311232889999999998e+02 9.316067672255011999e-04
1.312659089999999935e+02 1.266544798036948463e-03
1.314086059999999918e+02 1.454479016117869901e-03
1.315513809999999921e+02 5.684093719522851328e-04
1.316942329999999970e+02 9.033359150561743982e-04
1.318371630000000039e+02 9.692585959135582678e-04
1.319801699999999869e+02 8.891774640404173126e-04
1.321232550000000003e+02 1.517092469920769231e-03
1.322664169999999899e+02 1.730003663070596399e-03
1.324096570000000099e+02 5.989109939739162194e-04
1.325529740000000061e+02 1.080814512146712012e-03
1.326963690000000042e+02 8.297141680730015390e-04
1.328398410000000069e+02 8.226100112687653124e-04
1.329833910000000117e+02 2.045019922180231833e-04
1.331270189999999900e+02 1.052390110920776306e-03
1.332707240000000013e+02 1.927441689300200475e-05
1.334145100000000070e+02 9.891547120707794120e-04
1.335583699999999965e+02 3.470313430659751827e-04
1.337023069999999905e+02 1.047904161330644917e-03
1.338463219999999865e+02 9.187731173488089542e-04
1.339904150000000129e+02 1.228861906090828598e-03
1.341345849999999871e+02 1.931227207464581309e-03
1.342788319999999942e+02 1.460588965300881840e-03
1.344231570000000033e+02 1.794947133579764950e-03
1.345675599999999861e+02 1.251301712301232556e-03
1.347120400000000018e+02 1.488652747485247774e-03
1.348565979999999911e+02 1.238000193111847211e-03
1.350012330000000134e+02 2.159344095200994764e-03
1.351459460000000092e+02 2.518684407732725821e-03
1.352907360000000097e+02 1.609021176727006702e-03
1.354356040000000121e+02 1.309354356163870085e-03
1.355805489999999907e+02 1.326683992063284112e-03
1.357255719999999997e+02 1.491010038405279469e-03
1.358706720000000132e+02 1.460332541209824518e-03
1.360158500000000004e+02 1.062651454456953366e-03
1.361611049999999921e+02 1.006966824166631840e-03
1.363064380000000142e+02 1.049278604318891212e-03
1.364518480000000125e+02 1.262586840933701583e-03
1.365973360000000127e+02 2.788914879910944430e-04
1.367429009999999892e+02 7.361925915110381635e-04
1.368885439999999960e+02 1.047490105473563140e-03
1.370342679999999973e+02 8.697838918187705826e-04
1.371800660000000107e+02 5.210742726864277512e-04
1.373259419999999977e+02 5.873610639966684276e-04
1.374718949999999893e+02 8.246443117694592356e-04
1.376179250000000138e+02 1.292401600479740897e-05
1.377640330000000120e+02 1.772001306827198242e-04
1.379102190000000121e+02 8.534726558032249607e-04
1.380564819999999884e+02 1.090741637386281014e-03
1.382028229999999951e+02 3.760070294119182473e-04
1.383492410000000064e+02 1.012688779001046698e-04
1.384957359999999937e+02 1.388527182850841967e-03
1.386423100000000090e+02 3.807818522241937335e-04
1.387889600000000030e+02 5.930330240800632188e-04
1.389356879999999990e+02 8.792806063785149704e-04
1.390824939999999970e+02 8.975245991195497826e-04
1.392293769999999995e+02 9.877650483231335127e-04
1.393763380000000041e+02 8.840019079693003674e-04
1.395233770000000106e+02 3.892351780580497866e-04
1.396704919999999959e+02 4.554649506293164101e-04
1.398176860000000090e+02 1.009691087623197821e-03
1.399649569999999983e+02 8.569136810796299224e-04
1.401123049999999921e+02 5.571327309986113651e-04
1.402597309999999879e+02 5.743481913601756680e-04
1.404072339999999883e+02 9.335601081842890550e-04
1.405548149999999907e+02 4.877684354509851349e-04
1.407024739999999952e+02 8.959731731602641174e-04
1.408502129999999966e+02 1.036174229272191893e-03
1.409980270000000075e+02 1.761371833886602855e-03
1.411459179999999947e+02 1.046565894963564364e-03
1.412938859999999863e+02 1.431113699662309125e-03
1.414419320000000084e+02 5.211029960680430007e-04
1.415900560000000041e+02 1.028089125654813637e-03
1.417382570000000044e+02 2.487072129022863468e-03
1.418865350000000092e+02 1.578052006172191591e-03
1.420348909999999876e+02 2.646028716502557294e-03
1.421833249999999964e+02 2.347002260013957356e-03
1.423318360000000098e+02 2.071972677306636607e-03
1.424804249999999968e+02 7.969399277803527418e-04
1.426290909999999883e+02 4.239040520353479398e-04
1.427778350000000103e+02 6.138650094713775721e-04
1.429266560000000084e+02 6.318228406886872671e-04
1.430755550000000085e+02 2.357775050870329105e-04
1.432245310000000131e+02 5.227290432666573897e-04
1.433735849999999914e+02 9.556774146273189609e-04
1.435227160000000026e+02 8.516226597692582280e-04
1.436719249999999874e+02 8.945647380922346114e-04
1.438212120000000027e+02 1.035503649596245402e-03
1.439705749999999966e+02 1.029439475481779432e-03
1.441200169999999900e+02 9.013720939481063496e-04
1.442695359999999880e+02 8.213015861957122807e-04
1.444191319999999905e+02 4.742279522245969412e-04
1.445688100000000134e+02 6.141509890335442381e-04
1.447185609999999940e+02 6.080710620247448909e-04
1.448683900000000051e+02 6.019879681969800625e-04
1.450182969999999898e+02 6.689017075502522863e-04
1.451682769999999891e+02 6.138124830857756304e-04
1.453183420000000012e+02 9.007198076006325480e-04
1.454684780000000046e+02 6.266242494982275212e-04
1.456186979999999949e+02 7.665252809754002786e-04
1.457689890000000048e+02 6.634234298353099309e-04
1.459193640000000016e+02 6.323181682747975110e-04
1.460698089999999922e+02 3.822100646972662226e-04
1.462203399999999931e+02 2.050984694988253632e-04
1.463709399999999903e+02 1.687984072883608883e-03
1.465216259999999977e+02 5.348661846474827945e-04
1.466723880000000122e+02 2.357452107928784731e-04
1.468232219999999870e+02 9.376213137207707431e-04
1.469741400000000056e+02 9.554940062282382858e-04
1.471251279999999895e+02 8.523638567186881494e-04
1.472762009999999862e+02 7.972302561884717044e-04
1.474273440000000051e+02 3.270938136412354213e-04
1.475785720000000083e+02 1.077953920073333478e-03
1.477298700000000053e+02 4.368111844884131015e-04
1.478812529999999867e+02 5.776649978828272362e-04
1.480327059999999904e+02 6.195159692602214075e-04
1.481842450000000042e+02 1.053363449016706064e-03
1.483358529999999860e+02 8.522081273564162352e-04
1.484875460000000089e+02 7.240493546754585372e-04
1.486393089999999972e+02 2.538877399774833177e-04
1.487911569999999983e+02 2.229284713798356139e-04
1.489430759999999907e+02 1.584221235392435385e-03
1.490950789999999984e+02 7.005108437245538729e-04
1.492471529999999973e+02 1.621797784755314243e-03
1.493993110000000115e+02 5.180815701055932563e-04
1.495515389999999911e+02 2.336272572213957989e-05
1.497038530000000094e+02 1.433640650522954429e-03
1.498562359999999956e+02 1.086915983157661332e-03
1.500087039999999945e+02 1.276188122544262430e-03
1.501612430000000131e+02 9.044575946295038433e-04
1.503138659999999902e+02 8.737239110342663335e-04
1.504665669999999977e+02 4.039872971642955238e-04
1.506193379999999991e+02 4.472480535605912084e-04
1.507721940000000131e+02 4.175056167087809206e-04
1.509251199999999926e+02 8.267605501232381474e-04
1.510781310000000133e+02 1.431012290289588327e-03
1.512312129999999968e+02 4.972613631545810950e-04
1.513843789999999956e+02 7.845072803390926944e-04
1.515376149999999882e+02 4.377505677898706638e-04
1.516909359999999936e+02 1.944990661992542771e-03
1.518443269999999927e+02 1.256228126461481336e-03
1.519978030000000047e+02 1.225462397682313808e-03
1.521513500000000079e+02 1.879694001601788043e-03
1.523049809999999979e+02 1.555922449840781976e-03
1.524586820000000102e+02 9.151482683460414195e-04
1.526124680000000069e+02 4.453708936031957255e-04
1.527663249999999948e+02 1.440590851558991997e-03
1.529202659999999980e+02 2.118807653834306904e-03
1.530742769999999950e+02 2.406021826375888233e-03
1.532283730000000048e+02 1.985232805669363658e-03
1.533825400000000059e+02 2.345441117661480578e-03
1.535367909999999938e+02 3.413646273973117411e-03
1.536911130000000014e+02 5.312848762983394570e-03
1.538455189999999959e+02 1.070204809631319226e-02
1.539999960000000101e+02 1.313824476234163111e-02
1.541545570000000112e+02 1.025143827268958779e-02
1.543091959999999858e+02 8.756628852762814164e-03
1.544639050000000111e+02 5.747816803102304486e-03
1.546186989999999923e+02 2.446001560193692380e-03
1.547735629999999958e+02 1.951183687551344631e-03
1.549285120000000120e+02 2.141362621660891120e-03
1.550835309999999936e+02 1.402538926036705049e-03
1.552386349999999879e+02 3.984712037164412669e-03
1.553938090000000045e+02 1.805882518558386525e-03
1.555490690000000029e+02 1.996049769136629994e-03
1.557043979999999976e+02 2.209214427548764764e-03
1.558598120000000051e+02 9.343758927127936457e-04
1.560152960000000064e+02 1.392534728143088752e-03
1.561708649999999921e+02 1.581690370325279302e-03
1.563265049999999974e+02 9.658433452061101999e-04
1.564822289999999896e+02 3.252881594923845432e-04
1.566380230000000040e+02 9.300937796812985825e-04
1.567939020000000028e+02 4.858965658568111532e-04
1.569498519999999928e+02 6.026969847975998090e-04
1.571058859999999981e+02 1.403494603066320328e-03
1.572619909999999948e+02 1.129289854100317281e-03
1.574181800000000067e+02 1.002082304462245839e-03
1.575744390000000124e+02 5.568724209307845084e-04
1.577307839999999999e+02 1.137659670044588022e-03
1.578871980000000121e+02 1.499444618606334944e-03
1.580436980000000062e+02 8.342266998133463559e-04
1.582002669999999966e+02 4.140064804683022629e-04
1.583569219999999973e+02 8.487833937685216766e-04
1.585136540000000025e+02 9.655577397860120974e-04
1.586704560000000015e+02 6.913297519101129157e-04
1.588273430000000133e+02 6.860989300208113423e-04
1.589842999999999904e+02 4.858657742381211359e-04
1.591413420000000087e+02 7.006297844420275329e-04
1.592984539999999924e+02 9.883914607525454143e-04
1.594556509999999889e+02 1.281503030496607218e-04
1.596129180000000076e+02 4.649068114533855614e-04
1.597702710000000081e+02 1.216660452502375030e-03
1.599276930000000050e+02 4.304117929993088064e-04
1.600851999999999862e+02 1.523160299482841269e-03
1.602427769999999896e+02 7.859064720729828707e-04
1.604004400000000032e+02 1.097649777308388249e-03
1.605581720000000132e+02 5.063907819917380822e-04
1.607159890000000075e+02 6.481289526616862851e-04
1.608738759999999957e+02 6.178647894382452216e-04
1.610318489999999940e+02 7.559775886006739679e-05
1.611898909999999887e+02 3.393284277298341508e-04
1.613480189999999936e+02 4.560562292448644504e-04
1.615062159999999949e+02 6.457817302078391842e-04
1.616644980000000089e+02 1.104504397157411635e-03
1.618228510000000142e+02 7.572246968722603361e-04
1.619812880000000064e+02 3.369421959150415823e-04
1.621397959999999898e+02 3.076573277230992267e-04
1.622983879999999886e+02 6.193696588590885286e-04
1.624570579999999893e+02 1.298079389371014974e-03
1.626157980000000123e+02 7.067867859895507259e-04
1.627746229999999912e+02 3.834913485946857964e-04
1.629335189999999898e+02 5.251935439650964616e-04
1.630924990000000037e+02 6.178929386634387372e-04
1.632515490000000113e+02 3.925899994683915584e-04
1.634106840000000034e+02 -3.715773740057323055e-06
1.635698889999999892e+02 8.699761191581043430e-04
1.637291789999999878e+02 2.786651780428636444e-04
1.638885390000000086e+02 3.463519030342324112e-04
1.640479850000000113e+02 2.930357606708656809e-04
1.642075000000000102e+02 1.654717317755443262e-03
1.643670999999999935e+02 1.038578671531863173e-03
1.645267699999999991e+02 8.386615492823073408e-04
1.646865259999999864e+02 4.187417786171857351e-04
1.648463509999999985e+02 5.608198830605044382e-04
1.650062609999999950e+02 6.038953698837871368e-04
1.651662420000000111e+02 8.919686702244506273e-04
1.653263070000000141e+02 2.530393837406079080e-04
1.654864430000000084e+02 1.741079107741469153e-04
1.656466629999999896e+02 4.871738509831797354e-04
1.658069529999999929e+02 6.772376355051229393e-04
1.659673290000000065e+02 7.702987716114998362e-04
1.661277739999999881e+02 7.403577828263184979e-04
1.662883050000000082e+02 1.053414145625569892e-03
1.664489130000000046e+02 1.170468137169024215e-03
1.666095909999999947e+02 2.375199730253901333e-04
1.667703539999999975e+02 1.835691912617192076e-04
1.669311869999999942e+02 9.356162538109595627e-04
1.670921050000000037e+02 1.125660698740163067e-03
1.672530930000000069e+02 5.837029879822781993e-04
1.674141669999999920e+02 -1.292573711911726604e-04
1.675753100000000018e+02 4.277801447438170303e-04
1.677365379999999959e+02 8.618150430587706752e-04
1.678978360000000123e+02 1.174847785686634807e-03
1.680592190000000130e+02 1.755877910694463072e-03
1.682206720000000075e+02 3.589058800152027107e-04
1.683822110000000123e+02 1.061931200920375939e-03
1.685438190000000134e+02 1.080954396933990090e-03
1.687055119999999988e+02 2.589974975327568370e-03
1.688672760000000039e+02 2.608993367238527337e-03
1.690291239999999959e+02 3.239009172324980399e-03
1.691910420000000101e+02 2.648022821724343827e-03
1.693530460000000062e+02 5.680338227081415357e-04
1.695151189999999986e+02 1.076042698800380552e-03
1.696772780000000012e+02 7.290489264770527809e-04
1.698395060000000001e+02 6.510530292621663278e-04
1.700018200000000093e+02 2.648054483631713182e-03
1.701642029999999863e+02 2.447053813109702214e-03
1.703266720000000021e+02 1.470504941721237097e-04
1.704892100000000141e+02 6.800450503429865054e-04
1.706518340000000080e+02 1.041036958098283394e-03
1.708145350000000064e+02 5.960264945977825860e-04
1.709773059999999987e+02 9.090138754101931935e-04
1.711401620000000037e+02 1.098998638602566996e-03
1.713030880000000025e+02 3.619812461078521855e-04
1.714660990000000140e+02 1.161961235993100479e-03
1.716291799999999910e+02 3.999390701912611495e-04
1.717923470000000066e+02 1.005914255973854423e-03
1.719555829999999901e+02 6.588873168648896146e-04
1.721189039999999864e+02 6.778577601358880701e-04
1.722822950000000048e+02 7.708260477197970357e-04
1.724457710000000077e+02 4.492984771111171007e-04
1.726093180000000018e+02 1.033868736790209642e-04
1.727729490000000112e+02 2.454732611933295103e-04
1.729366499999999860e+02 4.615579744963097908e-04
1.731004369999999994e+02 5.556406309110847007e-04
1.732642930000000092e+02 6.247216370318352252e-04
1.734282340000000033e+02 9.378006101816865631e-04
1.735922459999999887e+02 4.708778852029043291e-04
1.737563419999999894e+02 7.109531511705265714e-04
1.739205090000000098e+02 5.600267190095146140e-04
1.740847599999999886e+02 4.340982777949087159e-04
1.742490809999999897e+02 2.591681623689731347e-04
1.744134880000000010e+02 5.732359900548328856e-04
1.745779650000000061e+02 5.203021435293636804e-04
1.747425259999999980e+02 6.623662879502997336e-04
1.749071649999999920e+02 -9.857143317853090270e-05
1.750718740000000082e+02 3.124891714813086952e-04
1.752366690000000062e+02 8.465477192529444325e-04
1.754015330000000006e+02 7.936046167305557848e-04
1.755664820000000077e+02 3.986594812372672050e-04
1.757315010000000086e+02 8.827126715326495980e-04
1.758966049999999939e+02 -9.723617114286734961e-05
1.760617790000000014e+02 3.138133119702861103e-04
1.762270389999999907e+02 9.198607381952356166e-04
1.763923680000000047e+02 4.279065141261600806e-04
1.765577820000000031e+02 5.949502570861852540e-04
1.767232659999999953e+02 4.929923258348814681e-04
1.768888359999999977e+02 6.360323376953729924e-04
1.770544749999999965e+02 2.107069926184025783e-05
1.772201990000000080e+02 4.571070278574075694e-04
1.773859940000000108e+02 2.571416583243410687e-04
1.775518730000000005e+02 1.801742797376800279e-04
1.777178220000000124e+02 4.452052269396894295e-04
1.778838570000000061e+02 5.142341172534945892e-04
1.780499609999999961e+02 1.442613572732757087e-04
1.782161509999999964e+02 8.232865404048520571e-04
1.783824099999999930e+02 1.430310073242404070e-03
1.785487549999999999e+02 1.621331549191751698e-03
1.787151690000000031e+02 3.483513748470746033e-04
1.788816689999999880e+02 4.663691436141937860e-04
1.790482460000000060e+02 7.138507074885001077e-05
1.792148929999999893e+02 7.023993236721779625e-04
1.793816250000000139e+02 7.954115436246052837e-04
1.795484270000000038e+02 2.794220893657042718e-04
1.797153150000000039e+02 2.014305782185987618e-04
1.798822710000000029e+02 6.124374406947734979e-04
1.800493140000000096e+02 3.894422223654389311e-04
1.802164260000000127e+02 2.144453537420799643e-04
1.803836230000000000e+02 4.784464521478217804e-04
1.805508900000000096e+02 4.744458763422339026e-04
1.807182430000000011e+02 8.858953982709827498e-04
1.808856649999999888e+02 -1.911077509295106697e-04
1.810531719999999893e+02 2.698875751738263862e-04
1.812207490000000121e+02 7.798816456450238365e-04
1.813884119999999882e+02 5.808741734824508394e-04
1.815561439999999891e+02 5.048654636253400085e-04
1.817239620000000002e+02 8.928552111344576978e-04
1.818918490000000077e+02 -6.215627905096165161e-05
1.820598209999999995e+02 8.138307060674499285e-04
1.822278640000000109e+02 1.420816417616119730e-03
1.823959910000000093e+02 6.118006224062227157e-04
1.825641889999999989e+02 5.847835536265843159e-04
1.827324710000000039e+02 4.837649780883785441e-04
1.829008240000000001e+02 2.127451289804315566e-04
1.830692610000000116e+02 7.217237731139171386e-04
1.832377689999999859e+02 3.777011436776620337e-04
1.834063620000000014e+02 3.496769895452369204e-04
1.835750319999999931e+02 9.086514542174589041e-04
1.837437720000000070e+02 1.976246632575412053e-04
1.839125970000000052e+02 8.775963476014545829e-04
1.840814919999999972e+02 1.143566776313228702e-03
1.842504720000000020e+02 1.091535680328833448e-03
1.844195220000000006e+02 9.905033287122989166e-04
1.845886580000000095e+02 7.434694344619929320e-04
1.847578629999999862e+02 1.304343025171501294e-04
1.849271530000000041e+02 9.573976458761374259e-04
1.850965129999999874e+02 9.543597336029859771e-04
1.852659590000000094e+02 1.122320278696062757e-03
1.854354739999999993e+02 2.340279586094602335e-03
1.856050749999999994e+02 1.726237350859371111e-03
1.857747449999999958e+02 2.456193877929602025e-03
1.859445000000000050e+02 3.747148880303663790e-03
1.861143250000000080e+02 2.376102627045586623e-03
1.862842359999999928e+02 3.106054831153738302e-03
1.864542160000000024e+02 1.394005797567352250e-03
1.866242819999999938e+02 1.561955221347195201e-03
1.867944170000000099e+02 9.969034074325004366e-04
1.869646380000000079e+02 1.311850050884034655e-03
1.871349280000000022e+02 1.674795456641031601e-03
1.873053040000000067e+02 7.197393197642572293e-04
1.874757490000000075e+02 1.228681945192945527e-03
1.876462799999999902e+02 2.006230279878630106e-04
1.878168890000000033e+02 5.885627116498246209e-04
1.879875659999999868e+02 4.875011755548513568e-04
1.881583300000000065e+02 6.554380788885042853e-04
1.883291629999999941e+02 7.253737445276204048e-04
1.885000809999999944e+02 8.730788547056715860e-05
1.886710689999999886e+02 6.212407707813746068e-04
1.888421419999999955e+02 3.011721313960126641e-04
1.890132849999999962e+02 6.891022363785114131e-04
1.891845140000000072e+02 7.339916778769173863e-04
1.893558119999999860e+02 3.648325928011486021e-04
1.895271960000000036e+02 5.576719217096840885e-04
1.896986479999999915e+02 5.545099965592986376e-04
1.898701869999999872e+02 3.063464669511750844e-04
1.900417950000000076e+02 6.701816648420864941e-04
1.902134890000000098e+02 7.150152767173033113e-04
1.903852520000000084e+02 1.395847616091555783e-03
1.905571009999999887e+02 1.709678369450113363e-03
1.907290189999999939e+02 1.511507850307705798e-03
1.909010230000000092e+02 1.923335745149603454e-03
1.910730959999999925e+02 1.285162367490536982e-03
1.912452549999999860e+02 2.014987403815775291e-03
1.914174830000000043e+02 1.547811167640048610e-03
1.915897970000000043e+02 1.739633345448627364e-03
1.917621800000000007e+02 7.114542507562415449e-04
1.919346490000000074e+02 1.245273570048160668e-03
1.921071949999999902e+02 9.490914693027718797e-04
1.922798109999999951e+02 8.479080776143750782e-04
1.924525120000000129e+02 4.297231183523261139e-04
1.926252829999999960e+02 9.885368681472703634e-04
1.927981399999999894e+02 4.483490319265192757e-04
1.929710650000000101e+02 1.128159941646846107e-03
1.931440770000000100e+02 8.569692469094355655e-04
1.933171580000000063e+02 4.137772796710603913e-04
1.934903250000000128e+02 7.285837264169900233e-04
1.936635599999999897e+02 5.053889191039986992e-04
1.938368820000000028e+02 1.088192507333268690e-03
1.940102730000000122e+02 8.899948230615742622e-04
1.941837500000000034e+02 8.867955527741852671e-04
1.943572959999999910e+02 1.493595009985831511e-03
1.945309269999999913e+02 9.533928996238259096e-04
1.947046280000000138e+02 4.861894983188120396e-04
1.948784149999999897e+02 5.069845109981042193e-04
1.950522709999999904e+02 6.017782511764312951e-04
1.952262130000000013e+02 3.295704053390632621e-04
1.954002240000000086e+02 2.783612870007307169e-04
1.955743209999999976e+02 2.501505826467035438e-04
1.957484870000000114e+02 3.449386057917113737e-04
1.959227390000000071e+02 1.073725042921024574e-03
1.960970599999999990e+02 7.045102075493732928e-04
1.962714670000000012e+02 1.434293786162026650e-03
1.964459520000000055e+02 6.250759262953289614e-04
1.966205050000000085e+02 9.878568123697097601e-04
1.967951449999999909e+02 7.406360939863528003e-04
1.969698539999999980e+02 1.494414103102030935e-03
1.971446479999999895e+02 4.651905446440572677e-04
1.973195120000000031e+02 9.596569524307569580e-05
1.974944619999999986e+02 9.227392598263994394e-04
1.976694799999999930e+02 7.735115703508017989e-04
1.978445849999999950e+02 6.975699791890823450e-04
1.980197589999999934e+02 5.997342268490877875e-05
1.981950190000000021e+02 1.303755914261518246e-04
1.983703480000000070e+02 7.627767373991828966e-04
1.985457619999999963e+02 1.741766234403586446e-04
1.987212460000000078e+02 9.765754718905942343e-04
1.988968160000000012e+02 4.129730455862469268e-04
1.990724549999999908e+02 4.343695965136874998e-04
1.992481799999999907e+02 1.147648726865447877e-04
1.994239739999999870e+02 7.711591260911900003e-04
1.995998539999999934e+02 3.655210474125185718e-05
1.997758029999999962e+02 5.219440606231016879e-04
1.999518380000000093e+02 4.213347417503680381e-04
2.001279419999999902e+02 1.273724400109422974e-03
2.003041320000000098e+02 2.211127837138938642e-04
2.004803909999999973e+02 5.355001445501532658e-04
2.006567359999999951e+02 8.998862306318293047e-04
2.008331499999999892e+02 6.042712939452932110e-04
2.010096499999999935e+02 3.816550825041738529e-04
2.011862279999999998e+02 1.100377148902929089e-04
2.013628740000000050e+02 2.054193393309275938e-04
2.015396069999999895e+02 5.937996741942517479e-04
2.017164089999999987e+02 1.274178986289363274e-03
2.018932959999999923e+02 8.565570384526195388e-04
2.020702530000000081e+02 1.464934053024935772e-03
2.022472960000000057e+02 1.413309792842668867e-03
2.024244070000000022e+02 1.044684524714917934e-03
2.026016050000000064e+02 9.440579670098556446e-04
2.027788720000000069e+02 1.429430386536581369e-03
2.029562249999999892e+02 7.918015313087241932e-04
2.031336469999999963e+02 8.117165331265465225e-05
2.033111550000000136e+02 4.455405005620015910e-04
2.034887310000000014e+02 5.159083398658646531e-04
2.036663939999999968e+02 7.082748895924167142e-04
2.038441259999999886e+02 7.546404165507566682e-04
2.040219439999999906e+02 6.800466875451322783e-05
2.041998309999999890e+02 7.003678981900578367e-04
2.043778039999999976e+02 3.557298528710189207e-04
2.045558460000000025e+02 3.780907847837680072e-04
2.047339739999999892e+02 7.904504419419342703e-04
2.049121710000000007e+02 1.226809076331888005e-03
2.050904539999999940e+02 1.501664359672587117e-04
2.052688060000000121e+02 5.385227728344169507e-04
2.054472440000000120e+02 2.805877834946992212e-03
2.056257600000000139e+02 1.436231740886805951e-03
2.058043450000000121e+02 2.239584624058408007e-03
2.059830149999999946e+02 4.213936247298154768e-03
2.061617549999999994e+02 2.502286832946960804e-03
2.063405809999999860e+02 3.012636143841184149e-03
2.065194749999999999e+02 2.252984446789922744e-03
2.066984559999999931e+02 1.029667749870797787e-03
2.068775060000000110e+02 1.125753189546599073e-03
2.070566420000000107e+02 2.148837709634643812e-03
2.072358470000000068e+02 1.243921491913906573e-03
2.074151369999999872e+02 9.000043652982936057e-04
2.075944969999999898e+02 5.570864901810177773e-04
2.077739430000000027e+02 3.351676954759848920e-04
2.079534580000000119e+02 1.187248162962170357e-03
2.081330590000000029e+02 9.173277108605990167e-04
2.083127289999999903e+02 4.754065209502460437e-04
2.084924849999999878e+02 7.664844114521359277e-04
2.086723100000000102e+02 1.082561564145243654e-03
2.088522209999999859e+02 1.446637797250595152e-03
2.090322009999999864e+02 1.126713292547164768e-03
2.092122669999999971e+02 1.539787868255977242e-03
2.093924020000000041e+02 2.001861706156007979e-03
2.095726229999999930e+02 5.599346244682819849e-04
2.097529130000000066e+02 8.750068049717739209e-04
2.099332890000000020e+02 1.948078065887508996e-03
2.101137429999999995e+02 1.042148492758534616e-03
2.102942649999999958e+02 7.722181925136591737e-04
2.104748739999999998e+02 1.014286961988145920e-03
2.106555520000000001e+02 4.503549936538508015e-04
2.108363150000000132e+02 4.734221164246796114e-04
2.110171479999999917e+02 1.081488490693846040e-03
2.111980670000000089e+02 8.355539453752552394e-04
2.113790630000000021e+02 1.053618576704835668e-03
2.115601200000000119e+02 6.606825557686816196e-04
2.117412710000000118e+02 6.587455297017233164e-04
2.119225000000000136e+02 3.638076695900553399e-04
2.121038059999999916e+02 7.038689861265586293e-04
2.122851729999999861e+02 9.949296503973272237e-04
2.124666339999999991e+02 1.358989309537291315e-03
2.126481730000000141e+02 5.760481346325459001e-04
2.128297900000000027e+02 5.741061256830908965e-04
2.130114670000000103e+02 5.231634751607819149e-04
2.131932380000000080e+02 5.942198195076690793e-04
2.133750870000000077e+02 5.192753298098463487e-04
2.135570140000000094e+02 5.413300060673137751e-04
2.137390010000000018e+02 1.076384040751927548e-03
2.139210820000000126e+02 7.574370703057371626e-04
2.141032409999999970e+02 7.064892658148372957e-04
2.142854780000000119e+02 6.805406272792272450e-04
2.144677749999999889e+02 1.044591347170764021e-03
2.146501660000000129e+02 6.036410619314959859e-04
2.148326360000000079e+02 4.306899319546376981e-04
2.150151820000000100e+02 5.997379893188313190e-04
2.151978070000000116e+02 1.827852019454342578e-04
2.153804910000000064e+02 3.758317836920645042e-04
2.155632699999999886e+02 6.668773496150098672e-04
2.157461270000000013e+02 4.943062598917971227e-04
2.159290619999999876e+02 1.201193168599579315e-03
2.161120559999999955e+02 7.120797183143518037e-04
2.162951459999999884e+02 3.439656839049049343e-04
2.164783119999999883e+02 3.188511870637844798e-04
2.166615569999999877e+02 2.473620953710859618e-05
2.168448610000000087e+02 6.336208730174227796e-04
2.170282609999999863e+02 7.545049523735180728e-04
2.172117379999999969e+02 1.071388563213312084e-03
2.173952920000000120e+02 4.112717055368054109e-04
2.175789069999999867e+02 -1.028455233019654900e-04
2.177626170000000059e+02 5.060366698196714806e-04
2.179464040000000011e+02 5.299183944250075110e-04
2.181302680000000009e+02 5.037996505140428932e-04
2.183141929999999888e+02 2.096805354408137691e-04
2.184982129999999927e+02 2.085608423279926705e-04
2.186823100000000011e+02 1.834406806988706884e-04
2.188664840000000140e+02 3.533200505534477790e-04
2.190507189999999866e+02 9.621990492457608516e-04
2.192350490000000036e+02 1.560774698984815248e-04
2.194194559999999967e+02 1.032955422034901498e-03
2.196039409999999918e+02 4.948328995703934986e-04
2.197885029999999915e+02 1.470709908589584378e-03
2.199731260000000077e+02 2.006586546446510744e-03
2.201578430000000139e+02 2.371462612348472672e-03
2.203426379999999938e+02 1.882338203649506657e-03
2.205275100000000066e+02 1.075213326434239442e-03
2.207124430000000075e+02 1.978088078056707607e-03
2.208974699999999984e+02 1.487962257724211772e-03
2.210825749999999914e+02 1.462835962790787637e-03
2.212677569999999889e+02 3.387091993410623462e-04
2.214530000000000030e+02 5.815820647290727719e-04
2.216383370000000070e+02 1.386454358162118308e-03
2.218237520000000131e+02 1.238326176994235988e-03
2.220092449999999928e+02 1.140197521225425580e-03
2.221947969999999941e+02 6.010685064636051705e-04
2.223804450000000088e+02 6.979389075775655621e-04
2.225661699999999996e+02 7.208088401752251557e-04
2.227519729999999925e+02 3.296782981719565504e-04
2.229378350000000069e+02 4.745473971756781107e-04
2.231237930000000063e+02 7.914159120551803603e-04
2.233098280000000102e+02 5.212839584183818651e-04
2.234959409999999878e+02 9.351515301806552971e-04
2.236821140000000128e+02 5.920187368652913684e-04
2.238683809999999994e+02 7.618853715949629310e-04
2.240547270000000140e+02 4.197515256390789754e-04
2.242411500000000046e+02 1.443617211166894204e-03
2.244276499999999999e+02 6.614824281784086567e-04
2.246142100000000141e+02 1.246347280112285877e-03
2.248008649999999875e+02 4.152115540065713238e-04
2.249875979999999913e+02 1.695067581655746055e-04
2.251744089999999971e+02 6.093148186072993655e-04
2.253612789999999961e+02 4.712281842928572829e-05
2.255482440000000111e+02 1.438930720643218867e-03
2.257352869999999996e+02 6.577385427158030130e-04
2.259224079999999901e+02 6.815462846470381414e-04
2.261095880000000022e+02 8.283539659585349366e-04
2.262968639999999994e+02 7.051615486345254443e-04
2.264842170000000010e+02 9.499690521966199083e-04
2.266716480000000047e+02 8.277764756173655982e-04
2.268591380000000015e+02 9.245838384183729030e-04
2.270467229999999859e+02 5.093911036113269722e-04
2.272343869999999981e+02 4.851982876354787476e-04
2.274221269999999890e+02 1.193005393573187949e-03
2.276099279999999965e+02 8.508124368362525534e-04
2.277978229999999940e+02 1.680619383518716951e-03
2.279857969999999909e+02 1.119426249032379325e-03
2.281738479999999925e+02 1.973233035432145517e-03
2.283619579999999871e+02 5.570397612121738649e-04
2.285501639999999952e+02 1.313846388356695568e-03
2.287384470000000078e+02 8.496529363873215257e-04
2.289268079999999941e+02 8.734594042765984586e-04
2.291152460000000133e+02 8.252657930519794946e-04
2.293037439999999947e+02 6.540721201801692102e-04
2.294923379999999895e+02 6.787834867285231230e-05
2.296810089999999889e+02 9.216844980516397320e-04
2.298697569999999928e+02 1.894905683165312358e-04
2.300585649999999873e+02 2.862965769342313031e-04
2.302474689999999953e+02 7.751024869164248841e-04
2.304364500000000078e+02 6.529083177847226941e-04
2.306255089999999939e+02 7.257140685116715128e-04
2.308146270000000015e+02 5.305197586188820352e-04
2.310038399999999967e+02 4.563253511180392582e-04
2.311931309999999939e+02 1.116130863475847581e-03
2.313824999999999932e+02 3.339362956923067494e-04
2.315719280000000140e+02 5.537416672890277001e-04
2.317614519999999914e+02 1.456546940250242001e-03
2.319510530000000017e+02 -8.647865902439201839e-06
2.321407320000000141e+02 1.627157247803530469e-03
2.323304699999999912e+02 1.284962300889761844e-03
2.325203040000000101e+02 9.437672553404866885e-04
2.327102150000000051e+02 8.455721306773159203e-04
2.329002040000000022e+02 1.863769258727959992e-04
2.330902519999999924e+02 2.351816604485378157e-04
2.332803959999999961e+02 4.299862963887731565e-04
2.334706180000000018e+02 4.537908521876595543e-04
2.336609170000000120e+02 2.825953288726501013e-04
2.338512929999999983e+02 5.513997264437449451e-04
2.340417290000000037e+02 7.462040623676481415e-04
2.342322599999999966e+02 9.170083006834982547e-04
2.344228689999999915e+02 6.238124588579991876e-04
2.346135559999999884e+02 7.216165368911511228e-04
2.348043020000000070e+02 2.334205543045648383e-04
2.349951430000000130e+02 4.042244741099253213e-04
2.351860619999999926e+02 8.190283137739367029e-04
2.353770590000000027e+02 1.013832073296599360e-03
2.355681150000000059e+02 7.446357721995234017e-04
2.357592669999999941e+02 6.224393724669409923e-04
2.359504959999999869e+02 6.952428936204629959e-04
2.361418030000000101e+02 9.400463346326357744e-04
2.363331689999999981e+02 1.061849715025070529e-03
2.365246300000000019e+02 1.427652997809451775e-03
2.367161700000000053e+02 8.174561994250307845e-04
2.369077859999999873e+02 8.652593229541674820e-04
2.370994619999999884e+02 6.700623848361124358e-04
2.372912340000000029e+02 9.628653480825510955e-04
2.374830839999999910e+02 6.936682311876405781e-04
2.376750110000000120e+02 1.499471035178834288e-03
2.378669969999999978e+02 3.032737785502898379e-04
2.380590789999999970e+02 1.109076423286238814e-03
2.382512380000000007e+02 3.268789889082920159e-04
2.384434750000000065e+02 1.376681474388996226e-03
2.386357710000000054e+02 5.704838992499621387e-04
2.388281629999999893e+02 6.682862254754215687e-04
2.390206330000000037e+02 6.190884715595320427e-04
2.392131799999999942e+02 1.058890638529746703e-03
2.394058039999999892e+02 3.016927263860656066e-04
2.395984880000000032e+02 5.454947525951929716e-04
2.397912680000000023e+02 4.472966801688138712e-04
2.399841250000000059e+02 8.380985286285389576e-04
2.401770600000000115e+02 5.449002969469150456e-04
2.403700530000000128e+02 9.107020056730060062e-04
2.405631429999999966e+02 1.106503614736137429e-03
2.407563100000000134e+02 9.593051446853728724e-04
2.409495550000000037e+02 5.610659449325941083e-05
2.411428589999999872e+02 2.509079836814076796e-04
2.413362590000000125e+02 7.387092742340494681e-04
2.415297360000000140e+02 6.510485672795387102e-06
2.417232909999999890e+02 1.227311616970192410e-03
2.419169050000000141e+02 9.341126876478509505e-04
2.421106149999999957e+02 6.409136596900032613e-04
2.423044020000000103e+02 1.767145526182596540e-04
2.424982669999999985e+02 8.595153654051672105e-04
2.426921910000000082e+02 4.203161175723362040e-04
2.428862110000000030e+02 1.511167711039988716e-04
2.430803080000000023e+02 5.419173455217657625e-04
2.432744830000000036e+02 5.657178397981835541e-04
2.434687169999999981e+02 3.705182734548631562e-04
2.436630480000000034e+02 8.103186074485829466e-04
2.438574549999999874e+02 1.751188633558603406e-04
2.440519400000000019e+02 2.719190391217886230e-04
2.442465029999999899e+02 4.917191347463679800e-04
2.444411240000000021e+02 6.865191707786621718e-04
2.446358419999999967e+02 4.673191071479966953e-04
2.448306369999999959e+02 6.621189644034354256e-04
2.450255099999999970e+02 5.889187415175252405e-04
2.452204419999999914e+02 5.887184580118766993e-04
2.454154690000000016e+02 1.247518076898174655e-03
2.456105750000000114e+02 1.662317614615670819e-03
2.458057579999999973e+02 1.931117073219270914e-03
2.460009990000000073e+02 1.002916472230586196e-03
2.461963369999999998e+02 1.051715771578941522e-03
2.463917519999999968e+02 1.100514991813401292e-03
2.465872449999999958e+02 1.515314131906511782e-03
2.467827969999999880e+02 1.222113211379884015e-03
2.469784449999999936e+02 1.196912192217749809e-03
2.471741700000000037e+02 1.391711093941719974e-03
2.473699729999999875e+02 4.645099155243411198e-04
2.475658349999999928e+02 9.033086764872238963e-04
2.477617930000000115e+02 6.591073388146001044e-04
2.479578290000000038e+02 5.859059210006274969e-04
2.481539420000000007e+02 7.317044240727590184e-04
2.483501139999999907e+02 6.825028665251521749e-04
2.485463819999999942e+02 1.073301210342038955e-03
2.487427279999999996e+02 1.098099474017576660e-03
