8.887847899999999868e+01 6.592352226289033626e-04
8.899590499999999338e+01 2.882973221114320042e-04
8.911340800000000684e+01 4.303561836539824409e-04
8.923098899999999389e+01 1.564117652053872987e-04
8.934864799999999718e+01 2.984640667656451168e-04
8.946638299999999333e+01 1.955131724370937074e-04
8.958419700000000319e+01 3.125589560662271615e-04
8.970208800000000338e+01 4.546015017553826920e-04
8.982005599999999390e+01 3.276408095045603083e-04
8.993810200000000066e+01 4.196768372625916260e-04
9.005622499999999775e+01 7.270962708064501734e-05
9.017442699999999434e+01 4.097390948563832749e-04
9.029270499999999799e+01 6.276536674331215093e-05
9.041106100000000367e+01 8.278835863909528997e-05
9.052949499999999716e+01 2.238080705437312662e-04
9.064800599999999520e+01 2.678245445083896059e-04
9.076659399999999778e+01 1.408377805330691609e-04
9.088526000000000238e+01 1.358477365666034206e-04
9.100400399999999479e+01 6.928544126089909369e-04
9.112282500000000596e+01 2.238578507113998112e-04
9.124172400000000493e+01 3.158580088226635441e-04
9.136069999999999425e+01 1.648549289939493442e-04
9.147975399999999979e+01 4.038485691740881234e-04
9.159888499999999567e+01 7.838971414248115110e-06
9.171809399999999357e+01 4.178260936632633912e-04
9.183737999999999602e+01 2.178099779722997287e-04
9.195674400000000048e+01 5.787905822901900574e-04
9.207618499999999528e+01 7.207679486681013020e-04
9.219570400000000632e+01 6.177420350548671127e-04
9.231529999999999347e+01 3.197128835016552900e-04
9.243497399999999686e+01 3.876804519572967303e-04
9.255472600000000227e+01 4.076447404217911283e-04
9.267455499999999802e+01 2.076057909463080442e-04
9.279446099999999831e+01 5.435636035308472058e-04
9.291444500000000062e+01 1.485181361242397455e-04
9.303450599999999326e+01 5.584694307776546726e-04
9.315464500000000214e+01 5.534174454399232862e-04
9.327486199999999883e+01 4.743621801110448760e-04
9.339515600000000006e+01 8.853036768421886776e-04
9.351552700000000584e+01 9.772419356333548676e-04
9.363597599999999943e+01 6.301769144333741607e-04
9.375650299999999504e+01 7.471086132422475809e-04
9.387710699999999520e+01 1.353037074111143080e-03
9.399778899999999737e+01 4.439622549888911154e-04
9.411854800000000409e+01 2.928841979266622389e-04
9.423938499999999863e+01 1.168028608732867707e-04
9.436029899999999770e+01 1.367182858799335238e-04
9.448129099999999880e+01 2.536304308954333980e-04
9.460236000000000445e+01 2.965393379709552191e-04
9.472350600000000043e+01 3.404450071064994005e-04
9.484473099999999590e+01 2.133473541997294581e-04
9.496603299999999592e+01 2.812464633529807370e-04
9.508741200000000049e+01 1.301423345662537992e-04
9.520886900000000708e+01 2.230349257883804115e-04
9.533040300000000400e+01 7.059242790705298407e-04
9.545201500000000294e+01 5.538103523615323792e-04
9.557370500000000391e+01 3.776931456613884588e-04
9.569547099999999773e+01 1.535727430724363046e-04
9.581731600000000526e+01 4.654490184411675877e-04
9.593923800000000313e+01 3.383220558699218117e-04
9.606123700000000554e+01 2.111918553586973960e-04
9.618331499999999323e+01 4.010583328051594426e-04
9.630546900000000221e+01 1.279216143628102154e-04
9.642770099999999900e+01 2.197816159293158531e-04
9.655001000000000033e+01 2.146383795558429869e-04
9.667239700000000369e+01 5.274918631912239517e-04
9.679486199999999485e+01 3.434206683545874828e-05
9.691740400000000477e+01 5.411890325397149260e-04
9.704002400000000250e+01 2.920327182528255003e-04
9.716272100000000478e+01 3.108731660259565766e-04
9.728549599999999486e+01 4.037103338079429254e-04
9.740834800000000371e+01 5.455442636499510667e-04
9.753127700000000289e+01 4.183749555519804264e-04
9.765428400000000408e+01 5.352023674628642036e-04
9.777737000000000478e+01 4.080264573314328416e-04
9.790053199999999833e+01 2.796118881869648701e-04
9.802377199999999391e+01 3.228872967703973196e-04
9.814708899999999403e+01 2.441591286454622076e-04
9.827048299999999870e+01 6.044273838121611356e-04
9.839395600000000286e+01 4.036919693689768746e-04
9.851750499999999988e+01 5.929530246681852593e-04
9.864113299999999640e+01 2.942104103575106031e-04
9.876483799999999746e+01 1.174642193384695457e-04
9.888862100000000055e+01 7.227144051603039132e-04
9.901247999999999649e+01 2.279610607245300541e-04
9.913641800000000615e+01 4.912040466788737333e-04
9.926043300000000613e+01 3.394434559248508607e-04
9.938452599999999393e+01 2.596792420117054537e-04
9.950869600000000048e+01 3.759114513901913243e-04
9.963294299999999737e+01 5.171400840603117971e-04
9.975726799999999628e+01 6.333650935713081367e-04
9.988167099999999721e+01 3.105864799231791706e-04
1.000061510000000027e+02 4.998042895666843927e-04
1.001307089999999960e+02 4.940184760510654693e-04
1.002553439999999938e+02 3.902290858270795679e-04
1.003800559999999962e+02 4.094361188947273980e-04
1.005048460000000006e+02 2.326395288032500827e-04
1.006297140000000070e+02 4.948393155526486370e-04
1.007546590000000037e+02 3.180355255936809233e-04
1.008796820000000025e+02 8.012281124755889217e-04
1.010047830000000033e+02 7.464170761983732194e-04
1.011299599999999970e+02 3.006025096635488517e-04
1.012552160000000043e+02 5.147842735188411581e-04
1.013805480000000045e+02 1.919625071165262375e-04
1.015059590000000043e+02 4.541370711043284450e-04
1.016314459999999968e+02 2.043081048345224068e-04
1.017570120000000031e+02 1.494754689548337748e-04
1.018826540000000023e+02 5.346393028175366186e-04
1.020083750000000009e+02 5.527994670703568689e-04
1.021341740000000016e+02 1.809560081640522455e-04
1.022600489999999951e+02 5.661090190001404066e-04
1.023860020000000048e+02 4.132584066771039996e-04
1.025120330000000024e+02 3.834041711949431538e-04
1.026381410000000045e+02 5.725463590044149037e-04
1.027643259999999970e+02 4.206849701055212498e-04
1.028905890000000056e+02 5.858199580475028853e-04
1.030169290000000046e+02 2.869513692811184041e-04
1.031433470000000057e+02 3.290791573556080610e-04
1.032698429999999945e+02 3.482033222709755849e-04
1.033964160000000021e+02 2.933239104779749792e-04
1.035230669999999975e+02 7.024408755258509593e-04
1.036497949999999975e+02 6.235542638653602393e-04
1.037766019999999969e+02 3.486639825949870708e-04
1.039034850000000034e+02 3.917701710670047979e-04
1.040304450000000003e+02 5.568727828306569913e-04
1.041574839999999966e+02 1.848391597849691204e-04
1.042845990000000000e+02 1.786307190035849035e-04
1.044117920000000055e+02 4.164184686137285471e-04
1.045390629999999987e+02 7.272024086153990388e-04
1.046664109999999965e+02 4.529825878497326444e-04
1.047938369999999964e+02 5.437589574755945579e-04
1.049213400000000007e+02 4.645315663341174212e-04
1.050489210000000071e+02 2.633003655841672716e-04
1.051765800000000013e+02 3.790653552257459979e-04
1.053043150000000026e+02 2.508266329411213899e-04
1.054321300000000008e+02 1.955840033657551061e-04
1.055600210000000061e+02 2.623376618641846264e-04
1.056879890000000017e+02 3.050875595952771274e-04
1.058160349999999994e+02 3.478336477178980632e-04
1.059441589999999991e+02 5.365759262320459952e-04
1.060723600000000033e+02 2.863144439788547352e-04
1.062006379999999979e+02 2.560492009583276163e-04
1.063289939999999945e+02 5.907801483293279379e-04
1.064574279999999931e+02 8.775072860918546602e-04
1.065859389999999962e+02 5.782306630870443637e-04
1.067145270000000039e+02 4.749502793148958901e-04
1.068431929999999994e+02 1.996660859342747063e-04
1.069719369999999969e+02 5.353780829451823889e-04
1.071007599999999940e+02 7.000862215064823646e-04
1.072296580000000006e+02 1.807906969827138485e-04
1.073586339999999950e+02 4.434913628504726091e-04
1.074876880000000057e+02 9.518821910975850537e-05
1.076168190000000067e+02 7.238813146017075359e-04
1.077460279999999955e+02 6.445706004851847054e-04
1.078753140000000030e+02 3.932561256013225592e-04
1.080046779999999984e+02 2.649378411089886934e-04
1.081341189999999983e+02 4.546157958493172307e-04
1.082636380000000003e+02 3.992899409811737771e-04
1.083932340000000067e+02 6.129603253456905598e-04
1.085229080000000010e+02 6.066269001017369350e-04
1.086526599999999974e+02 8.192896652493113219e-04
1.087824899999999957e+02 3.739486207884126778e-04
1.089123960000000011e+02 4.646038644013092758e-04
1.090423799999999943e+02 6.052552984057348734e-04
1.091724420000000038e+02 4.769029228016878966e-04
1.093025810000000035e+02 3.725467864303033325e-04
1.094327969999999937e+02 4.881868892915803074e-04
1.095630910000000000e+02 7.748231825443858620e-04
1.096934629999999942e+02 4.264556661887188363e-04
1.098239120000000071e+02 7.620843890657133524e-04
1.099544379999999961e+02 1.947093511753695411e-04
1.100850420000000014e+02 5.303305036765543212e-04
1.102157239999999945e+02 7.189478465692671072e-04
1.103464840000000038e+02 6.875613798535068835e-04
1.104773210000000034e+02 1.201711523704084711e-04
1.106082349999999934e+02 5.777451935829788082e-04
1.107392269999999996e+02 4.492744301895293391e-04
1.108702959999999962e+02 2.957998631379823301e-04
1.110014429999999948e+02 2.403214430301845242e-04
1.111326669999999979e+02 3.808392192642890209e-04
1.112639690000000030e+02 3.743531424421405601e-04
1.113953479999999985e+02 6.848632619618974515e-04
1.115268049999999960e+02 1.173695284253997717e-04
1.116583389999999980e+02 6.478719912308078879e-04
1.117899510000000021e+02 3.973706009799621644e-04
1.119216399999999965e+02 5.128654070710204904e-04
1.120534090000000020e+02 4.573562613095112639e-04
1.121852530000000030e+02 5.488434106862213890e-04
1.123171750000000060e+02 6.393267070066788529e-04
1.124491739999999993e+02 4.618061996690394841e-04
1.125812509999999946e+02 6.752818392751474413e-04
1.127134060000000062e+02 5.957536258250012776e-04
1.128456379999999939e+02 5.402216087167614755e-04
1.129779470000000003e+02 5.096857879504238312e-04
1.131103339999999946e+02 7.711461141278342507e-04
1.132427990000000051e+02 5.936025872489919877e-04
1.133753410000000059e+02 3.190552567120530369e-04
1.135079609999999946e+02 7.765040731188615694e-04
1.136406580000000019e+02 1.349490858675739952e-04
1.137734339999999946e+02 2.253901961618764646e-04
1.139062859999999944e+02 3.658275521962392474e-04
1.140392159999999961e+02 3.592610551743499400e-04
1.141722230000000025e+02 1.816907544943653988e-04
1.143053079999999966e+02 3.951166007581273162e-04
1.144384699999999953e+02 2.415386433637922714e-04
1.145717099999999959e+02 3.329568329132051238e-04
1.147050270000000012e+02 2.773712188045224583e-04
1.148384219999999942e+02 4.907817516395865387e-04
1.149718940000000060e+02 4.591884808165542370e-04
1.151054440000000056e+02 4.775913569372699716e-04
1.152390709999999956e+02 5.929904293998904813e-04
1.153727760000000018e+02 7.573856488062554251e-04
1.155065579999999983e+02 9.177706455452613876e-05
1.156404179999999968e+02 5.731646272465447736e-04
1.157743559999999974e+02 4.685483368823094297e-04
1.159083710000000025e+02 3.649282428599765274e-04
1.160424629999999979e+02 7.733043451795497056e-04
1.161766329999999954e+02 3.516765944428694793e-04
1.163108840000000015e+02 4.910448424554651400e-04
1.164452090000000055e+02 2.894094350044361386e-04
1.165796109999999999e+02 4.047702238953116219e-04
1.167140909999999963e+02 4.961271597299331260e-04
1.168486489999999947e+02 2.934802425083029784e-04
1.169832839999999976e+02 4.828295216285759944e-04
1.171179970000000026e+02 4.271749476925960562e-04
1.172527869999999979e+02 3.715830484492671504e-04
1.173876549999999952e+02 4.630719255345654498e-04
1.175225999999999971e+02 5.785570852334985872e-04
1.176576220000000035e+02 4.250385275460632356e-04
1.177927229999999952e+02 4.435161559167739853e-04
1.179278999999999940e+02 4.849901151788623549e-04
1.180631560000000064e+02 6.004602604990942269e-04
1.181984879999999976e+02 5.459267367107067254e-04
1.183338990000000024e+02 2.463893989804611523e-04
1.184693869999999976e+02 4.108483438638507040e-04
1.186049519999999973e+02 2.333035713608733533e-04
1.187405949999999990e+02 4.217550331937856140e-04
1.188763150000000053e+02 7.320277764033024381e-05
1.190121129999999994e+02 5.306467564227647718e-04
1.191479879999999980e+02 5.000870178188338358e-04
1.192839409999999987e+02 3.955235135507904898e-04
1.194199720000000013e+02 6.089562436186355884e-04
1.195560799999999944e+02 2.113852563001162449e-04
1.196922650000000061e+02 7.178105515952288435e-04
1.198285319999999956e+02 3.692318881152517260e-04
1.199648719999999997e+02 3.866497003598874660e-04
1.201012900000000059e+02 6.000637469404119378e-04
1.202377859999999998e+02 4.224740278568261606e-04
1.203743589999999983e+02 5.378805913868744959e-04
1.205110099999999989e+02 5.802833892528096865e-04
1.206477380000000039e+02 8.176824697323807276e-04
1.207845429999999993e+02 8.110778328255848629e-04
1.209214269999999942e+02 3.164693819769333685e-04
1.210583869999999962e+02 3.828572620196589102e-04
1.211954250000000002e+02 4.012413763982754927e-04
1.213325410000000062e+02 7.116217251127788038e-04
1.214697340000000025e+02 1.046998356440917953e-03
1.216070050000000009e+02 9.183712221049445366e-04
1.217443540000000013e+02 5.457403221048595654e-04
1.218817789999999945e+02 7.341057529961550997e-04
1.220192830000000015e+02 5.074673699455934175e-04
1.221568639999999988e+02 2.808252695086664238e-04
1.222945220000000006e+02 9.091794516853726749e-04
1.224322580000000045e+02 6.345298681979675073e-04
1.225700709999999987e+02 4.318765673241966099e-04
1.227079619999999949e+02 4.992195007863138578e-04
1.228459309999999931e+02 6.875586685843207251e-04
1.229839769999999959e+02 4.368941189959608257e-04
1.231221000000000032e+02 5.032258520212343211e-04
1.232603040000000050e+02 4.725536745491618756e-04
1.233985830000000021e+02 2.948778762462142891e-04
1.235369390000000038e+02 6.819836055689965787e-05
1.236753729999999933e+02 3.295150792034743509e-04
1.238138840000000016e+02 3.718280804636828543e-04
1.239524720000000002e+02 3.651373643375251804e-04
1.240911380000000008e+02 6.276746206173304705e-04
1.242298820000000035e+02 1.085011239327950128e-04
1.243687029999999965e+02 3.953242010875266874e-04
1.245076020000000057e+02 4.871438075859319330e-04
1.246465780000000052e+02 2.609599879236038783e-04
1.247856320000000068e+02 5.477726976049496904e-04
1.249247629999999987e+02 4.435819811255629214e-04
1.250639720000000068e+02 4.133877939898481305e-04
1.252032580000000053e+02 5.781901806934017750e-04
1.253426220000000058e+02 5.229890967406282745e-04
1.254820629999999966e+02 3.457845866271219010e-04
1.256215820000000036e+02 3.155766058572885210e-04
1.257611789999999985e+02 2.353651544311288757e-04
1.259008529999999979e+02 3.761502768442372135e-04
1.260406040000000019e+02 2.969319730966113804e-04
1.261804329999999936e+02 7.547101986926599976e-04
1.263203390000000041e+02 4.794849981279740089e-04
1.264603230000000025e+02 1.072563269069624556e-04
1.266003850000000028e+02 5.650241850296243429e-04
1.267405239999999935e+02 5.097886169915543698e-04
1.268807440000000071e+02 2.345494448103739929e-04
1.270210380000000043e+02 6.683069799552437094e-04
1.271614090000000061e+02 1.003061088939379703e-03
1.273018579999999957e+02 1.460811727267190274e-03
1.274423850000000016e+02 1.039558894938673404e-03
1.275829889999999978e+02 1.595302636449423810e-03
1.277236709999999960e+02 1.345042907303847790e-03
1.278644299999999987e+02 1.216779751997539190e-03
1.280052670000000035e+02 1.063513126034903306e-03
1.281461810000000128e+02 8.372430739115345466e-04
1.282871729999999957e+02 7.579695511318396486e-04
1.284282420000000116e+02 3.366926021914117342e-04
1.285693890000000010e+02 5.744121825946571155e-04
1.287106129999999951e+02 3.731283368371696163e-04
1.288519149999999911e+02 3.428410204233556940e-04
1.289932939999999917e+02 4.335502778488086253e-04
1.291347509999999943e+02 5.982560646179352695e-04
1.292762850000000014e+02 5.495842522632802402e-05
1.294178970000000106e+02 3.176573151783945032e-04
1.295595869999999934e+02 7.743527344741350099e-04
1.297013540000000091e+02 2.560447276091417507e-04
1.298431980000000010e+02 5.373329458341694065e-05
1.299851199999999949e+02 5.114183909013646917e-04
1.301271199999999908e+02 3.591000165629860096e-04
1.302691969999999912e+02 6.207782160638744724e-04
1.304113509999999962e+02 5.664529894040294666e-04
1.305535869999999932e+02 5.351241141054834116e-04
1.306958960000000047e+02 5.777919906285789754e-04
1.308382829999999899e+02 5.474563964953486905e-04
1.309807480000000055e+02 2.231173317057905461e-04
1.311232899999999972e+02 2.170312498321943367e-04
1.312659099999999910e+02 3.582638199941933638e-04
1.314086069999999893e+02 1.084932763425784652e-04
1.315513819999999896e+02 2.247195784382139544e-04
1.316942339999999945e+02 2.919427667202353742e-04
1.318371630000000039e+02 3.591628411886431567e-04
1.319801710000000128e+02 6.703797209651621639e-04
1.321232550000000003e+02 5.915935273672059611e-04
1.322664179999999874e+02 4.638041390773615588e-04
1.324096580000000074e+02 3.600116369739015006e-04
1.325529750000000035e+02 4.522160210568308344e-04
1.326963700000000017e+02 6.414172508870073786e-04
1.328398420000000044e+02 2.946153669035707010e-04
1.329833920000000091e+02 3.858103286673835591e-04
1.331270189999999900e+02 4.290021766175837817e-04
1.332707240000000013e+02 1.301908703150323615e-04
1.334145069999999862e+02 4.663764097597301699e-04
1.335583670000000041e+02 4.605588353908131836e-04
1.337023039999999980e+02 7.227381472082834366e-04
1.338463189999999940e+02 5.219143047730029003e-04
1.339904119999999921e+02 2.960873080849715962e-04
1.341345849999999871e+02 4.612570762659137964e-04
1.342788329999999917e+02 8.464238115115170664e-04
1.344231580000000008e+02 2.305874329435074130e-04
1.345675610000000120e+02 2.247479001227471393e-04
1.347120409999999993e+02 1.449052534883738148e-04
1.348565979999999911e+02 5.060594930403872725e-04
1.350012340000000108e+02 3.042105379005106622e-04
1.351459460000000092e+02 5.423585093861588505e-04
1.352907360000000097e+02 6.585033266190568405e-04
1.354356040000000121e+02 7.506449895992028942e-04
1.355805489999999907e+02 5.007835387657367555e-04
1.357255719999999997e+02 5.189189336795184057e-04
1.358706730000000107e+02 5.130511743405494207e-04
1.360158500000000004e+02 4.341803416271052332e-04
1.361611059999999895e+02 5.753063142217716870e-04
1.363064380000000142e+02 4.954292134419623767e-04
1.364518490000000099e+02 5.875489179702642756e-04
1.365973370000000102e+02 7.766655086849528350e-04
1.367429019999999866e+02 1.847789855860299153e-04
1.368885449999999935e+02 1.548893082343543413e-04
1.370342660000000024e+02 4.909964766299269867e-04
1.371800639999999873e+02 3.871005312118874428e-04
1.373259390000000053e+02 4.062014719802341071e-04
1.374718919999999969e+02 4.732992584958297180e-04
1.376179229999999905e+02 5.893938907586744082e-04
1.377640309999999886e+02 4.614854092079056017e-04
1.379102200000000096e+02 4.305736520869712924e-04
1.380564829999999859e+02 8.365890246983921988e-05
1.382028229999999951e+02 6.147410390390925169e-04
1.383492410000000064e+02 6.091225433030298710e-04
1.384957369999999912e+02 7.258786430074165227e-04
1.386423100000000090e+02 5.006319864568685267e-04
1.387889610000000005e+02 3.243825378558690131e-04
1.389356889999999964e+02 3.921303329999358683e-04
1.390824949999999944e+02 4.848753360935506226e-04
1.392293779999999970e+02 5.036175829322307382e-04
1.393763390000000015e+02 4.503570377204593224e-04
1.395233770000000106e+02 4.930937362537532800e-04
1.396704929999999933e+02 4.148276427365965753e-04
1.398176860000000090e+02 4.825587929645045078e-04
1.399649569999999983e+02 6.002871511419619228e-04
1.401123059999999896e+02 7.650127172689662539e-04
1.402597309999999879e+02 4.917355629365555321e-04
1.404072349999999858e+02 2.914555807581741161e-04
1.405548159999999882e+02 4.081728423248583495e-04
1.407024739999999952e+02 4.508873476366088116e-04
1.408502100000000041e+02 4.215990608979073087e-04
1.409980239999999867e+02 3.433079821087542914e-04
1.411459150000000022e+02 4.350141470646660610e-04
1.412938829999999939e+02 6.007175557656454883e-04
1.414419289999999876e+02 6.934181724161728178e-04
1.415900560000000041e+02 1.021158896296909396e-04
1.417382570000000044e+02 4.628109579748311032e-04
1.418865360000000067e+02 3.605032342695198809e-04
1.420348920000000135e+02 6.721927543092746059e-04
1.421833220000000040e+02 4.228796254806522180e-04
1.423318370000000073e+02 8.085634540329462126e-04
1.424804220000000043e+02 2.412447768989373770e-04
1.426290920000000142e+02 3.819230571458455056e-04
1.427778319999999894e+02 3.765988317064512293e-04
1.429266570000000058e+02 1.762715636479733269e-04
1.430755519999999876e+02 9.039417899031933212e-04
1.432245320000000106e+02 4.096089735393286871e-04
1.433735819999999990e+02 3.072736514891627989e-04
1.435227170000000001e+02 3.499352868199128754e-04
1.436719290000000058e+02 5.405941658957295892e-04
1.438212120000000027e+02 1.692505034897253020e-04
1.439705800000000124e+02 4.809037984646368294e-04
1.441200179999999875e+02 2.065545877532473998e-04
1.442695400000000063e+02 5.192023702182912114e-04
1.444191329999999880e+02 4.158476112015151854e-04
1.445688100000000134e+02 6.544898453611737096e-04
1.447185580000000016e+02 4.051295380390106463e-04
1.448683910000000026e+02 5.707661880977655568e-04
1.450182939999999974e+02 2.964003324702167708e-04
1.451682820000000049e+02 2.910314342235847951e-04
1.453183400000000063e+02 1.396600302906504144e-04
1.454684819999999945e+02 3.782856195341517506e-04
1.456186950000000024e+02 1.779086672958310640e-04
1.457689929999999947e+02 1.728969384229479302e-04
1.459193610000000092e+02 4.123398705153592976e-04
1.460698140000000080e+02 3.097802265891232837e-04
1.462203370000000007e+02 4.272184612357649014e-04
1.463709450000000061e+02 3.256541198637576823e-04
1.465216230000000053e+02 5.208765706462810743e-05
1.466723859999999888e+02 3.405186182468505733e-04
1.468232189999999946e+02 6.289474580019500938e-04
1.469741370000000131e+02 1.437372173840063133e-05
1.471251249999999970e+02 3.027978640477296812e-04
1.472761979999999937e+02 5.422194303384099065e-04
1.474273479999999950e+02 1.226386630592555052e-04
1.475785689999999875e+02 4.110557440468770758e-04
1.477298739999999952e+02 3.814702793219514922e-04
1.478812499999999943e+02 1.818826628638024398e-04
1.480327110000000062e+02 4.702924703870038463e-04
1.481842420000000118e+02 2.947001564830836057e-04
1.483358570000000043e+02 4.121052968666166424e-04
1.484875429999999881e+02 5.785082855169262211e-04
1.486393140000000130e+02 5.009086981485858132e-04
1.487911550000000034e+02 6.673069893531240540e-04
1.489430800000000090e+02 6.867027348451148518e-04
1.490950760000000059e+02 5.850963286038821792e-04
1.492471569999999872e+02 6.284873463440012777e-04
1.493993079999999907e+02 3.068762426569971238e-04
1.495515440000000069e+02 3.752625629513442994e-04
1.497038499999999885e+02 4.436467618185706979e-04
1.498562400000000139e+02 2.690284149732481873e-04
1.500087010000000021e+02 3.124079163947029655e-04
1.501612470000000030e+02 8.878484179750860752e-05
1.503138629999999978e+02 3.281596457731924751e-04
1.504665640000000053e+02 3.475318737302273732e-04
1.506193350000000066e+02 5.629019802601401869e-04
1.507721909999999923e+02 6.802695107714046112e-04
1.509251170000000002e+02 8.226349198555459388e-04
1.510781279999999924e+02 7.929977529210394636e-04
1.512312169999999867e+02 1.081358222110596554e-03
1.513843760000000032e+02 1.540716569873031060e-03
1.515376190000000065e+02 1.316072371922918840e-03
1.516909330000000011e+02 1.946426022239582587e-03
1.518443320000000085e+02 1.819777096537597647e-03
1.519978000000000122e+02 1.961126079714591800e-03
1.521513539999999978e+02 3.543472456566836622e-03
1.523049780000000055e+02 4.857816711991958490e-03
1.524586860000000001e+02 4.413158421704533631e-03
1.526124649999999860e+02 7.094497979683885187e-03
1.527663290000000131e+02 5.673834961644586873e-03
1.529202630000000056e+02 6.987169822178167233e-03
1.530742820000000108e+02 8.423502106693098179e-03
1.532283710000000099e+02 7.148832269780908480e-03
1.533825439999999958e+02 8.291694364865756159e-03
1.535367880000000014e+02 7.751214190124831871e-03
1.536911169999999913e+02 9.090732097546889642e-03
1.538455160000000035e+02 7.647248425573756510e-03
1.540000000000000000e+02 5.885762835763605136e-03
1.541545539999999903e+02 2.317275666558262295e-03
1.543091929999999934e+02 1.850786579515901944e-03
1.544639019999999903e+02 1.578295913078349866e-03
1.546186959999999999e+02 1.623803328803780262e-03
1.547735600000000034e+02 1.009309165134019640e-03
1.549285089999999911e+02 8.598130836272414868e-04
1.550835280000000012e+02 9.293154227252714561e-04
1.552386319999999955e+02 4.138158439862846087e-04
1.553938139999999919e+02 4.833145053497983450e-04
1.555490660000000105e+02 4.068115873181207647e-04
1.557044019999999875e+02 7.693067740122145476e-04
1.558598090000000127e+02 1.798003587483274109e-04
1.560153009999999938e+02 5.662920256474237787e-04
1.561708619999999996e+02 4.657821357141171160e-04
1.563265089999999873e+02 8.282703053810042126e-04
1.564822259999999972e+02 4.587568956526998434e-04
1.566380279999999914e+02 5.772415680873775254e-04
1.567938990000000103e+02 4.267246836896524884e-04
1.569498560000000111e+02 3.752058588921214702e-04
1.571058830000000057e+02 7.376854546993993032e-04
1.572619950000000131e+02 9.916313266965888149e-05
1.574181769999999858e+02 4.376392312447283106e-04
1.575744439999999997e+02 9.221134119827786337e-04
1.577307810000000075e+02 4.795860133256389310e-04
1.578872029999999995e+02 2.800566968314808537e-04
1.580436950000000138e+02 5.205258009421311755e-04
1.582002720000000124e+02 3.219929872157645430e-04
1.583569190000000049e+02 7.094585940942061721e-04
1.585136510000000101e+02 8.769222831356299902e-04
1.586704530000000091e+02 5.063843927818629381e-04
1.588273399999999924e+02 2.098445845910784993e-04
1.589842969999999980e+02 3.293031970051018761e-04
1.591413389999999879e+02 6.917598915821081794e-04
1.592984590000000082e+02 4.682148262616149005e-04
1.594556479999999965e+02 3.426682041087199086e-04
1.596129229999999950e+02 5.341196415560179461e-04
1.597702679999999873e+02 3.115694996081255254e-04
1.599276969999999949e+02 8.450174623860031743e-04
1.600851969999999937e+02 1.814638232059012125e-04
1.602427820000000054e+02 6.179082661887809989e-04
1.604004370000000108e+02 6.143511297764703456e-04
1.605581760000000031e+02 6.107920980899300342e-04
1.607159859999999867e+02 6.072314644454106930e-04
1.608738810000000115e+02 5.796689129638722335e-04
1.610318460000000016e+02 2.341047820871439145e-04
1.611898960000000045e+02 7.914903833478648988e-04
1.613480160000000012e+02 3.728150217891051076e-04
1.615062200000000132e+02 8.331377077235718742e-04
1.616644949999999881e+02 4.874587433249337985e-04
1.618228550000000041e+02 3.617778031753931395e-04
1.619812850000000140e+02 4.560952359368756169e-04
1.621398000000000081e+02 5.504106929474571024e-04
1.622983849999999961e+02 4.487245228690615872e-04
1.624570549999999969e+02 5.670363770397643562e-04
1.626157949999999914e+02 7.343466041214901166e-04
1.627746199999999988e+02 5.106548554523137294e-04
1.629335149999999999e+02 1.159614796941606241e-04
1.630924960000000112e+02 3.322661049409776808e-04
1.632515530000000012e+02 2.555689636340482788e-04
1.634106810000000110e+02 4.718701719940124502e-04
1.635698940000000050e+02 4.681694046030763535e-04
1.637291759999999954e+02 3.904670333672909457e-04
1.638885439999999960e+02 1.187626631364755402e-04
1.640479819999999904e+02 4.810566658166831426e-04
1.642075040000000001e+02 3.793487159901177269e-04
1.643670970000000011e+02 5.226391158304464525e-04
1.645267749999999864e+02 3.479275399198740459e-04
1.646865229999999940e+02 3.442143369203243437e-04
1.648463559999999859e+02 5.114991581698737945e-04
1.650062580000000025e+02 6.787823755745733476e-04
1.651662460000000010e+02 7.240635939842437856e-04
1.653263039999999933e+02 4.513431853049366428e-04
1.654864469999999983e+02 5.206208008747283643e-04
1.656466599999999971e+02 6.878967893555426420e-04
1.658069580000000087e+02 4.891708020854554882e-04
1.659673260000000141e+02 7.534431877263911975e-04
1.661277790000000039e+02 7.017135976164260401e-04
1.662883019999999874e+02 4.779823804174831645e-04
1.664489100000000121e+02 5.722491874676385697e-04
1.666095880000000022e+02 7.951436742881755337e-05
1.667703510000000051e+02 5.157775716390943822e-04
1.669311840000000018e+02 2.430391487603942094e-04
1.670921020000000112e+02 1.422987501307928886e-04
1.672530899999999860e+02 6.995567244122147255e-04
1.674141639999999995e+02 4.278126996986059832e-04
1.675753139999999917e+02 1.550669084312513747e-04
1.677365350000000035e+02 4.443194668307900476e-04
1.678978409999999997e+02 7.575700494794283119e-04
1.680592159999999922e+02 3.878190282832170988e-04
1.682206769999999949e+02 2.860660080919764925e-04
1.683822079999999914e+02 5.273113608117584346e-04
1.685438240000000008e+02 5.475547377806391086e-04
1.687055090000000064e+02 1.777965109046705967e-04
1.688672799999999938e+02 3.450362850336723998e-04
1.690291210000000035e+02 2.672744320736972039e-04
1.691910469999999975e+02 4.106105245234104376e-04
1.693530430000000138e+02 3.340671066095006990e-04
1.695151239999999859e+02 4.765218294489280935e-04
1.696772750000000087e+02 4.729750211440422909e-04
1.698395109999999875e+02 1.764263535924920183e-04
1.700018159999999909e+02 4.908761767701201421e-04
1.701642080000000021e+02 7.553240969541030921e-04
1.703266680000000122e+02 6.787705297407538481e-04
1.704892150000000015e+02 6.022150595337604287e-04
1.706518309999999872e+02 7.446580800559454184e-04
1.708145320000000140e+02 4.970992413314647730e-04
1.709773030000000063e+02 6.395388714626722496e-04
1.711401590000000112e+02 4.659766423472152391e-04
1.713030850000000100e+02 3.154128820874466457e-04
1.714660959999999932e+02 4.098472625810134322e-04
1.716291850000000068e+02 5.522799369423458948e-04
1.717923429999999883e+02 8.177111020328579026e-04
1.719555870000000084e+02 7.651403860032138585e-04
1.721189009999999939e+02 3.225681388292580588e-04
1.722822999999999922e+02 4.159940324086385324e-04
1.724457679999999868e+02 3.394184167171960913e-04
1.726093219999999917e+02 6.528409199055991950e-04
1.727729459999999904e+02 6.492618919496902577e-04
1.729366550000000018e+02 4.016810047471164151e-04
1.731004340000000070e+02 4.470985864002308303e-04
1.732642979999999966e+02 5.895143088066804975e-04
1.734282310000000109e+02 6.109285219423081156e-04
1.735922500000000070e+02 4.363408539577815631e-04
1.737563389999999970e+02 4.327516548289426883e-04
1.739205129999999997e+02 4.291605964534387675e-04
1.740847569999999962e+02 3.456800693362295854e-05
1.742490860000000055e+02 4.949735581671428283e-04
1.744134850000000085e+02 8.333775782563505180e-04
1.745779689999999960e+02 6.837797390988934430e-04
1.747425230000000056e+02 4.601803687971249210e-04
1.749071619999999996e+02 3.345791392486909162e-04
1.750718709999999874e+02 6.479763785559458991e-04
1.752366649999999879e+02 3.763717586165353859e-04
1.754015290000000107e+02 5.187656075328127107e-04
1.755664789999999869e+02 5.151575753289359960e-04
1.757315059999999960e+02 5.605478588663155223e-04
1.758966020000000015e+02 7.279366331328731600e-04
1.760617839999999887e+02 3.823235262792766195e-04
1.762270350000000008e+02 1.097089101548573246e-04
1.763923719999999946e+02 4.730924129102841331e-04
1.765577790000000107e+02 4.694743845213979021e-04
1.767232710000000111e+02 4.408544968858472100e-04
1.768888330000000053e+02 4.372330781059852005e-04
1.770544800000000123e+02 1.166098000794577039e-04
1.772201959999999872e+02 7.719850127821097779e-04
1.773859980000000007e+02 3.043879136997115244e-04
1.775518700000000081e+02 4.228252510139461108e-04
1.777178269999999998e+02 4.442607626654522003e-04
1.778838540000000137e+02 7.336947708300035724e-04
1.780499660000000119e+02 2.171269533318255854e-04
1.782161480000000040e+02 6.045576323466935950e-04
1.783824150000000088e+02 5.759864856988319674e-04
1.785487520000000075e+02 4.264138355640169006e-04
1.787151739999999904e+02 5.688393597664724924e-04
1.788816659999999956e+02 3.702633804819736342e-04
1.790482430000000136e+02 3.416855755347444207e-04
1.792148899999999969e+02 5.091062671005630764e-04
1.793816219999999930e+02 9.945251330036512880e-04
1.795484240000000113e+02 3.309424954197849253e-04
1.797153110000000140e+02 8.893580321731899257e-04
1.798822680000000105e+02 1.287720654396407732e-04
1.800493109999999888e+02 5.401842515649775932e-04
1.802164310000000000e+02 3.655947838546642382e-04
1.803836200000000076e+02 3.620038341357822119e-04
1.805508949999999970e+02 5.294110372757862212e-04
1.807182400000000086e+02 4.278167369288353623e-04
1.808856700000000046e+02 2.542206109191558552e-04
1.810531689999999969e+02 2.016230029009071119e-04
1.812207539999999995e+02 6.370235477415439780e-04
1.813884089999999958e+02 5.844225890952268326e-04
1.815561490000000049e+02 3.368198047861794588e-04
1.817239580000000103e+02 6.022155384685641370e-04
1.818918539999999950e+02 2.806094035314489477e-04
1.820598180000000070e+02 2.040018080641499768e-04
1.822278680000000008e+02 2.983923654557366079e-04
1.823959879999999885e+02 5.147814193603690927e-04
1.825641929999999888e+02 1.931686476022722275e-04
1.827324680000000114e+02 4.585543723572204841e-04
1.829008279999999900e+02 1.129382714494401099e-04
1.830692579999999907e+02 5.003206670547055875e-04
1.832377740000000017e+02 4.227012155188563866e-04
1.834063580000000115e+02 7.120803034528235508e-04
1.835750290000000007e+02 4.894575227672908271e-04
1.837437689999999861e+02 5.828332600731904629e-04
1.839125940000000128e+02 1.402071717163584121e-04
1.840814890000000048e+02 4.295795798725738149e-04
1.842504690000000096e+02 1.095016236605942175e-05
1.844195269999999880e+02 6.903190695455112789e-04
1.845886549999999886e+02 3.206864732380088241e-04
1.847578680000000020e+02 3.660520512677760060e-04
1.849271500000000117e+02 6.554161472889755320e-04
1.850965180000000032e+02 8.467783961690600845e-04
1.852659559999999885e+02 7.211391415621907705e-04
1.854354789999999866e+02 5.464980612925919579e-04
1.856050710000000095e+02 1.030855499014423542e-03
1.857747490000000141e+02 7.352186757334680349e-04
1.859444970000000126e+02 4.385895351477738305e-04
1.861143299999999954e+02 7.029585772979603589e-04
1.862842330000000004e+02 8.932612287769481352e-05
1.864542209999999898e+02 3.786918511933098572e-04
1.866242790000000014e+02 5.940560829384732879e-04
1.867944219999999973e+02 5.664184974195174242e-04
1.869646349999999870e+02 3.917794153301102332e-04
1.871349329999999895e+02 6.811385159765826099e-04
1.873053009999999858e+02 3.604961200526037891e-04
1.874757539999999949e+02 3.318519068645055595e-04
1.876462769999999978e+02 5.482061971059555561e-04
1.878168850000000134e+02 5.445586700832858416e-04
1.879875629999999944e+02 6.139096464901649432e-04
1.881583259999999882e+02 1.462588056329243262e-04
1.883291590000000042e+02 5.096064682052320848e-04
1.885000780000000020e+02 5.299522921338424911e-04
1.886710740000000044e+02 4.282964698349559819e-04
1.888421390000000031e+02 2.786391723451956369e-04
1.890132900000000120e+02 1.039800362117385135e-04
1.891845109999999863e+02 4.663194035078297751e-04
1.893558170000000018e+02 5.846569535398007424e-04
1.895271920000000136e+02 1.909930283808983047e-04
1.896986530000000073e+02 6.263272645782983795e-04
1.898701839999999947e+02 6.956600042052475501e-04
1.900417999999999950e+02 5.699909265680764246e-04
1.902134859999999890e+02 6.643203523604543272e-04
1.903852569999999957e+02 8.066479608887120942e-04
1.905570969999999988e+02 5.099740942260963875e-04
1.907290240000000097e+02 2.622983675402050865e-04
1.909010189999999909e+02 5.766211870430189117e-04
1.910731010000000083e+02 3.289421465225558436e-04
1.912452509999999961e+02 1.252261652190798501e-03
1.914174879999999916e+02 1.505792978357652426e-04
1.915897929999999860e+02 4.148954896694362696e-04
1.917621849999999881e+02 2.402098214798315499e-04
1.919346449999999891e+02 7.255226994789313027e-04
1.921071919999999977e+02 7.458337174547553274e-04
1.922798080000000027e+02 -1.118567397602942756e-04
1.924525089999999921e+02 6.164509857605373743e-04
1.926252800000000036e+02 4.907572147109166665e-04
1.927981359999999995e+02 6.330616263971766168e-04
1.929710699999999974e+02 8.003643704763622850e-04
1.931440739999999892e+02 7.966656179850960424e-04
1.933171629999999936e+02 6.469650482297101528e-04
1.934903209999999945e+02 8.382630032834508839e-04
1.936635650000000055e+02 6.145591196934935968e-04
1.938368790000000104e+02 4.888537395330849744e-04
1.940102779999999996e+02 8.761465421085576528e-04
1.941837460000000135e+02 4.084378694931556364e-04
1.943573010000000068e+02 3.319394335773752369e-04
1.945309239999999988e+02 3.286952651872566446e-04
1.947046330000000012e+02 5.934494898759265155e-04
1.948784119999999973e+02 4.932024066054705239e-04
1.950522760000000062e+02 6.359537350989325453e-04
1.952262100000000089e+02 6.817037556332691470e-04
1.954002289999999959e+02 5.804521879315249072e-04
1.955743180000000052e+02 7.241993122706538027e-04
1.957484919999999988e+02 3.789448483737020007e-04
1.959227359999999862e+02 6.686890765176243569e-04
1.960970649999999864e+02 3.234317164254652856e-04
1.962714640000000088e+02 2.961730483741794977e-04
1.964459479999999871e+02 2.679127920868135983e-04
1.966205019999999877e+02 3.386512278403209716e-04
1.967951419999999985e+02 7.743880566726171061e-04
1.969698500000000081e+02 5.031236149160476200e-04
1.971446449999999970e+02 3.528575475531363359e-04
1.973195090000000107e+02 6.425901909162291814e-04
1.974944580000000087e+02 2.003212460432407353e-04
1.976694850000000088e+02 1.720508437300836101e-04
1.978445820000000026e+02 5.347791334578007837e-04
1.980197640000000092e+02 5.565058349494363035e-04
1.981950150000000122e+02 4.552312471670762542e-04
1.983703529999999944e+02 -1.204496622162539582e-05
1.985457590000000039e+02 1.806775498008074930e-04
1.987212509999999952e+02 4.943984589020290667e-04
1.988968130000000087e+02 6.621180600441239211e-04
1.990724600000000066e+02 3.658360729501381435e-04
1.992481760000000008e+02 6.065527965821567932e-04
1.994239790000000028e+02 3.832678946078327611e-04
1.995998500000000035e+02 6.979817220446439888e-04
1.997758080000000120e+02 8.656939238751129757e-04
1.999518339999999910e+02 7.154048551167172323e-04
2.001279470000000060e+02 6.391141607519786570e-04
2.003041279999999915e+02 1.074822195798375794e-03
2.004803960000000131e+02 1.437528605238430103e-03
2.006567320000000052e+02 1.386233744089619734e-03
2.008331550000000050e+02 1.357937257334466703e-03
2.010096470000000011e+02 1.916639481305318447e-03
2.011862240000000099e+02 1.644340117040088986e-03
2.013628710000000126e+02 1.739039444815733458e-03
2.015396029999999996e+02 1.344737184355297016e-03
2.017164050000000088e+02 2.342433615935733942e-03
2.018932929999999999e+02 2.120128440594960025e-03
2.020702579999999955e+02 8.958218264991468869e-04
2.022472919999999874e+02 9.895139231293386198e-04
2.024244129999999871e+02 1.401204394153188464e-03
2.026016020000000140e+02 8.128935945881723968e-04
2.027788769999999943e+02 6.385811881019450888e-04
2.029562209999999993e+02 7.322674923417222832e-04
2.031336520000000121e+02 6.322469074004229660e-04
2.033111509999999953e+02 5.555789529978027823e-04
2.034887369999999862e+02 1.629096909143896467e-04
2.036663910000000044e+02 3.802394067356439609e-04
2.038441310000000044e+02 8.456782990691946375e-05
2.040219409999999982e+02 8.138952009212354049e-04
2.041998360000000048e+02 4.452212943163861344e-04
2.043778010000000052e+02 7.595463355545767955e-04
2.045558509999999899e+02 4.638700991736028310e-04
2.047339709999999968e+02 5.341928106356685739e-04
2.049121759999999881e+02 6.785142444785696204e-04
2.050904510000000016e+02 1.358834626164510170e-03
2.052688109999999995e+02 9.661537302312860065e-04
2.054472409999999911e+02 9.874717821411020668e-04
2.056257569999999930e+02 5.947885414009390116e-04
2.058043409999999938e+02 1.373104278565443707e-03
2.059830120000000022e+02 1.297418708049155383e-03
2.061617520000000070e+02 9.527321004067215368e-04
2.063405769999999961e+02 6.320442151451224292e-04
2.065194810000000132e+02 4.833551424492398864e-04
2.066984530000000007e+02 7.496650476580255830e-04
2.068775109999999984e+02 2.579736602168320424e-04
2.070566379999999924e+02 4.992812356494928314e-04
2.072358519999999942e+02 4.235875034013601020e-04
2.074151339999999948e+02 5.678927490578959680e-04
2.075945020000000056e+02 6.621967020644522420e-04
2.077739479999999901e+02 4.884994826675394947e-04
2.079534549999999911e+02 4.128013463909905104e-04
2.081330550000000130e+02 7.761018122487660376e-04
2.083127340000000061e+02 2.614010906722592786e-04
2.084924900000000036e+02 9.416992117230963549e-04
2.086723059999999919e+02 3.779964309251111505e-04
2.088522169999999960e+02 7.902922221998231588e-04
2.090322060000000022e+02 9.585868410710660786e-04
2.092122720000000129e+02 3.938803025696530243e-04
2.093923979999999858e+02 2.691728622194180728e-04
2.095726190000000031e+02 6.574639939418802474e-04
2.097529179999999940e+02 6.787539532608734879e-04
2.099332939999999894e+02 8.960427552072106755e-04
2.101137310000000014e+02 3.073306402739115536e-04
2.102942620000000034e+02 7.686171124441241922e-04
2.104748700000000099e+02 8.190242724168085228e-05
2.106555569999999875e+02 1.041865546049548785e-04
2.108363029999999867e+02 2.724697951502195493e-04
2.110171449999999993e+02 5.377515927373682433e-04
2.111980629999999906e+02 4.370322479826751517e-04
2.113790600000000097e+02 8.013117157936986996e-04
2.115601330000000075e+02 5.295900412628806210e-04
2.117412679999999909e+02 3.068674348216124739e-04
2.119224959999999953e+02 5.731434305146694032e-04
2.121038029999999992e+02 2.287943059288955437e-04
2.122851870000000076e+02 5.688938481826564912e-04
2.124666310000000067e+02 5.669927617841397788e-04
2.126481699999999933e+02 5.650906800195162547e-04
2.128297860000000128e+02 5.018779148446925881e-05
2.130114800000000059e+02 4.632840857014611236e-04
2.131932349999999872e+02 1.145379740788637435e-03
2.133750839999999869e+02 3.624744109872446701e-04
2.135570099999999911e+02 3.845682744154283773e-04
2.137390139999999974e+02 6.516613205956511487e-04
2.139210789999999918e+02 7.227537276460582315e-04
2.141032380000000046e+02 6.478451498078963144e-04
2.142854739999999936e+02 2.549357651993112202e-04
2.144677890000000104e+02 6.190255528652265169e-04
2.146501629999999921e+02 3.971147223564026191e-04
2.148326319999999896e+02 4.442028964814714008e-04
2.150151789999999892e+02 6.862902533585793323e-04
2.151978029999999933e+02 9.533768034652636419e-04
2.153804880000000139e+02 2.194627144421318864e-04
2.155632669999999962e+02 3.145476405304317366e-04
2.157461240000000089e+02 9.263174937077043453e-05
2.159290579999999977e+02 4.087150514406859454e-04
2.161120699999999886e+02 5.527975362626398170e-04
2.162951419999999985e+02 8.688793924323161624e-04
2.164783089999999959e+02 4.759602532358854846e-04
2.166615529999999978e+02 2.790403072690315466e-04
2.168448750000000018e+02 6.671195440542164803e-04
2.170282569999999964e+02 2.501981521871236673e-04
2.172117340000000070e+02 8.832757649539237609e-04
2.173952889999999911e+02 5.135256047276298697e-05
2.175789210000000082e+02 1.221428549221178616e-03
2.177626129999999876e+02 4.625039093173167158e-04
2.179464000000000112e+02 2.895782740473472859e-04
2.181302650000000085e+02 8.246518215294174406e-04
2.183142070000000103e+02 8.477245622410638226e-04
2.184982090000000028e+02 1.211796674300432558e-03
2.186823060000000112e+02 7.458677909936944732e-04
2.188664809999999932e+02 7.439380904389956799e-04
2.190507330000000081e+02 7.660075831138731320e-04
2.192350450000000137e+02 6.180764471364725513e-04
2.194194530000000043e+02 7.381443053154274937e-04
2.196039370000000019e+02 6.872113672014971454e-04
2.197884999999999991e+02 1.271277601362067692e-03
2.199731219999999894e+02 6.343432173478978121e-04
2.201578389999999956e+02 5.594078379676217707e-04
2.203426340000000039e+02 4.844716413393841507e-04
2.205275070000000142e+02 2.875346274631852394e-04
2.207124570000000006e+02 2.115968068165633049e-04
2.208974660000000085e+02 3.566583679952008666e-04
2.210825710000000015e+02 7.937189233301945347e-04
2.212677539999999965e+02 9.632348206197627761e-04
2.214530139999999960e+02 7.912934833224590826e-04
2.216383339999999862e+02 4.483518411550391127e-04
2.218237489999999923e+02 4.964097162766004882e-04
2.220092410000000029e+02 5.934672001481784958e-04
2.221948120000000131e+02 5.685242826074365236e-04
2.223804409999999905e+02 6.155810703589144686e-04
2.225661670000000072e+02 7.126373652370371348e-04
2.227519690000000026e+02 8.826932739463455753e-04
2.229378489999999999e+02 6.377487863245014359e-04
2.231237889999999879e+02 1.728039938325412386e-04
2.233098249999999894e+02 7.818587135483938411e-04
2.234959369999999979e+02 3.909130470954313985e-04
2.236821280000000058e+02 6.829669792301491359e-04
2.238683780000000070e+02 7.102061157591814389e-05
2.240547229999999956e+02 3.630737612106693657e-04
2.242411459999999863e+02 3.871265145142686534e-04
2.244276460000000100e+02 2.151788765678847980e-04
2.246142059999999958e+02 4.822309337513838810e-04
2.248008619999999951e+02 5.792825031426961004e-04
2.249875949999999989e+02 7.243336812840254699e-04
2.251744050000000072e+02 6.753844681753708775e-04
2.253612929999999892e+02 3.814348587355652354e-04
2.255482409999999902e+02 6.244849444256423115e-04
2.257352840000000072e+02 2.815345474047013796e-04
2.259224040000000002e+02 6.715837591337772260e-04
2.261096019999999953e+02 6.216325745317010775e-04
2.262968600000000094e+02 6.206810850595079285e-04
2.264842130000000111e+02 5.467291128762969896e-04
2.266716439999999864e+02 6.677767443619339865e-04
2.268591519999999946e+02 9.838239845975876949e-04
2.270467199999999934e+02 4.698709199631248296e-04
2.272343830000000082e+02 7.869173726176431627e-04
2.274221239999999966e+02 1.444963428941010162e-03
2.276099419999999895e+02 1.542009094014393710e-03
2.277978200000000015e+02 1.467054454217660633e-03
2.279857930000000010e+02 4.160993317099093928e-04
2.281738440000000026e+02 7.331438128710060856e-04
2.283619720000000086e+02 8.051879027821196369e-04
2.285501600000000053e+02 4.132316878231159698e-04
2.287384439999999870e+02 -2.672501492807398057e-05
2.289268040000000042e+02 9.431789615192091164e-05
2.291152429999999924e+02 2.403604058195962529e-04
2.293037410000000023e+02 2.874026156983225909e-04
2.294923339999999996e+02 5.554443428660309125e-04
2.296810049999999990e+02 4.814856737025874529e-04
2.298697540000000004e+02 3.335266082079920043e-04
2.300585800000000063e+02 5.285671514634136120e-04
2.302474650000000054e+02 3.316073949298867923e-04
2.304364459999999895e+02 6.264715060417310605e-05
2.306255050000000040e+02 1.106865099473075022e-04
2.308146409999999946e+02 4.267254780404589748e-04
2.310038370000000043e+02 8.407641412634934454e-04
2.311931280000000015e+02 2.778023217755096197e-04
2.313824960000000033e+02 7.898401110375424285e-04
2.315719430000000045e+02 4.718774988872551784e-04
2.317614480000000015e+02 1.289145920291879816e-04
2.319510490000000118e+02 6.159511973789339422e-04
2.321407279999999957e+02 2.979874063975284683e-04
2.323304850000000101e+02 2.970232190849706432e-04
2.325202999999999918e+02 3.200587370646339538e-04
2.327102120000000127e+02 3.190937621709408374e-04
2.329002000000000123e+02 5.871284011084337059e-04
2.330902670000000114e+02 5.131626386336062343e-04
2.332803930000000037e+02 3.161965763698302602e-04
2.334706140000000119e+02 5.352300313950359139e-04
2.336609129999999936e+02 9.252630900890902212e-04
2.338512890000000084e+02 2.892957575331605094e-04
2.340417250000000138e+02 9.332812010711451917e-05
2.342322570000000042e+02 4.583599948888819782e-04
2.344228659999999991e+02 5.303914784206655627e-04
2.346135519999999985e+02 4.564225707024663521e-04
2.348042979999999886e+02 2.354533581141499306e-04
2.349951399999999921e+02 7.474836577336472360e-04
2.351860590000000002e+02 4.775135661031608154e-04
2.353770550000000128e+02 9.405430832226913899e-04
2.355681299999999965e+02 4.515721989299015422e-04
2.357592630000000042e+02 7.436010199293316067e-04
2.359504919999999970e+02 6.446293531365753990e-04
2.361417989999999918e+02 3.996572900126674037e-04
2.363331829999999911e+02 3.986848356387759015e-04
2.365246270000000095e+02 6.177120763947673270e-04
2.367161659999999870e+02 5.473883443974075086e-05
2.369077829999999949e+02 3.957651961535627559e-04
2.370994770000000074e+02 4.187911666174010377e-04
2.372912310000000105e+02 5.648168322111228167e-04
2.374830800000000011e+02 7.838420150938258009e-04
2.376750069999999937e+02 5.138668016453774422e-04
2.378670109999999909e+02 6.108911969469460728e-04
2.380590750000000071e+02 2.919152873783973506e-04
2.382512340000000108e+02 8.529388950988306926e-04
2.384434709999999882e+02 4.859621064881121041e-04
2.386357859999999960e+02 5.579849215462415277e-04
2.388281589999999994e+02 3.130074418965914963e-04
2.390206290000000138e+02 6.290294693735857048e-04
2.392131760000000043e+02 2.860511056005971171e-04
2.394058009999999967e+02 3.830723454964568911e-04
2.395984840000000133e+02 1.380932906845362771e-04
2.397912640000000124e+02 2.101137429992606942e-04
2.399841209999999876e+02 8.713380406400188412e-05
2.401770559999999932e+02 5.991534687975910798e-04
2.403700680000000034e+02 2.801727422811974184e-04
2.405631390000000067e+02 5.231917159758550998e-04
2.407563069999999925e+02 6.442101967971576582e-04
2.409495510000000138e+02 5.212282914496451161e-04
2.411428740000000062e+02 1.052459846898126661e-04
2.413362549999999942e+02 3.002633832222003328e-04
2.415297319999999957e+02 2.742802939624013059e-04
2.417232869999999991e+02 5.172968083714500620e-04
2.419169200000000046e+02 4.433129264493475361e-04
2.421106110000000058e+02 3.693287498194651290e-04
2.423043979999999920e+02 2.703440853973958051e-04
2.424982630000000086e+02 4.403590246441744811e-04
2.426922059999999988e+02 4.153735675598018047e-04
2.428862070000000131e+02 2.433878157676490350e-04
2.430803050000000098e+02 3.644015711021411467e-04
2.432744800000000112e+02 6.804149351866501869e-04
2.434687319999999886e+02 3.864279080211757787e-04
2.436630440000000135e+02 8.984405759855840137e-04
2.438574509999999975e+02 6.534527612389747463e-04
2.440519370000000094e+02 5.544645450800446407e-04
2.442464990000000000e+02 5.294759427523002254e-04
2.444411210000000096e+02 6.014870355544386753e-04
2.446358380000000068e+02 6.494976456455588999e-04
2.448306340000000034e+02 4.775078543243591479e-04
